3.11135e-76 0.910823 0.0891767
2.15871e-75 0.722256 0.277744
5.12959e-75 0.940214 0.0597859
2.41749e-75 0.851668 0.148332
2.46491e-75 0.783082 0.216918
8.28401e-74 0.62018 0.37982
1.14278e-75 0.0817879 0.918212
4.30388e-75 0.980636 0.019364
2.15152e-75 0.950754 0.0492459
5.77327e-76 0.112134 0.887866
3.34084e-76 0.0502358 0.949764
9.65931e-75 0.551435 0.448565
5.7433e-76 0.500553 0.499447
1.23862e-75 0.218655 0.781345
2.09011e-76 0.0314343 0.968566
0.428439 0.580239 0
1.62721e-75 0.541377 0.458623
1.90681e-75 0.286775 0.713225
1.64173e-75 0.381848 0.618152
1.69101e-75 0.877707 0.122293
7.45548e-75 0.806775 0.193225
1.33494e-75 0.25587 0.74413
1.34032e-74 0.990846 0.00915442
3.31401e-76 0.147854 0.852146
2.86404e-75 0.862233 0.137767
4.84965e-75 0.888904 0.111096
5.92547e-75 0.424984 0.575016
1.38028e-75 0.900444 0.0995556
1.28594e-76 0.0403287 0.959671
8.74035e-76 0.528523 0.471477
3.84215e-75 0.703748 0.296252
1.28222e-75 0.565251 0.434749
0.513931 0.281593 0.227056
2.64526e-75 0.5145 0.4855
9.68903e-77 0.020897 0.979103
7.39039e-76 0.195936 0.804064
6.57416e-76 0.174295 0.825705
2.89943e-75 0.36771 0.63229
1.11419e-75 0.409084 0.590916
1.25751e-75 0.653406 0.346594
4.02324e-76 0.185871 0.814129
2.07426e-75 0.1318 0.8682
2.63822e-75 0.79425 0.20575
0.719895 0.00044837 0.290015
8.10243e-76 0.121835 0.878165
1.19827e-75 0.3185 0.6815
1.35963e-75 0.240016 0.759984
4.10353e-75 0.683901 0.316099
1.1652e-75 0.605437 0.394563
5.05152e-77 0.010623 0.989377
1.2434e-75 0.456527 0.543473
3.12373e-75 0.828731 0.171269
1.98691e-75 0.208105 0.791895
0.720704 0.0447076 0.247201
1.6746e-75 0.870122 0.129878
1.13959e-75 0.592131 0.407869
3.98514e-76 0.102124 0.897876
5.59482e-75 0.711572 0.288428
3.97348e-75 0.471489 0.528511
1.58183e-75 0.743057 0.256943
2.38646e-75 0.165232 0.834768
6.2146e-76 0.673564 0.326436
2.17707e-75 0.962044 0.0379558
0.517465 0.250621 0.255726
4.52157e-75 0.663649 0.336351
1.54339e-75 0.352422 0.647578
3.09523e-75 0.692821 0.307179
2.26662e-76 0.0710817 0.928918
4.40192e-75 0.335998 0.664002
1.56698e-75 0.303333 0.696667
1.707e-76 0.394894 0.605106
9.17413e-74 0.643439 0.356561
1.2968e-75 0.271176 0.728824
4.32701e-75 0.76385 0.23615
1.50057e-74 0.732585 0.267415
5.08133e-75 0.931369 0.0686311
7.8311e-76 0.772973 0.227027
1.70581e-76 0.579133 0.420867
7.02621e-76 0.486573 0.513427
6.56728e-76 0.0914459 0.908554
1.596e-76 0.139098 0.860902
3.94068e-75 0.439707 0.560293
0.428918 0.567213 0.0136109
3.11993e-75 0.971257 0.028743
0.24071 0.399912 0.385536
0.183101 0.247552 0.588979
2.83108e-75 0.841071 0.158929
1.09768e-75 0.229539 0.770461
0.511962 0.261719 0.241419
7.56342e-75 0.818455 0.181545
0.476889 2.28901e-05 0.528363
8.74053e-77 0.0606216 0.939378
1.39933e-74 1 0
0.507368 0.125542 0.38153
7.84337e-75 0.631069 0.368931
1 0 0
2.00061e-74 0.922405 0.0775951
0 0 1
1.73031e-75 0.753417 0.246583
3.49653e-76 0.155996 0.844004
