1.97929e-23 0.273068 0.726932
1.03695e-23 0.446052 0.553948
8.45735e-24 0.961602 0.0383982
1.87898e-23 0.380987 0.619013
0.124094 0.288777 0.602898
1.02226e-24 0.010093 0.989907
2.75566e-23 0.872188 0.127812
2.86605e-23 0.919554 0.0804464
1.13907e-23 0.478738 0.521262
2.68618e-22 0.94457 0.0554298
7.42422e-24 0.346873 0.653127
4.47248e-24 0.0487851 0.951215
3.86668e-23 0.74095 0.25905
1.91332e-23 0.52704 0.47296
5.2251e-23 0.71033 0.28967
6.19272e-23 0.725621 0.274379
6.30222e-24 0.305957 0.694043
4.51504e-23 0.63866 0.36134
3.0126e-23 0.9311 0.0688995
2.62097e-23 0.412657 0.587343
3.00722e-23 0.319898 0.680102
2.46415e-24 0.503228 0.496772
1.88375e-23 0.539199 0.460801
1.34245e-23 0.569533 0.430467
1.92026e-23 0.987747 0.0122527
1.48337e-24 0.263091 0.736909
4.90085e-24 0.214443 0.785557
3.80535e-24 0.166508 0.833492
1.20354e-23 0.125296 0.874704
1.25696e-23 0.103842 0.896158
3.95298e-24 0.185982 0.814018
2.14723e-23 0.656554 0.343446
1.38045e-23 0.457114 0.542886
3.63831e-23 0.695915 0.304085
1.84057e-23 0.887949 0.112051
3.51933e-24 0.0366384 0.963362
5.53726e-24 0.234917 0.765083
1.11445e-23 0.558803 0.441197
1.77966e-23 0.602994 0.397006
6.49006e-24 0.0693039 0.930696
1.67182e-23 0.799913 0.200087
2.34825e-23 0.363616 0.636384
6.49706e-25 0.195601 0.804399
1.4011e-23 0.435231 0.564769
3.23717e-24 0.156171 0.843829
2.56211e-24 0.225691 0.774309
1.65367e-24 0.24424 0.75576
2.18033e-23 0.51484 0.48516
3.75258e-23 0.646539 0.353461
1.06611e-23 0.489646 0.510354
0.563539 0.00304697 0.444154
5.59491e-24 0.176419 0.823581
1.42691e-23 0.423597 0.576403
2.0043e-23 0.844822 0.155178
7.24468e-24 0.771074 0.228926
1.40761e-24 0.146545 0.853455
3.66144e-24 0.0790525 0.920948
0.809563 0.200792 0
5.98196e-24 0.253784 0.746216
1.8985e-24 0.0187443 0.981256
1.37472e-23 0.591344 0.408656
1.34866e-23 0.580135 0.419865
1.76756e-23 0.858105 0.141895
1.32299e-23 0.548866 0.451134
0.463104 0.352263 0.198878
2.84381e-22 1 0
6.76998e-25 0.203818 0.796182
1.85444e-23 0.830056 0.169944
1.11263e-23 0.467624 0.532376
2.17189e-23 0.664097 0.335903
2.07846e-23 0.621021 0.378979
0.378852 0 0.631162
2.22391e-23 0.680001 0.319999
1.73536e-23 0.784784 0.215216
2.69701e-24 0.0286899 0.97131
9.00124e-24 0.39686 0.60314
0.479576 0.527778 0.000741731
0.372411 0.640306 0
2.45051e-23 0.283387 0.716613
0.122061 0.326077 0.582561
9.85887e-23 0.973385 0.0266154
6.47041e-23 0.81498 0.18502
4.32554e-23 0.611854 0.388146
2.51051e-24 0.0591283 0.940872
3.05121e-24 0.0910718 0.908928
2.57353e-22 0.904961 0.0950394
1 0 8.76477e-12
0.30958 0.320947 0.400705
0.168517 0.667413 0.18146
2.13595e-23 0.330742 0.669258
4.50858e-25 0.135736 0.864264
0.188154 0.823928 0
1.50201e-23 0.628925 0.371075
0.568223 0 0.44391
0.264848 0.751881 0
1.07737e-23 0.114689 0.885311
0.290601 0.716873 6.5252e-05
0 0 1
7.10861e-24 0.756592 0.243408
0.187827 0.773214 0.0517766
