0.55794 0.108727 0.333333
1 0 0
0.58016 0.0865071 0.333333
0.182541 0.729319 0.0881397
0.928668 0.0678538 0.00347833
0.159999 0.793934 0.0460667
0.700123 0.213913 0.085964
0.661857 0.17822 0.159923
0.480759 0.359318 0.159923
0.000883447 0.875955 0.123162
0.444741 0.332398 0.222861
0 3.04958e-22 1
0.740861 0.0473524 0.211787
0.433826 0.23284 0.333333
0.205923 0.592724 0.201353
0.540801 0.125866 0.333333
0.496293 0.486298 0.017409
0.364296 0.302371 0.333333
0.558553 0.441447 1.20715e-10
1.58938e-29 1 0
0.833858 0.106148 0.059994
0.253687 0.412979 0.333333
0.390024 0.276643 0.333333
0.341663 0.325004 0.333333
0 0.666692 0.333308
0.107524 0.559142 0.333333
0.621964 0.134776 0.24326
0.74619 0.154078 0.0997318
0.334925 0.558659 0.106416
0.17362 0.493047 0.333333
0.364076 0.635924 1.73669e-11
0.886231 0.0225075 0.0912617
0.249219 0.685089 0.0656925
0.756634 1.06743e-12 0.243366
0.578987 0.36593 0.0550821
0.275688 0.443364 0.280948
0.942095 0 0.0579053
0.698544 0.113644 0.187812
0.520278 0.366603 0.113119
0.494329 0.172338 0.333333
0.482954 0.250562 0.266484
0.0875144 0.711133 0.201353
0.397472 0.331142 0.271386
0.185391 0.558003 0.256606
0.296176 0.703824 1.52091e-09
0.27188 0.394787 0.333333
0.000624044 0.715437 0.283938
0.405068 0.393798 0.201134
0.58514 0.213726 0.201134
0.573797 0.321677 0.104527
0.842274 0 0.157726
0.29528 0.371387 0.333333
0.453458 0.441128 0.105414
0.738796 0.261194 1.04558e-05
0.643947 0.356053 0
0.298276 0.637609 0.0641148
0.376797 0.579634 0.0435691
0.64665 0.286977 0.066373
0.403152 0.499764 0.0970842
1.21202e-28 0.810705 0.189295
0.646495 0.0201721 0.333333
0.338595 0.40562 0.255786
0.78986 0.0743214 0.135818
0.349608 0.484921 0.165471
0.62064 0.248038 0.131321
0.0862858 0.580381 0.333333
0.870925 0.129074 1.00957e-07
0.474272 0.192395 0.333333
0.561722 0.171794 0.266484
0.23239 0.434276 0.333333
0.452848 0.213819 0.333333
0.237349 0.762311 0.000340349
0.10797 0.770963 0.121067
0.518578 0.148089 0.333333
0.211081 0.455586 0.333333
0.0340616 0.743884 0.222054
0.452808 0.547192 2.2353e-11
0.0718241 0.928176 1.32836e-08
0.282467 0.54062 0.176913
0.411061 0.255606 0.333333
0.626345 0.0403221 0.333333
0.0550806 0.611586 0.333333
0.190805 0.475861 0.333333
0.151962 0.514705 0.333333
0.666667 1.34337e-13 0.333333
0.530298 0.278272 0.19143
0.0244362 0.64223 0.333333
0.0575677 0.844534 0.0978983
1.49993e-29 0.943723 0.0562773
0.108569 0.64337 0.248061
0.0905576 0.867182 0.0422605
0.318115 0.348552 0.333333
0.128768 0.537898 0.333333
0.603189 0.0634773 0.333333
0.664167 0.0632495 0.272584
0.167726 0.832274 0
0.238907 0.62732 0.133773
0.798094 0.195207 0.00669853
0.158293 0.681784 0.159923
0.243342 0.515617 0.241041
