0.526247 0 0.473753
0.356535 0.391887 0.251579
0.316936 0.683064 0
0.880819 0.119181 0
0 1 0
8.09592e-05 0.103378 0.896541
0.00347851 0.235565 0.760957
7.97378e-05 0.542844 0.457076
0.184962 0.496246 0.318791
0.923085 0.0769151 0
0 0.749997 0.250003
0.0188895 0.352983 0.628128
0.0396492 0.486598 0.473753
0.0980728 0.00255346 0.899374
0.011587 0.456189 0.532224
0.224714 0.00088962 0.774397
0.17337 0.0649616 0.761668
0.644111 0.355889 0
0.276965 0.723035 0
0.419621 0.580379 0
0.305978 0 0.694022
0.159823 0.840177 0
0 0 1
0.749997 0 0.250003
0.0736509 0.213398 0.712951
0.727799 0.272201 0
0.459616 0.216746 0.323638
0.464701 0.535299 0
0.0833332 0.518599 0.398068
0.321686 0.350039 0.328275
0.677987 0 0.322013
0.383943 0.000456165 0.615601
0.333915 0.032589 0.633496
0.136709 0.180719 0.682572
1.99832e-07 0.414913 0.585087
0.61582 0.134177 0.250003
0.293302 0.285812 0.420886
0.160513 0.252681 0.586806
0.275896 0.419057 0.305047
0.235252 0.764748 0
0.0419473 0.958053 0
0.200396 0.154959 0.644645
0.620832 0.00329541 0.375872
0.416444 0.317884 0.265671
0.238159 0.204414 0.557426
0.287515 0.119149 0.593337
0.682579 0.0640988 0.253322
0.121398 0.878602 0
0.0725887 0.674674 0.252737
0.31468 0.169312 0.516008
0.224207 0.326122 0.449671
0.406394 0.126836 0.46677
0.255172 0.0781873 0.666641
0.532336 0.188547 0.279116
0.554499 0.0488195 0.396681
0.05698 0.604285 0.338735
0.209255 0.261017 0.529728
0.0190132 0.0256776 0.955309
0.151896 0.108481 0.739623
0.610787 0.078634 0.310579
0.196594 0.803406 0
0.418252 0.175709 0.406039
0.540559 0.459441 0
0.683348 0.316652 0
0.841869 0.158131 0
0.489183 0.136783 0.374034
0.769191 0.230809 0
0.451839 0.0127297 0.535432
0.108981 0.444813 0.446206
0.12146 0.551704 0.326836
0.100347 0.354141 0.545513
0.251575 0.382118 0.366307
0.4933 0.256697 0.250003
4.90397e-20 0.627973 0.372027
5.18629e-07 0.304387 0.695613
0.0689527 0.0902304 0.840817
0.0843632 0.915637 0
0.291837 0.45816 0.250003
0.382229 0.0657528 0.552018
0.476974 0.0722763 0.45075
0.328867 0.221462 0.449671
0.178885 0.434031 0.387084
0.6081 0.3919 0
0.0878876 0.132901 0.779212
1 0 0
0.503798 0.496202 0
0.391677 0.608323 0
0.544374 0.118074 0.337552
0.808037 0.191963 0
0.140497 0.609499 0.250003
0.961327 0.0386733 0
0.146899 0 0.853101
0.0834844 0.294631 0.621885
0.00286774 0.163328 0.833805
0.216542 0.531879 0.251579
0.354486 0.645514 0
0.377975 0.257746 0.364279
0.152794 0.385298 0.461908
0.00606201 0.69599 0.297948
0.574904 0.425096 0
