0.149955 0.439097 0.410948
0.772847 0.227153 0
0.265491 0.159739 0.57477
0.530788 0.469212 0
0.612004 0.387996 0
0.001501 0.378994 0.619505
8.44899e-18 0.680416 0.319584
0.149556 0.600438 0.250007
0.0634669 0.326012 0.610521
0.817291 0.182709 0
0.656645 0.343355 0
1 0 0
0.414163 0.255933 0.329904
0 0 1
0.0382652 0.961735 0
0.637876 0 0.362124
0.414221 0.585779 0
0.229851 0.363478 0.406672
0.36479 0.385204 0.250007
0.491025 0.508975 0
1.88193e-07 0.497411 0.502588
0.96931 0.0306902 0
0.0568202 0.0863704 0.856809
0.211478 0.252099 0.536424
0.564999 0.184995 0.250007
0.109862 0.575972 0.314165
0.749993 0 0.250007
0.276332 0.450163 0.273504
0.358607 0.327228 0.314165
0.186396 0.212235 0.601369
0.173136 0.0883213 0.738542
5.28778e-05 0.179178 0.820769
0.572119 0.427881 0
0.352338 3.91174e-17 0.647662
0.209438 0.43363 0.356932
0.0618363 0.191695 0.746468
0.4656 0.187994 0.346406
0.147277 0.17628 0.676443
0.0857356 0.465459 0.448806
0.372001 0.0457552 0.582244
0.0941247 2.24458e-08 0.905875
0.00870387 0.449381 0.541915
0.85705 0.14295 0
0.525156 0.0984174 0.376427
0.39238 0.147075 0.460546
0.302493 0.286438 0.411069
0.609467 0.140527 0.250007
0.511138 0.238855 0.250007
0.256449 0.0672969 0.676254
0.138813 0.373314 0.487873
5.71512e-20 0.259638 0.740362
0.558061 1.23915e-16 0.441939
5.77928e-18 0.103397 0.896603
0.162237 0.508718 0.329045
0.593944 0.022623 0.383433
0.936099 0.0639009 0
0.184745 0.815255 0
0.581364 0.0931776 0.325459
0.50292 1.20012e-10 0.49708
0.146784 0.044038 0.809178
0.441673 0.000411686 0.557915
7.11339e-18 0.572857 0.427143
0.222115 0.525458 0.252427
0.443497 0.306496 0.250007
0.0103948 0.298489 0.691116
0.379849 0.620151 0
0.149183 0.314393 0.536424
0.340373 0.659627 0
0.351649 0.222167 0.426184
0.27845 0.72155 0
0.115683 0.884317 0
0.103337 0.524476 0.372187
0.898802 0.101198 0
0.0779644 0.922036 0
0.0568383 0.390824 0.552338
0.314704 0.082584 0.602712
0.451439 0.548561 0
0.145156 0.854844 0
0.309162 0.690838 0
0.212438 0.32066 0.466902
5.58939e-17 1 0
0.238254 0.761746 0
0.673192 0.0121175 0.31469
0.225224 0.124407 0.65037
0.211349 0.000108467 0.788543
0.0921454 0.132051 0.775804
0.286942 0.378325 0.334733
0.444964 0.159512 0.395524
0.698572 0.301428 0
0.735934 0.264066 0
0.300279 0.184341 0.51538
0.671291 0.0787021 0.250007
0.0983912 0.250365 0.651243
0.291938 3.24117e-17 0.708062
0.082877 0.667116 0.250007
4.20572e-17 0.749993 0.250007
0.0227686 0.0215602 0.955671
0.416785 0.0667998 0.516416
0.0373017 0.613185 0.349513
0.486179 0.0675046 0.446317
