0.0598166 0.445821 0.494363
0.472711 0.0596457 0.467643
0.175733 0.317605 0.506663
0.134753 0.390854 0.474394
0.112325 0.222114 0.665561
0.374937 0 0.625063
0.189792 0.202871 0.607337
4.86898e-17 0.671898 0.328102
0.171749 0.15055 0.677702
0.439015 0.560985 0
0.749999 0 0.250001
0.328141 0.0770032 0.594856
0.406462 0.593538 0
0.963671 0.0363288 0
0.349224 0.285845 0.364932
9.43961e-18 0.192345 0.807655
0.389053 0.098941 0.512006
0.77749 0.22251 0
0.60926 0.0188262 0.371914
0.592895 0.157104 0.250001
0.22962 0.77038 0
0.709954 0.290046 0
0.265898 0.734102 0
0.270331 0.0607006 0.668968
0.108228 0.891772 0
0.590571 0.0890564 0.320372
9.41688e-05 0.0750065 0.924899
0.819777 0.180223 0
0.0576088 0.317647 0.624745
0.291008 0.328862 0.38013
0.0731316 0.555174 0.371694
0.109804 0.0766443 0.813552
1 0 0
0.411971 0.338028 0.250001
0.235283 0.126594 0.638123
0.163229 0.516398 0.320372
0.174033 1.5046e-08 0.825967
0.245188 2.11978e-08 0.754812
0.0816623 0.178064 0.740274
0.540263 0.079803 0.379934
0.0571135 0.00394193 0.938945
0.140631 0.103564 0.755806
0.0977836 0.484545 0.417671
0.316052 0.433947 0.250001
0.152039 0.274783 0.573178
0.288043 0.248148 0.463808
0.0344616 0.24326 0.722278
0.297871 0.702129 0
0.478627 0.26855 0.252822
0.339689 0.365016 0.295295
0.0278135 0.111901 0.860285
0.859855 0.140145 0
2.41344e-21 0.476901 0.523099
0.676094 0.000775568 0.323131
0.0852549 0.664744 0.250001
0.292217 0.136651 0.571131
0.372801 0.206795 0.420404
0.662749 0.337251 0
0.111848 2.34692e-15 0.888152
0.487946 1.87438e-13 0.512054
0.589666 0.410334 0
0.237174 0.228201 0.534625
0.257305 0.422557 0.320137
0.00037452 0.30302 0.696605
0.476702 0.523298 0
0.213278 0.378123 0.408599
0.572171 0.000497292 0.427331
3.7955e-21 0.749999 0.250001
0.307386 0 0.692614
0.512736 0.487264 0
4.10082e-17 0.551095 0.448905
0.628706 0.371294 0
0.33941 0.66059 0
0.672346 0.0705131 0.257141
0.146213 0.853787 0
1.79292e-05 0.393141 0.606841
0.250378 0.499621 0.250001
0.107624 0.595075 0.297301
0.434409 0.237633 0.327958
0.0171574 0.613757 0.369085
0.528366 0.201717 0.269917
0.372858 0.627142 0
0.0328276 0.967172 0
0.337012 0.162715 0.500272
0.422592 0.0106098 0.566799
0.179508 0.446045 0.374448
5.55274e-17 1 0
0.748538 0.251462 0
0.194514 0.805486 0
0.198545 0.0851865 0.716269
0.549573 0.450427 0
0.171568 0.578431 0.250001
0.928081 0.0719187 0
0.450446 0.141107 0.408448
0.0687779 0.931222 0
0.503729 0.16274 0.333531
0 0 1
0.0994556 0.351191 0.549353
0.238937 0.311891 0.449172
0.894344 0.105656 0
