0.333014 0.666986 0
0.666632 0.333368 2.88658e-15
0.197562 0.461677 0.340762
0.58702 0.41298 0
3.33894e-26 0.74999 0.25001
0.273955 0.251042 0.475003
0.368513 0.631487 0
0.360362 0.389628 0.25001
0.184641 0.287264 0.528094
1 0 0
0 1 0
0.409153 0.0621992 0.528648
0.114204 0.885796 9.9476e-14
0.0598118 0.071807 0.868381
0.311485 0.000989113 0.687525
0.915821 0.0841793 0
0.0744223 0.611158 0.31442
0.47686 0.176611 0.34653
0.0792679 0.326847 0.593885
0.362532 0.304205 0.333263
0.842223 0.157777 0
0.137161 0.182221 0.680618
0.220107 0.344339 0.435554
2.5296e-26 0.568195 0.431805
0.74999 0 0.25001
0.178326 0.821674 2.16271e-13
0.270744 0.387086 0.34217
0.0872204 0.269494 0.643285
0.081639 0.918361 9.17044e-14
0.197438 0.161677 0.640886
0.321937 0.305978 0.372085
0.159681 0.517127 0.323192
0 0.148726 0.851274
0.505182 0.221197 0.273622
0.236965 0.21159 0.551445
0.509872 2.55361e-11 0.490128
0.193206 0.556784 0.25001
7.93493e-07 0.656528 0.343471
0.267574 0.481746 0.25068
0.416754 0.330739 0.252507
0.227833 0.0966873 0.67548
0.803264 0.196736 2.22045e-15
0.154549 0.0305506 0.814901
0.0838577 0.389658 0.526484
0.132968 0.361675 0.505358
0.478525 0.521475 0
0.417794 0.14402 0.438186
1.07842e-17 0.437216 0.562784
0.139898 0.610092 0.25001
0.0724221 0.53291 0.394668
0.135037 0.000256644 0.864706
0.882347 0.117653 0
0.362434 0.20927 0.428296
0.213473 0.786527 1.11022e-16
0.274647 0.14701 0.578343
0.0179194 0.199857 0.782224
2.25171e-26 0.505776 0.494224
0.655881 0 0.344119
0.107444 0.46536 0.427195
0.575683 0.174263 0.250054
0.403695 0.228095 0.36821
0.639753 0.105313 0.254935
0.45449 0.0782052 0.467304
0 0.281862 0.718138
0.414171 1.58639e-14 0.585829
0.323576 0.169245 0.507179
0.166025 0.233174 0.600801
0.56802 0.000319792 0.431661
0.0142842 0.351535 0.634181
0.442153 0.557847 3.18634e-14
0.70846 0.0260168 0.265523
0.513754 0.486246 2.68896e-13
0.622954 0.377046 2.16271e-13
0.690593 0.309407 0
0.763803 0.236197 0
0.240814 6.00645e-13 0.759186
0.584812 0.0551245 0.360064
0.508911 0.100148 0.390941
0.341485 0.100452 0.558064
0.304891 0.0604126 0.634697
0.0356703 0.96433 2.22045e-16
0.252973 0.747027 0
0.405649 0.594351 1.11022e-16
0.723348 0.276652 0
0.100918 0.13234 0.766742
0.0689772 0.680945 0.250078
0.467305 0.282684 0.25001
0.95541 0.0445899 0
0.0531026 0.0156207 0.931277
0.174643 0.41963 0.405727
0.552508 0.130967 0.316525
0.548431 0.451569 0
0.0622913 0.458364 0.479345
0.303839 0.422971 0.27319
0.18031 0.0842703 0.73542
0.145842 0.854158 0
0.293503 0.706497 0
0 0 1
0.0630362 0.225591 0.711373
5.47523e-05 0.0766316 0.923314
