9.79151e-09 0.228449 0.771551
0.841479 0.158521 0
0.410704 0.339295 0.250001
0.0157379 0.113977 0.870285
0.0530129 0.256408 0.690579
0.0730447 0.00339871 0.923557
0.749999 0 0.250001
0.673814 0.064743 0.261443
0.688689 0 0.311311
0.0485636 0.337805 0.613632
0.327903 0.0939622 0.578135
0.199424 0.270304 0.530272
0.644021 0.355979 0
0.267599 0.0721507 0.66025
0.108556 0.532668 0.358776
0.794371 0.205629 0
0.397983 0.202517 0.3995
0 0.505255 0.494745
0.291655 0.708345 0
0.550639 0.120461 0.3289
0.165999 0.582931 0.25107
0.142602 0.366053 0.491345
0.604744 0.395256 0
0.0184452 0.676243 0.305311
0.509929 0.0782515 0.41182
0.238368 0.511631 0.250001
0.0544877 0.60289 0.342623
0.301455 0.22816 0.470385
9.45254e-09 0.051415 0.948585
0.474465 0.264092 0.261443
0.136985 0.221727 0.641288
0.398114 0.601886 0
0.359754 0.640246 0
0 0.400543 0.599457
0.0814394 0.124699 0.793862
2.02567e-06 0.625606 0.374392
0.218866 0.0514555 0.729679
0.184378 0.387014 0.428608
0.233261 0.766739 0
0.117481 0.882519 0
0.363189 0.144304 0.492507
0.0958999 0.0594612 0.844639
0.462622 0.537378 0
0.11254 0.309325 0.578135
0.201092 0.494783 0.304125
0.267113 0.440323 0.292564
0.534392 0.465608 0
0.401579 0.0681072 0.530314
0.282487 0.303434 0.414078
0.0760992 0.923901 0
0.30993 0.000126912 0.689943
1 0 0
0.239744 0 0.760256
0.100923 0.17735 0.721727
0.16249 0 0.83751
0.379631 0 0.620369
1.08439e-08 0.18511 0.81489
0.269 0.172995 0.558005
0.134997 0.459943 0.40506
0.15883 0.84117 0
0.434252 0.565748 0
0.32238 0.365359 0.312262
0.970436 0.0295637 0
0.473519 0.157316 0.369165
0.608244 0.141755 0.250001
0.430607 0.114128 0.455265
0.881573 0.118427 0
3.45128e-24 0.749999 0.250001
0.56663 0.43337 0
0.0642403 0.685758 0.250001
0.915917 0.0840834 0
0.359225 0.281771 0.359005
0.760487 0.239513 0
0.326559 0.42344 0.250001
0.675511 0.324489 0
0.0122209 0.536692 0.451087
0.196455 0.803545 0
0.322682 0.677318 0
0.231282 0.293148 0.47557
0.227627 0.162246 0.610127
0.15268 0.0846634 0.762656
0.497706 0.502294 0
0.591018 0.0730672 0.335915
0.534735 0 0.465265
0.606603 0 0.393397
0.230404 0.410008 0.359588
0.474085 0.0419643 0.483951
0 1 0
0.715102 0.284898 0
0.447791 0.00349213 0.548717
0.000286008 0.315301 0.684413
0.123329 0.596508 0.280163
0 0 1
0.0359774 0.406018 0.558005
0.431596 0.240731 0.327673
0.261876 0.738124 0
0.54732 0.202679 0.250001
0.036433 0.963567 0
0.180878 0.141074 0.678048
0.0914175 0.44216 0.466423
