0.294539 0.00450356 0.700958
4.92221e-25 0.75 0.25
0.0851289 1.63208e-07 0.914871
0.425588 0.198194 0.376218
0.137957 0.0175187 0.844525
0.322181 0.127785 0.550034
0.591752 0.408248 0
0.136309 0.863691 0
0.6289 0.1211 0.25
0 0 1
0.684137 0.053415 0.262448
0.672544 0 0.327456
0.540749 0.0901012 0.36915
0.414463 0.326883 0.258655
0.194587 0.805413 0
0.292512 0.193174 0.514314
0.0432543 0.174505 0.78224
0.106403 0.361224 0.532373
4.22002e-06 0.468568 0.531428
0.413684 0.586321 8.52472e-07
0.118873 0.546172 0.334954
0.21243 1.54722e-11 0.78757
1 0 0
0.45035 0.549652 3.81422e-07
4.49281e-25 0.684573 0.315427
0.771231 0.228769 0
0.424609 0.0782485 0.497143
0.583559 0 0.416441
0.356202 0.393798 0.25
0.069463 0.0943827 0.836154
0.172036 0.135181 0.692783
0.805807 0.194193 0
0.0520079 0.627549 0.320443
0.732236 0.267764 0
0.872341 0.127659 0
0.339987 0.268144 0.391869
0.55541 0.19211 0.25248
0.523581 0.0205533 0.455865
0.664367 0.335633 0
0.202301 0.243654 0.554045
0.83791 0.16209 0
0.00112338 0.341202 0.657674
0.962415 0.0375847 0
0.315605 0.231091 0.453304
4.25521e-05 0.13479 0.865167
0.232198 0.767802 0
0.630043 0.369957 0
0.29955 0.70045 0
0.342325 9.98199e-07 0.657674
0.0864713 0.196503 0.717026
5.3358e-07 0.607643 0.392357
0.162784 0.837216 0
0.0180293 0.0478066 0.934164
0.228974 0.0575681 0.713458
0.0324406 0.967559 0
0.126618 0.231276 0.642106
0.177232 0.404271 0.418497
0.103716 0.896284 0
0.333094 0.666906 0
0.0824677 0.314588 0.602944
0.241407 0.272293 0.4863
0.75 0 0.25
0.283751 0.0862936 0.629955
0.45895 0.108362 0.432688
0.193647 0.175745 0.630608
0.271532 0.728468 0
0.467569 3.34265e-10 0.532431
0.221377 0.528012 0.250611
0.404309 0.275248 0.320443
0.519393 0.480607 0
0.25128 0.154438 0.594282
0.269904 0.342833 0.387263
0.284988 0.447548 0.267464
0.0150634 0.402315 0.582622
0.0649845 0.935015 0
0.0574197 0.536503 0.406077
0.0214403 0.284043 0.694517
0.158904 0.320719 0.520376
4.70141e-06 0.522019 0.477977
0.906862 0.0931382 0
0.201481 0.345465 0.453054
0.50875 0.165131 0.326119
0.607236 0.0723216 0.320443
0.31802 0.361108 0.320871
0.370143 0.629857 0
0.0768029 0.673197 0.25
0.0784832 0.429531 0.491986
0.221403 0.43725 0.341348
0.701915 0.298085 0
0.129364 0.10539 0.765245
0.489656 0.260344 0.25
0.551334 0.448666 0
0 1 0
0.3769 0.0415787 0.581521
0.386133 0.15315 0.460717
1.64006e-25 0.249897 0.750103
0.111909 0.487388 0.400703
0.486215 0.513785 0
0.183297 0.495267 0.321436
0.141014 0.605729 0.253258
