0.112879 0.477831 0.40929
0.364111 0.180291 0.455598
0.553328 0.00714548 0.439526
0.450371 0.091027 0.458602
0.523681 0.476319 0
4.27221e-17 0.749998 0.250002
0.0763017 0.322083 0.601615
0 0 1
0.841118 0.158882 0
0.0634933 0.631446 0.305061
0.622485 0.127514 0.250002
0.777626 0.222374 0
1 1.11022e-16 0
0.0316428 0.530166 0.438191
0.134129 0.403638 0.462234
0.334354 0.347313 0.318333
0.222094 0.471191 0.306715
0.0373865 0.164925 0.797688
0.593049 0.406951 0
0.0749612 0.261066 0.663973
0.504127 0.151155 0.344719
0.352245 0.647755 0
0.924337 0.0756626 0
0.201 0.355353 0.443647
0.424593 1.41418e-16 0.575407
0.0560622 0.385044 0.558894
0.813179 0.186821 0
0.421065 0.328933 0.250002
0.318949 0.681051 0
0.190978 0.809022 0
0.147689 0.533239 0.319072
0.877788 0.122212 0
0.229766 0.296942 0.473292
0.558713 0.191284 0.250003
0.541118 0.0728392 0.386043
0.00528082 0.0604088 0.93431
0.30573 7.01955e-06 0.694263
0.085833 0.561304 0.352863
0.0811921 0.668763 0.250045
0.281305 0.445434 0.27326
0.620072 4.06749e-05 0.379887
0.502193 1.15304e-05 0.497795
0.0430105 0.956989 0
1.05477e-11 0.256549 0.743451
0.0826796 0.461258 0.456063
0.347701 0.0279658 0.624334
0.57535 0.0897313 0.334919
0.735358 0.264642 0
0.269375 0.0837749 0.64685
0.490494 0.509506 0
0.237301 1.55662e-05 0.762684
0.153842 0.846158 0
0.69714 0.30286 0
0.408415 0.23149 0.360095
0.086661 0.0767054 0.836634
0.470556 0.277899 0.251545
0.31124 0.11987 0.56889
2.92764e-15 0.678392 0.321608
0.396888 0.0635234 0.539589
0.134656 0.109581 0.755762
0 1 0
0.298981 0.309535 0.391485
0.0740713 0.00597055 0.919958
0.157919 0.283187 0.558894
0.284099 0.715901 0
0.0850381 0.914962 0
3.59634e-11 0.415627 0.584373
0.632097 0.367903 0
0.240262 0.509736 0.250002
0.233892 0.766108 0
0.188464 0.434741 0.376795
0.183751 0.133701 0.682548
3.95681e-11 0.598108 0.401892
0.145343 1.61363e-17 0.854657
0.48595 0.217653 0.296397
0.0932845 0.193999 0.712716
0.000895764 0.352254 0.64685
0.117531 0.882469 0
0.661602 0.338398 0
0.685049 0.0605819 0.254369
0.249451 0.391865 0.358684
0.387078 0.612922 0
0.260199 0.220555 0.519247
0.333897 0.162162 0.503941
0.558095 0.441905 0
0.962442 0.0375582 0
0.452642 0.547358 0
8.77828e-06 0.13329 0.866701
0.150722 0.22895 0.620328
0.749998 8.32665e-17 0.250002
0.224372 0.168731 0.606897
0.345994 0.401757 0.252248
0.174953 0.0366244 0.788423
0.16162 0.588379 0.250002
0.666903 0.0137263 0.319371
0.130905 0.345663 0.523431
0.317623 0.252527 0.42985
0.434266 0.171571 0.394162
0.420265 0.579735 0
1.94848e-14 0.495852 0.504148
