1 0 0
0.0757749 0.924225 0
0.00046567 0.691485 0.30805
0.64862 0.35138 0
0.332875 0.1883 0.478824
0.314231 0.685769 0
0.270214 0.138247 0.59154
0.362255 0.297625 0.34012
0.268438 1.52938e-05 0.731547
0.151238 0.103041 0.745721
0.6732 0.3268 0
0.0802603 0.256809 0.662931
0.854221 0.145779 0
0.103455 0.0612664 0.835279
0.227841 0.0690207 0.703138
0 0 1
0.337252 8.27495e-08 0.662748
0.437516 0.245548 0.316936
0.742784 0.257216 0
0.211555 0.538445 0.25
0.0668282 0.383207 0.549965
0.288423 0.057823 0.653754
0.525703 0.0821426 0.392155
0.375124 0.110022 0.514853
0.451242 0.548758 0
0.925491 0.0745091 0
0.75 0 0.25
0.490563 0.00533582 0.504101
0.00641109 0.348404 0.645185
0.137575 0.47027 0.392155
0.200937 0.799063 0
0.226353 0.28972 0.483927
0.0952363 0.31262 0.592144
0.0209112 0.228021 0.751068
0.624556 0.0960955 0.279348
1.27576e-08 0.179278 0.820722
5.32024e-11 0.501903 0.498097
0.448041 0.0700077 0.481951
0.0581282 0.00406657 0.937805
0.470362 0.279637 0.25
0.258251 0.473431 0.268318
0.26296 0.226521 0.510519
0.411309 0.588691 0
0.499804 0.167292 0.332904
0.0938294 0.545494 0.360677
0.277834 0.722166 0
0 1 0
0.224133 0.413528 0.362339
0.587438 0.412562 0
0.0786104 0.135861 0.785529
0.338721 0.411278 0.25
0.415113 0.332798 0.252089
0.186339 0.38609 0.427572
0.31515 0.258934 0.425917
0.889223 0.110777 0
0.553711 0.446289 0
0.961229 0.038771 0
0.342975 0.0690706 0.587955
0.590227 0.0624105 0.347363
0.14238 0.588338 0.269282
0.566576 0 0.433424
0.196534 0.00127713 0.802189
0.0376772 0.962323 0
0.294041 0.385492 0.320467
0.696138 0.0538617 0.25
0.207738 0.141483 0.650779
0.172282 0.502459 0.325259
0.0485252 0.518464 0.433011
0.439376 0.134629 0.425995
0.1616 0.8384 0
0.713312 0.286688 0
0.239368 0.760632 0
1.84364e-11 0.422478 0.577522
0.522632 0.477368 0
0.551465 0.198535 0.25
0.818289 0.181711 0
0.0833655 0.435977 0.480657
6.11212e-12 0.0776638 0.922336
0.0351525 0.642701 0.322146
0.122768 0.178018 0.699214
8.19684e-06 0.294611 0.705381
0.16623 0.332484 0.501286
0.484639 0.515361 0
0.42701 2.32542e-05 0.572967
1.14038e-10 0.593197 0.406803
0.621632 0.378368 0
0.598708 0.151292 0.25
0.0786336 0.671366 0.25
0.0310035 0.111322 0.857675
0.144271 0.228485 0.627244
0.34805 0.65195 0
0.203101 0.22183 0.575068
0.393896 0.213855 0.392249
0.121315 0.878685 0
0.268193 0.338084 0.393722
0.655221 8.14414e-12 0.344779
0.780213 0.219787 0
0.123469 3.78268e-05 0.876493
0 0.75 0.25
0.381192 0.618808 0
