0.321695 0.317696 0.360609
0.148898 0.220583 0.630519
0.378697 0.371238 0.250065
0 0 1
0.289246 7.38593e-16 0.710754
0.301746 0.430413 0.267841
0.197031 0.436755 0.366214
0.37703 0.0755764 0.547393
0.332872 0.14595 0.521178
0.427159 0.230458 0.342383
0.0969832 0.169817 0.733199
0.50855 0.194137 0.297314
0.293164 0.20262 0.504216
0.000359686 0.209184 0.790456
6.65379e-13 0.566762 0.433238
0.453173 0.546827 0
0.0925496 0.309144 0.598307
7.0331e-06 0.398341 0.601652
0.258426 0.278271 0.463303
0.0849174 0.391049 0.524034
0.13462 0.598522 0.266858
0.599659 0.0308316 0.36951
0.645081 0.354919 0
0.376616 0.623384 0
4.29361e-11 0.122492 0.877508
0.662673 0 0.337327
0.117905 0.882095 0
0.332383 0.0206925 0.646925
0.56247 0.108526 0.329003
0.0217127 0.0373349 0.940952
0.188127 0.131335 0.680538
0.403501 0.303935 0.292563
1.09345e-22 0.75 0.25
0.411148 0.588852 0
0.594624 0.405376 0
0.500269 0.499731 0
0.423392 0.118586 0.458022
5.238e-13 0.339284 0.660716
0.272477 0.727523 0
0.336581 0.222445 0.440974
0.221294 0.039099 0.739607
0.513549 0.0641287 0.422322
0.0837159 0.916284 0
0.130391 0.413722 0.455887
0.340477 0.659523 0
0.0999719 0.000554986 0.899473
0.0642229 0.0739454 0.861832
0.014412 0.268278 0.71731
0.0809105 0.250571 0.668518
0.747282 0.252718 0
0.236232 0.185058 0.578711
0.198212 0.551788 0.25
0.0450514 0.150237 0.804711
0.0652622 0.348077 0.586661
0 1 0
0.674278 0.325722 0
0.359965 0.271142 0.368892
0.237461 0.762539 0
0.888533 0.111467 0
0.10288 0.548709 0.348411
0.643636 0.106364 0.25
0.13183 0.0835041 0.784666
0.165673 0.513072 0.321255
0.38992 0.170963 0.439117
0.569987 0.179947 0.250065
0.533402 0.466598 0
0.477855 0.152555 0.369589
0.116185 0.478525 0.405291
0.857398 0.142602 0
0.275854 0.0997977 0.624349
0.27299 0.389395 0.337616
0.178076 0.000623492 0.8213
0.166968 0.356381 0.47665
0.191523 0.278182 0.530295
0.0671669 0.612968 0.319866
0.263851 0.486012 0.250137
0.228972 0.344808 0.426221
0.75 8.32667e-17 0.25
0.549872 0 0.450128
1.20537e-05 0.682697 0.317291
7.74631e-12 0.474779 0.525221
0.455072 0.0688252 0.476103
0.48305 0.266885 0.250065
0.3089 0.6911 0
1 0 0
0.200067 0.799933 0
0.62531 0.0748252 0.299865
0.466997 0.00185774 0.531145
0.919464 0.0805356 0
0.784872 0.215128 0
0.951099 0.048901 0
0.0580921 0.49284 0.449068
0.563149 0.436851 0
0.393479 5.78635e-07 0.60652
0.821585 0.178415 0
0.0355458 0.964454 0
0.078042 0.671958 0.25
0.160433 0.839567 0
0.709448 0.290552 0
2.90746e-12 0.617112 0.382888
