0.0805373 0.325569 0.593894
0 0 1
0.019847 0.682207 0.297946
0.693408 0.306592 0
0.644934 7.1602e-17 0.355066
0.891255 0.108745 0
0.582202 0 0.417798
0.627159 0.372841 0
0.0811247 0.535172 0.383704
0.389392 0.610608 0
0.363639 0.299261 0.3371
4.40508e-17 0.749999 0.250001
0.215039 0.328917 0.456043
0.0340054 0.965995 0
0.0573392 0.388661 0.554
0.0475724 0.0115085 0.940919
4.56198e-06 0.336663 0.663333
1 0 0
0.127907 0.599354 0.272739
0.477848 0.272151 0.250001
0.0960735 0.43196 0.471967
0.121468 1.04108e-09 0.878532
0.317618 0.212551 0.469831
0.340427 0.409572 0.250001
0.659947 0.340053 0
0.262802 0.476222 0.260977
0.0870534 0.574283 0.338664
0.811244 0.188756 0
5.47251e-08 0.225451 0.774549
2.4541e-06 0.559314 0.440683
0.1963 0.22407 0.57963
0.000898469 0.609545 0.389556
0.77563 0.22437 0
0.284925 0.715075 0
0.355607 0.644393 0
1.12067e-07 0.0838815 0.916118
0.419464 0.0748207 0.505715
0.342665 0.270607 0.386728
0.484484 0.155936 0.35958
0.0701363 0.195535 0.734329
0.531243 0.0888791 0.379878
0.148881 0.851119 0
0.0734646 0.926535 0
0.222208 0.441182 0.33661
0.439087 0.130581 0.430332
0.927117 0.0728831 0
0.234964 0.262704 0.502332
0.737627 0.262373 0
0.154961 0.30088 0.544159
5.57353e-17 1 0
0.584535 0.415465 0
0.27987 0.30179 0.41834
0.567395 0.182604 0.250001
0.684245 0.0244848 0.29127
0.28127 0.0741866 0.644544
0.317412 1.85168e-09 0.682588
0.359404 0.144165 0.496431
0.204312 0.0846253 0.711062
0.257342 3.69852e-06 0.742654
0.248322 0.751678 0
0.139142 0.46474 0.396118
0.255112 0.386046 0.358842
0.000368245 0.162424 0.837208
0.15404 0.368426 0.477534
0.112758 0.887242 0
0.145932 0.0461541 0.807914
0.288881 0.184422 0.526698
0.202782 0.547014 0.250204
0.227071 0.155112 0.617817
0.32054 0.67946 0
0.395018 0.343938 0.261044
0.0700776 0.0810171 0.848905
0.309037 0.378805 0.312158
0.660345 0.0896535 0.250001
0.437946 4.86218e-17 0.562054
0.105159 0.122125 0.772716
0.850947 0.149053 0
0.37406 0.00333271 0.622607
0.969635 0.0303647 0
1.99921e-07 0.440887 0.559113
0.0817315 0.668065 0.250204
0.489891 0.510109 0
0.204043 0.00901085 0.786946
0.457194 0.542806 0
0.438722 0.242386 0.318892
0.0322664 0.272765 0.694969
0.397394 0.203153 0.399453
0.524652 0.202608 0.272739
0.326294 0.0940758 0.57963
0.422797 0.577203 0
0.186079 0.813921 0
0.105823 0.253101 0.641076
0.749999 0 0.250001
0.537625 0.462375 0
0.167957 0.50951 0.322533
0.215325 0.784675 0
0.593373 0.110375 0.296252
0.141328 0.172417 0.686255
0.508353 0.00988299 0.481764
0.00813973 0.485767 0.506093
