0.15583 0.000443623 0.843726
0.583043 0.146316 0.270641
6.91019e-06 0.273835 0.726159
0.338272 0.258522 0.403206
0.0310265 0.206605 0.762369
0.0130197 0.0388773 0.948103
0.755507 0.244493 0
0.224517 0.775483 0
1.94641e-05 0.463913 0.536067
0.888709 0.111291 0
0.0639539 0.332475 0.603571
0.160955 0.219022 0.620023
0.102396 0.510926 0.386677
0.75 0 0.25
0.693691 0.306309 0
0.312115 0.366909 0.320976
0.462277 0.129251 0.408472
0.586399 0.413601 0
0.178386 0.821614 0
0.0333791 0.493673 0.472948
0.351159 0.196078 0.452763
0.501685 0 0.498315
0.265959 1.54765e-05 0.734026
0.462314 0.272683 0.265002
0.28662 0.113549 0.599832
1.1318e-07 0.169761 0.830238
0.256762 0.271515 0.471722
0.679441 0 0.320559
0.120911 0.161551 0.717538
0.0139818 0.408858 0.57716
0.603048 0 0.396952
0.0797866 2.71139e-10 0.920213
0.144989 0.347303 0.507707
0.0625477 0.581818 0.355634
0.819107 0.180893 0
0.627444 0.0566773 0.315879
0.238759 0.203167 0.558075
0.408638 0.591362 0
0.222839 0.0803987 0.696762
0.0790325 0.63476 0.286208
0.529701 0.0447008 0.425598
2.03552e-22 1 0
0.442717 0.557283 0
0.412382 0 0.587618
0.22385 0.52615 0.25
0.129556 0.294981 0.575463
0.28444 0.328622 0.386938
0.478293 0.521707 0
0.921253 0.0787468 0
6.30769e-08 0.0946106 0.905389
0.0794913 0.920509 0
0.129608 0.549529 0.320863
0.371236 0.0764413 0.552322
1 0 0
0.197774 0.276477 0.52575
0.540087 0.209913 0.25
0.232443 0.424168 0.343388
0 0.75 0.25
0.179008 0.0468285 0.774164
0.342404 0.407596 0.25
0.38323 0.61677 0
0.785721 0.214279 0
0.101128 0.422318 0.476554
0.555024 0.0893937 0.355582
0.32972 0.0140647 0.656215
0.0793074 0.124085 0.796607
0.674628 0.0753719 0.25
0.337008 0.662992 0
0.476188 0.173775 0.350037
0.0970547 0.239991 0.662955
0.658576 0.341424 0
0.19803 0.148355 0.653615
0.424418 0.0995174 0.476065
1.36757e-22 0.62607 0.37393
0 0.354835 0.645165
0.419768 0.226678 0.353554
0.187284 0.5037 0.309016
0.304606 0.161187 0.534208
0.377201 0.300291 0.322508
0.140184 0.609816 0.25
0.27669 0.460703 0.262607
0.0338473 0.966153 0
0.513136 0.486864 0
0.409206 0.340794 0.25
0.621873 0.378127 0
0.255253 0.744747 0
0 0 1
0.0635887 0.079473 0.856938
0.197162 0.377239 0.425598
0.115774 0.884226 0
0.554619 0.445381 0
0.961136 0.0388635 0
0 0.550369 0.449631
0.727047 0.272953 0
0 0.686552 0.313448
0.152699 0.847301 0
0.0436692 0.706331 0.25
0.145766 0.450977 0.403257
0.846319 0.153681 0
0.297529 0.702471 0
