0.220053 0.779947 0
0.749998 0 0.250002
0.103362 0.505541 0.391097
0.0922803 0.583283 0.324437
0.426801 0.573199 0
0.305587 0.426285 0.268128
0 0.749998 0.250002
0.419647 0.00191822 0.578435
6.26096e-16 0.373406 0.626594
0.113514 0.886486 0
0.724568 0.275432 0
0.0964691 0.150029 0.753501
0.689401 0.310599 0
0.476018 0.128192 0.39579
0.0826984 0.208568 0.708733
0.117589 0.262439 0.619972
0.0124718 0.422906 0.564622
0.21129 0.45595 0.33276
0.084851 0.00380867 0.91134
0.32314 0.331863 0.344997
0.177628 0.155923 0.666449
0.163599 0.0877603 0.748641
0.672204 0.0777629 0.250034
0.465012 0.283836 0.251153
0.103505 0.0820431 0.814452
0.494034 0.226713 0.279253
0.583624 0.416376 0
2.89635e-13 0.555894 0.444106
0.0865559 0.452423 0.461021
0.508615 0.054413 0.436972
0.251146 0.748854 0
0.559909 0.08753 0.352561
0.490867 4.45381e-06 0.509128
0.364236 0.244723 0.391041
0.252315 0.250004 0.497681
0.0133872 0.0390191 0.947594
0.553253 8.80375e-06 0.446738
0.147621 0.602377 0.250002
0.614836 0.00763025 0.377533
0.0720647 0.927935 0
0.0228147 0.624555 0.352631
8.10394e-06 0.492281 0.507711
0.657394 0.342606 0
0.601674 0.102066 0.296261
0.367777 4.08315e-17 0.632223
0.251075 0.498903 0.250022
0.0270461 0.308116 0.664838
0.402774 0.282677 0.314549
2.10772e-14 0.117386 0.882614
0.190242 0.210832 0.598926
0.289802 0.290825 0.419373
0.576293 0.173632 0.250075
0.838385 0.161615 0
0.146488 1.62635e-17 0.853512
0.0308167 0.145181 0.824002
0.352983 0.647017 0
0.166985 0.52747 0.305545
0.556907 0.443093 0
0.969396 0.0306037 0
5.10665e-16 0.214332 0.785668
0.315394 0.684606 0
0.905514 0.0944864 0
0.940449 0.0595508 0
0.327273 0.212658 0.460069
0.667524 0 0.332476
0 0 1
0.282785 0.717215 0
0.309471 0 0.690529
0.207621 0.335691 0.456688
0.335037 0.0653083 0.599655
0.624413 0.375587 0
0.163853 0.290267 0.54588
0.522173 0.477827 0
0.115005 0.366314 0.518681
0.290718 0.150248 0.559034
2.15531e-16 0.271296 0.728704
0.0728174 0.677181 0.250002
1 0 0
0.3816 0.368398 0.250002
0.225181 0.0661935 0.708626
8.94489e-06 0.6823 0.317692
0.238032 5.28536e-17 0.761968
0.762483 0.237517 0
0.251032 0.37616 0.372808
0.438857 0.0688611 0.492282
0.185245 0.814755 0
0.403154 0.161979 0.434867
0.799717 0.200283 0
0 1 0
0.872991 0.127009 0
0.389646 0.610354 0
0.468027 0.531973 0
0.269483 0.0883877 0.642129
0.448364 0.206437 0.345198
0.028736 0.971264 0
0.536354 0.161598 0.302048
0.170641 0.426573 0.402787
0.0743116 0.340339 0.585349
0.154134 0.845866 0
0.361698 0.121957 0.516346
