0.473807 0.185271 0.340922
0.303505 0.696495 0
0.550879 0.449121 0
0 0.202193 0.797807
0.0272153 0.401212 0.571573
0.885104 0.114896 0
0.188542 0.491505 0.319953
0.224674 0.275816 0.49951
0.17311 0.35266 0.47423
0.309694 0.347913 0.342393
0.0651945 0.0940217 0.840784
0.201391 0.798609 0
0.00782223 0.0392874 0.95289
0.277797 0.424687 0.297516
0.68118 0.030939 0.287881
0.277933 0.0933204 0.628746
0.321219 0.113818 0.564963
0.270814 0.729186 0
0.700067 0.299933 0
1 0 0
0 0 1
0.218757 0.141493 0.63975
3.20106e-22 0.666335 0.333665
0.951982 0.0480178 0
0.141095 1.8629e-08 0.858905
0.323963 0.272456 0.403581
0.142951 0.164608 0.692441
0.653973 6.68739e-07 0.346027
0.509734 0.0813247 0.408941
0.237434 0.762566 0
0 1 0
8.32567e-05 0.125105 0.874812
0 0.349538 0.650462
0.75 0 0.25
0.664737 0.335263 0
0.126395 0.873605 0
0.360908 0.032696 0.606396
0.0315633 0.968437 0
0.602201 0.102426 0.295373
0.00215556 0.285233 0.712611
0.168967 0.219479 0.611554
0.363473 0.636527 0
0.0603023 0.482554 0.457143
0.0931333 0.126555 0.780312
0.0612343 0.588222 0.350543
0.0405112 0.208159 0.75133
0.229545 0.060705 0.70975
0.590479 0.409521 0
0.475947 0.0690346 0.455018
0.33366 5.48472e-07 0.666339
0.39229 0.35771 0.25
0.00154298 0.450942 0.547515
0.419531 0.147989 0.43248
0.513762 0.236238 0.25
0.135825 0.439518 0.424658
0.39424 0.60576 0
0.334123 0.665877 0
0.808168 0.191832 0
0.261952 0.196869 0.541179
0.25037 0.323909 0.425721
0.33225 0.19358 0.47417
0.0611838 0.938816 0
0.571592 0.178408 0.25
2.96845e-17 0.527024 0.472976
0.0736684 0.676332 0.25
0.45293 0.283895 0.263175
0.0967321 0.533737 0.369531
0.143535 0.304979 0.551487
0.657184 0.0887702 0.254046
0.39069 0.0934066 0.515903
0.523203 0.129272 0.347524
0.0764991 0.0138937 0.909607
0.0900224 0.247481 0.662496
0.395365 0.237844 0.366791
0.0902084 0.909792 0
0.775672 0.224328 0
0.283705 2.77854e-07 0.716295
0.168926 0.831074 0
0.512603 6.76794e-08 0.487397
0.159312 0.0893576 0.75133
0.626285 0.373715 0
0.0635301 0.333072 0.603398
0.319233 0.430767 0.25
4.22436e-17 0.75 0.25
0.918802 0.0811975 0
0.738053 0.261947 0
0.100901 0.399282 0.499817
0.155495 0.594505 0.25
0.205723 0.00143247 0.792844
0.590325 0.0145903 0.395085
0.0121651 0.572807 0.415028
0.373458 0.313251 0.313291
0.516692 0.483308 0
0.234681 0.398959 0.36636
0.476395 0.523605 0
0.844859 0.155141 0
0.435863 0.564137 0
0.120426 0.582058 0.297516
0.431487 0.00354974 0.564963
0.226295 0.523705 0.25
