0.08977 0.91023 0
0.336099 0.4139 0.250001
0.11167 0.30633 0.582
0.512204 0.15262 0.335177
0.0914107 0.112271 0.796318
0.0722359 0.180433 0.747331
0.0611017 0.0113083 0.92759
0.75511 0.24489 0
0.967415 0.032585 0
0.314715 0.135418 0.549867
0.17508 0.0707524 0.754168
0.0667552 0.67687 0.256375
1.85464e-24 1 0
0.561562 6.92119e-11 0.438438
0.33961 0.000251992 0.660138
0.317794 0.682206 0
0.568385 0.431615 0
0.0799789 0.566444 0.353577
0.396405 0.0847099 0.518885
0.369736 0.335555 0.294709
0.454179 0.15918 0.386641
0.356668 0.643332 0
0.287942 0.320618 0.39144
0.749999 0 0.250001
0.117841 0.882159 0
0.369167 0.261019 0.369814
0.184475 0.175375 0.64015
0.0976872 0.369076 0.533237
0.232801 2.95769e-05 0.767169
0.567669 0.123401 0.30893
0.0975143 0.501056 0.401429
0.165729 0.265365 0.568906
0.546245 0.453755 0
0.605602 0.0123878 0.38201
0.0018244 0.164109 0.834067
0.896096 0.103904 0
0.234894 0.282547 0.482559
0.0149479 0.53341 0.451642
4.40906e-05 0.233675 0.766281
0.0492888 0.950711 0
0.172955 0.326153 0.500892
1 0 0
0.428662 0 0.571338
0.333084 0.232615 0.434302
0.403475 0.596525 0
0.457044 0.0976682 0.445288
0.271763 0.0334802 0.694757
0.241296 0.10885 0.649854
0.279396 0.204395 0.516209
2.88894e-05 0.66159 0.338381
0.0250821 0.348264 0.626654
0.684144 0.315856 0
0 0 1
0.670845 1.40672e-08 0.329155
0.613656 0.386344 0
0.116455 0.223096 0.660449
8.58215e-11 0.399428 0.600572
0.482673 0.0199052 0.497421
0.336328 0.0739063 0.589766
0.460778 0.228493 0.310729
0.436071 0.563929 0
0.0639465 0.078169 0.857884
0.031988 0.257197 0.710815
0.149625 0.410447 0.439928
0.197466 0.448957 0.353577
0.26835 0.437841 0.293809
0.163616 0.836384 0
0.564141 0.185858 0.250001
0.166273 0.571568 0.26216
0.511912 0.237647 0.250441
0.238946 0.174803 0.58625
0.151174 0.524685 0.324141
0.472548 0.527452 0
0.155683 0.133501 0.710815
0.936025 0.0639755 0
0.433259 0.316741 0.250001
0.227289 0.367264 0.405447
0.119256 0.630743 0.250001
2.46759e-11 0.0894821 0.910518
4.7116e-10 0.599441 0.400559
0.857495 0.142505 0
0.233506 0.766494 0
4.32333e-11 0.320711 0.679289
0.700515 0.0380088 0.261476
0.274644 0.725356 0
0.53212 0.0772793 0.3906
0 0.749999 0.250001
0.718234 0.281766 0
0.645405 0.104594 0.250001
1.85726e-11 0.47203 0.52797
0.142116 4.10277e-10 0.857884
0.192004 0.807996 0
0.794233 0.205767 0
0.242119 0.50788 0.250001
0.514553 0.485447 0
0.297442 0.3674 0.335158
0.821227 0.178773 0
0.648802 0.351198 0
0.366698 0.171693 0.461609
0.0664145 0.439444 0.494141
