0.119645 0.880355 0
0.0315746 0.204335 0.76409
0.0468468 0.316706 0.636447
0.633584 0.366416 0
0.635492 0 0.364508
0.272496 0.273405 0.4541
0.0496931 0.567388 0.382918
0.268599 0.731401 0
0.330115 0.114702 0.555183
0.7782 0.2218 0
0.15625 0.330867 0.512883
6.28934e-05 0.282271 0.717666
0.0888483 0.594114 0.317038
0.367369 0 0.632631
0.483721 0.266278 0.250001
0.639375 0.110625 0.250001
0.317764 0.430928 0.251308
0.189731 0.810269 0
0.0823968 0.35457 0.563033
0.303821 0.696179 0
1 0 0
0.444226 0 0.555774
0.691348 0.0530159 0.255636
0.0578912 0.439696 0.502413
0.206623 0.234819 0.558558
0.145471 0.398514 0.456015
0.256894 0.411811 0.331295
0.299771 0.000837452 0.699391
0 0.75 0.25
0.238157 0.346208 0.415636
0.585777 0.068451 0.345772
0.224835 0.775165 0
9.35336e-06 0.108751 0.891239
0.350306 0.224493 0.425201
0.67523 0.00603647 0.318734
0.849199 0.150801 0
0.227855 0.0338335 0.738311
0.669464 0.330536 0
0.158742 0.0754812 0.765776
0.567462 0 0.432538
0.488995 0.511005 0
0.75 0 0.25
0.0719133 0.110761 0.817325
0.000140218 0.387169 0.612691
0.0757022 0.489488 0.43481
0.301806 0.179375 0.518818
0.0822812 0.917719 0
0.119293 0.164898 0.715808
0.0200817 0.0453002 0.934618
0.165303 0.44312 0.391577
0.499309 0.132406 0.368285
0.430176 0.317833 0.251991
0 1 0
0.600592 0.399408 0
0.74087 0.25913 0
8.48863e-07 0.167398 0.832601
0.155013 0.844987 0
0.131317 0.276407 0.592276
0.0395994 0.960401 0
0.077882 0.67203 0.250089
8.13116e-07 0.637521 0.362479
0.927454 0.072546 0
0.169094 0.580904 0.250001
0.156649 0.206904 0.636447
0.449491 0.0583226 0.492187
0.195852 0.127364 0.676784
0.372423 0.288984 0.338593
0.239698 0.175168 0.585134
0.00767191 0.686521 0.305807
0.268873 0.0755442 0.655583
0.567494 0.145419 0.287087
0.96386 0.0361397 0
0.514017 0.0753083 0.410675
0.543481 0.206519 0.250001
0.0728934 0.249692 0.677414
0.107469 0.032193 0.860338
0.203277 0.495097 0.301626
0.245769 0.504101 0.250131
0.0812691 1.98483e-08 0.918731
0.525778 0.474222 0
0.468995 0.19971 0.331295
0.378992 0.621008 0
0.566545 0.433455 0
0 0.538157 0.461843
0.376965 0.060002 0.563033
0 0 1
0.705014 0.294986 0
0.420204 0.579796 0
0.00187077 0.458401 0.539728
0.424095 0.159072 0.416833
0.393308 0.124157 0.482534
0.512599 0.00434502 0.483056
0.36357 0.357336 0.279093
0.451781 0.548219 0
0.886442 0.113558 0
0.182675 0 0.817325
0.33222 0.66778 0
0.130738 0.530669 0.338593
0.81492 0.18508 0
0.311999 0.321426 0.366575
