0.240037 0.490955 0.269008
0.0305443 0.519232 0.450224
0.2191 0.22127 0.55963
0.334745 0.341364 0.323891
0.145273 0.436008 0.418719
0.260266 0.332589 0.407145
0.224636 0.281012 0.494351
0.504037 0.0498154 0.446148
0.413515 0.103981 0.482504
1 0 0
0.0318907 0.968109 0
0.103226 0.646773 0.250001
5.57219e-17 1 0
0.375882 0.624118 0
0.385522 0.283814 0.330664
0.508396 0.170345 0.321259
0 0 1
0.889912 0.110088 0
0.085378 0.362137 0.552485
0.454597 0.137792 0.40761
0.0594022 0.588431 0.352167
0.297579 0.702421 0
0.430253 0.0187208 0.551026
0.592217 0.407783 0
0.152965 0.0556993 0.791335
0.581216 4.747e-12 0.418784
0.815094 0.184906 0
0 0.493823 0.506177
1.34786e-11 0.392995 0.607005
0.111943 0.508149 0.379908
1.91066e-17 0.342891 0.657109
0.0751101 0.232813 0.692077
0.222583 0.777417 0
0.306627 0.443373 0.250001
0.737582 0.262418 0
0.150572 0.538082 0.311346
0.0843426 0.422144 0.493513
0.853179 0.146821 0
0 0.142415 0.857585
0.624117 0.375883 0
0.379124 0.000742733 0.620133
0.931202 0.0687975 0
0.566049 0.18395 0.250001
0 0.749999 0.250001
0.0753462 0.10329 0.821364
0.223531 0.0835939 0.692875
0.312984 0.156098 0.530918
0.186507 0.373943 0.43955
0.0494969 0.18606 0.764443
0.411736 0.588264 0
0.0898494 8.47582e-10 0.910151
0.252562 0.147929 0.599509
0.968654 0.0313458 0
2.1174e-12 0.245732 0.754268
0.135118 0.13447 0.730412
0 0.598554 0.401446
0.0018427 0.0981583 0.899999
0.115002 0.0294443 0.855553
0.77647 0.22353 0
0.27752 0 0.72248
0.259341 0.740659 0
0.433113 0.223407 0.34348
0.1471 0.8529 0
0.664939 0.000504392 0.334557
0.386493 0.174396 0.439111
0.546314 0.100378 0.353308
0.0544244 0.309916 0.63566
0.352512 0.0755472 0.57194
0.27331 0.393187 0.333503
0.214756 0.442665 0.342579
0.170102 0.186631 0.643267
0.483885 0 0.516115
0.33985 0.66015 0
0 0.67108 0.32892
0.350348 0.259099 0.390552
0.0706565 0.929344 0
0.201003 3.71228e-12 0.798997
0.187646 0.812354 0
0.696411 0.0316311 0.271958
0.298944 0.230283 0.470774
0.367404 0.382595 0.250001
0.188514 0.561486 0.250001
0.51604 0.48396 0
0.480952 0.519048 0
0.699454 0.300546 0
0.10566 0.89434 0
0.565199 0.434801 0
0.480547 0.258678 0.260775
0.662212 0.337788 0
0.0488789 0.679569 0.271553
0.0240784 0.0270967 0.948825
0.157814 0.329118 0.513068
0.650765 0.0992342 0.250001
0.447279 0.552721 0
0.749999 0 0.250001
0.431389 0.31861 0.250001
0.00563071 0.443515 0.550854
0.124922 0.269674 0.605404
0.299735 0.0460896 0.654175
0.616047 0.0594713 0.324482
