0.248876 0.751124 0
0.41777 0.261619 0.320611
0.475217 0.157937 0.366846
0.321008 0.678992 0
0.182289 0.362334 0.455377
2.14899e-20 1 0
0.388772 0.345583 0.265645
0.484284 3.72425e-11 0.515716
0.731201 0.268799 0
0.430745 0.569255 0
0.35067 0.297187 0.352143
0.0368054 0.331765 0.63143
0.0469253 0.0883271 0.864748
0.168193 0.19175 0.640057
0.507278 0.178606 0.314115
0.212152 0.787848 0
0.00102093 0.0686219 0.930357
0.32109 5.43747e-10 0.67891
0.201386 0.235221 0.563393
0.151817 1.34841e-16 0.848183
0.655438 0.344562 0
0.6174 0.3826 0
0.589805 0.156646 0.253549
0.359438 0.224223 0.416338
0.0796937 0.670306 0.250001
0.381339 2.27536e-09 0.618661
0.506324 0.493676 0
0.0902358 0.409102 0.500663
0.749999 0 0.250001
8.42407e-07 0.577653 0.422346
0.0499461 0.950054 0
0.671989 0.0770417 0.250969
0.181879 0.465978 0.352143
0.523334 0.226665 0.250001
0.255369 0.124489 0.620142
0.545654 0.454346 0
0.288781 0.711219 0
0.358015 0.641985 0
0.956794 0.0432059 0
0.0752512 0.138216 0.786533
6.46397e-21 0.300791 0.699209
0.0443237 0.612151 0.343526
0.0739864 0.926014 0
0.351403 0.146532 0.502064
0.397191 0.602809 0
0.0578793 0.490797 0.451324
0.449271 0.29718 0.253549
0.291156 0.379652 0.329193
0.692773 0.307227 0
0.23326 0.271854 0.494886
0.123163 0.0554873 0.82135
0.224889 8.41018e-10 0.775111
0.138007 0.438158 0.423835
0.632687 0.056668 0.310645
0.58231 0.41769 0
0.0745226 0.246948 0.678529
0.341878 0.40812 0.250001
1.36582e-20 0.749999 0.250001
0.672286 9.53145e-05 0.327619
0.425519 0.109313 0.465167
0.122933 0.165756 0.711311
0.0152971 0.450751 0.533952
0.27198 0.32864 0.39938
0.180711 0.819289 0
0.117288 0.26236 0.620352
0.280441 0.178182 0.541377
0.414672 0.053051 0.532277
0 0 1
0.881132 0.118868 0
0.150201 0.849799 0
0.505735 0.0657078 0.428558
0.16149 0.0844065 0.754104
0.304585 0.244631 0.450785
6.89972e-07 0.403398 0.596601
0.546371 0.101379 0.352251
0.102401 0.537916 0.359683
0.328275 0.084332 0.587393
2.05215e-07 0.228204 0.771795
0.207401 0.0981231 0.694476
0.604325 0.0092147 0.38646
0.170846 0.579153 0.250001
0.91627 0.0837303 0
0.0798367 0.35677 0.563393
3.19546e-05 0.676621 0.323347
0.260281 0.0305107 0.709209
1.2259e-05 0.520827 0.479161
0.113756 0.886244 0
7.49534e-05 0.159961 0.839964
0.850997 0.149003 0
0.224006 0.402177 0.373817
0.150341 0.315669 0.53399
0.282312 0.467687 0.250001
0.209604 0.491673 0.298723
0.467566 0.532434 0
0.771455 0.228545 0
0.0767201 0.000132176 0.923148
0.0969421 0.604335 0.298723
0.811727 0.188273 0
0.546907 0.000186488 0.452906
1 0 0
