5.56363e-17 1 0
0.182929 0.0952035 0.721867
0.238672 0.761328 0
0.52486 0.47514 0
0.0518382 0.103237 0.844924
0.332575 0.0348721 0.632553
0.154751 0.595248 0.250001
0.159858 0.0174477 0.822694
0 0 1
0.569438 0.101961 0.328601
0.247134 0.207212 0.545654
0.632919 0.367081 0
0.220603 0.465863 0.313533
0.135168 0.312954 0.551878
0.430806 0.319193 0.250001
0.533969 0 0.466031
0.276819 0.723181 0
0.090374 0.289319 0.620307
0.813274 0.186726 0
0.25189 0.339222 0.408888
8.25272e-14 0.336118 0.663882
0.404979 0.134006 0.461015
0.160171 0.377495 0.462334
0.394029 0 0.605971
0.292166 4.04305e-10 0.707834
0.0672025 0.241346 0.691451
0.337377 0.662623 0
0.133867 0.504882 0.361251
0.218375 0.152791 0.628834
0.200364 0.413116 0.386521
0.182519 0.236286 0.581195
0.389113 0.0734027 0.537484
6.06798e-05 0.262727 0.737212
0.0915599 0.404495 0.503945
0.452947 0.547053 0
0.141877 0.193478 0.664645
0.582821 0.165599 0.251581
7.63735e-10 0.186561 0.813439
0.634688 0.11531 0.250002
0.124582 0.875418 0
0.690648 0.054732 0.25462
3.806e-17 0.530435 0.469565
0.883967 0.116033 0
0.319723 0.0926182 0.587658
0.0101279 0.402768 0.587105
0.355883 0.204539 0.439578
0.468519 0.00530788 0.526173
0.360557 0.361411 0.278031
0.73978 0.26022 0
0.274725 0.137617 0.587658
0.449357 0.162867 0.387776
0.224559 6.28334e-09 0.775441
4.42301e-20 0.610268 0.389732
1 0 0
0.0455368 0.0293123 0.925151
5.66035e-17 0.0933026 0.906697
0.497903 0.180462 0.321635
0.110508 5.89529e-13 0.889492
0.501858 0.248141 0.250001
0.286554 0.386559 0.326887
0.310135 0.689865 0
0.0846742 0.168631 0.746694
0.374211 0.625789 0
0.00349333 0.693291 0.303216
0.749999 0 0.250001
0.0643562 0.370649 0.564995
0.318418 0.431581 0.250001
0.672734 0.0109359 0.31633
0.554218 0.445782 0
0.219661 0.290284 0.490055
1.08402e-05 0.460173 0.539816
0.0704829 0.606843 0.322674
0.0449057 0.955094 0
0.0752862 0.481015 0.443699
0.328376 0.165516 0.506108
0.199135 0.800865 0
0.408877 0.258441 0.332682
0.955343 0.0446568 0
0.489105 0.0912088 0.419686
0.842736 0.157264 0
0.55251 0.0533842 0.394106
0.703044 0.296956 0
0.415687 0.584313 0
0.0838735 0.916127 0
0.618108 0 0.381892
0.0386725 0.555713 0.405615
0.12541 0.0826384 0.791952
0.587759 0.412241 0
0.330226 0.292878 0.376896
0.0857894 0.664209 0.250001
0.164487 0.835513 0
0.486517 0.513483 0
0.247749 0.50225 0.250001
0.915737 0.0842632 0
0.247167 0.0726917 0.680141
0.182435 0.537761 0.279804
0.283462 0.25661 0.459928
0.77553 0.22447 0
0 0.749999 0.250001
0.664815 0.335185 0
