0.655802 0.0941915 0.250007
0.415407 0.334586 0.250007
0.876917 0.123083 0
1 0 0
0.516376 0.0726923 0.410932
0.690611 0.309389 0
0.116054 0.883946 0
0.121287 0.628706 0.250007
0.315552 0.434442 0.250007
0.0783681 0.921632 0
0.346404 0.653596 0
0.840459 0.159541 0
0.0392667 0.960733 0
0.251053 0.190519 0.558429
0.594479 0.155515 0.250007
0.798379 0.201621 0
0.0729213 0.259753 0.667326
0.068778 0.681215 0.250007
0.0383357 0.49429 0.467374
0.473122 0.276872 0.250007
0.248332 0.405732 0.345937
0.322513 0.0122204 0.665267
0.0800868 0.592317 0.327596
0.221671 0.35959 0.418738
0.216949 0.25817 0.524881
0.120936 0.185066 0.693998
0.15247 0.0986862 0.748844
0 0.20979 0.79021
5.98884e-17 1 0
0.954177 0.0458233 0
0.299296 0.089781 0.610923
0.615561 0.384439 0
0.309196 0.690804 0
0.407477 0.592523 0
0.155576 0.421229 0.423195
0.422972 0 0.577028
0.601965 0.0854021 0.312633
0.237787 0.0603415 0.701872
0.544132 0.203538 0.25233
0.535064 0.13556 0.329376
0.693011 0 0.306989
0.176302 0.334119 0.489579
0.0209009 0.609285 0.369814
0.731252 0.268748 0
0.114896 0.490325 0.394779
0.529432 0.00676586 0.463802
0.192753 0.807247 0
0.233156 0.766844 0
0.437789 0.562211 0
0.294486 0.328944 0.37657
0 0.145787 0.854213
0.485583 0.21337 0.301048
0.278658 0.267828 0.453514
0.000868409 0.389039 0.610093
0.508105 0.491895 0
0 0.0754801 0.92452
0.583696 0 0.416304
0.484367 0.117697 0.397936
0.660602 0.339398 0
0.763318 0.236682 0
0.259625 0.000479448 0.739895
0.000314334 0.669051 0.330635
0.277415 0.722585 0
0.914098 0.0859022 0
0.25386 0.496133 0.250007
0.625261 0.0343025 0.340437
0.311695 0.206693 0.481611
0 0.455063 0.544937
0.0974285 0.0726328 0.829939
0 0 1
0.104374 0.363224 0.532402
0.191163 0.010192 0.798645
0 0.556991 0.443009
0.203671 0.129003 0.667326
0.179375 0.196562 0.624062
0.145201 0.53862 0.316179
0.356127 0.237884 0.405989
0.388834 0.27862 0.332545
8.66669e-05 0.297859 0.702055
0.0453637 0.326376 0.628261
0.0714243 0.0114596 0.917116
0.393346 0.155792 0.450862
0.340696 0.363207 0.296098
0.437627 0.199088 0.363285
0.344963 0.124634 0.530403
0.749993 0 0.250007
0.137768 0 0.862232
0.363109 0.0511163 0.585775
0.443443 0.0484632 0.508094
0.176359 0.571311 0.25233
0.578685 0.421315 0
0.379391 0.620609 0
0 0.749993 0.250007
0.469914 0.530086 0
0.209755 0.471826 0.318419
0.541893 0.458107 0
0.0681898 0.161048 0.770762
0.155464 0.844536 0
0.0817233 0.417935 0.500341
0.124415 0.274256 0.60133
