0.221025 0.250297 0.528678
0 0.164032 0.835968
0.322519 3.06436e-05 0.67745
0.126107 0.505949 0.367944
0.608973 7.07246e-08 0.391027
0.318584 0.681416 0
0.679486 0.320514 0
0.0687457 0.161115 0.77014
0.184661 0.453538 0.3618
0.390761 0.609239 0
0.0103987 0.421215 0.568387
0.0170222 0.689512 0.293466
9.54493e-05 0.366407 0.633498
0.0825526 0.442138 0.475309
5.95568e-25 0.293107 0.706893
0.168617 0.340419 0.490964
0.0696758 0.680324 0.25
0.487743 0.0415611 0.470696
0.388264 0.00365425 0.608081
0.0689605 0.38557 0.54547
0.292021 0.336411 0.371569
1 0 0
0.468946 0.531054 0
0.496554 0.167658 0.335787
0.000352179 0.0793344 0.920313
0.145114 0.181397 0.67349
0.230941 0.150849 0.61821
0.921474 0.0785265 0
0.555889 0.0148804 0.42923
0.547616 0.191833 0.260551
0.255568 0.0763196 0.668112
0.120778 0.261012 0.61821
0.428057 0.155909 0.416034
0.46731 1.969e-06 0.532688
0.301917 0.0973252 0.600758
0.130236 0.0651675 0.804597
0.525612 0.0966097 0.377779
0.133771 0.000108399 0.86612
0.313225 0.251726 0.435049
0 0.48453 0.51547
0.0696741 5.94305e-09 0.930326
0.111013 0.613041 0.275945
0.603319 0.396681 0
0.289398 0.710602 0
0.602845 0.080099 0.317056
0.310233 0.162162 0.527604
0 0 1
0.0614562 0.0884347 0.850109
0.177 0.570162 0.252837
0.169668 0.099726 0.730606
0.407114 0.209528 0.383358
0.720374 0.279626 0
0.95865 0.0413497 0
0.356152 0.643848 0
0.24178 0.0347085 0.723512
1.34409e-05 0.643914 0.356072
0.844708 0.155292 0
0.0788817 0.921118 0
0.145119 0.415746 0.439135
0.181619 0.818381 0
0.258104 0.443859 0.298037
0.0597044 0.518384 0.421911
1.52394e-24 0.75 0.25
0.194761 0 0.805239
0.144493 0.855507 0
0.669688 0.0594588 0.270853
0.417522 0.332478 0.25
0.43118 0.56882 0
0.0110888 0.215865 0.773046
0.401012 0.108457 0.490531
0.222024 0.382583 0.395392
0.354706 0.185408 0.459886
0.221856 0.778144 0
0.881586 0.118414 0
0.0596283 0.269817 0.670554
0.074918 0.589277 0.335805
0.620137 0.129863 0.25
0.674806 0.00114323 0.324051
0.353291 0.364219 0.28249
0.64178 0.35822 0
0.00538718 0.574748 0.419865
0.0984169 0.329056 0.572527
0.0767653 0.212561 0.710674
0.759094 0.240906 0
0.0415749 0.958425 0
0.236031 0.513969 0.25
0.107905 0.892095 0
0.249857 0.295594 0.454549
0.448882 0.234506 0.316612
0.559327 0.440673 0
0.322163 0.424027 0.253809
0.486946 0.263054 0.25
0 1 0
0.369646 0.0679426 0.562411
0.372623 0.276996 0.350381
0.801583 0.198417 0
0.256306 0.743694 0
0.196811 0.21469 0.588499
0.75 0 0.25
0.515419 0.484581 0
