0.552462 0.197538 0.25
0.0642615 0.415828 0.519911
0.12749 0.520931 0.351579
0.526251 0.473749 0
0.6055 1.70902e-05 0.394483
0.496115 0.503885 0
8.12492e-21 0.522279 0.477721
0.292357 1.52553e-15 0.707643
0.364692 4.0489e-17 0.635308
0.039112 0.960888 0
0.419174 0.580826 0
2.20774e-10 0.440956 0.559044
0.213866 0.249537 0.536597
0.668936 0.331064 0
0.880224 0.119776 0
0.442552 0.307448 0.25
1 0 0
0.666303 0.0836966 0.25
0.621084 0.0484293 0.330487
0.000719905 0.359775 0.639505
0.305265 0.333108 0.361627
0.0538722 0.55799 0.388137
0.372661 0.373003 0.254335
0.691631 1.31385e-05 0.308356
0.0756328 0.924367 0
0.358436 0.24708 0.394483
0.488619 0.245783 0.265598
0.302318 0.697682 0
0.0472516 0.688153 0.264596
0.700378 0.299622 0
0.152036 0.153798 0.694166
0.464918 0.0833855 0.451697
0.346615 0.142796 0.510589
0.17165 0.438306 0.390044
0.419966 4.66256e-17 0.580034
0 0 1
2.8691e-11 0.204109 0.795891
0.596693 0.12729 0.276017
0.136938 0.584977 0.278084
0.246018 0.296902 0.45708
1.16675e-20 0.75 0.25
0.542253 0.0716232 0.386124
0.0496516 0.00530047 0.945048
0.516011 0.157305 0.326684
0.297114 0.215933 0.486953
0.0829308 0.17491 0.742159
0.152611 0.847389 0
0.390156 0.279124 0.33072
0.0886896 0.326997 0.584313
0.418491 0.136739 0.44477
0.122297 0.381054 0.496649
0.113192 0.886808 0
0.535078 5.94055e-17 0.464922
0.200677 0.354802 0.444522
0.221266 2.45655e-17 0.778734
0.190404 0.189554 0.620042
0.0252336 0.248378 0.726388
0.632472 0.367528 0
0.0809516 0.0747589 0.84429
0.113065 0.104415 0.78252
0.114327 1.21357e-10 0.885673
0.226791 0.773209 0
0.203026 0.479771 0.317203
0.104413 0.645551 0.250035
0.0900397 0.469631 0.440329
1.2718e-21 0.0817528 0.918247
0.75 0 0.25
0.011701 0.132176 0.856123
0.958177 0.041823 0
0.176746 0.823254 0
0.34042 0.65958 0
0.81182 0.18818 0
0.24585 0.388242 0.365907
0.00220022 0.303633 0.694166
1.2555e-08 0.594456 0.405544
0.457035 0.542965 0
0.156033 0.289176 0.554791
0.847566 0.152434 0
0.302912 0.421441 0.275647
0.474149 0.0035993 0.522252
0.110274 0.245896 0.643829
0.380233 0.619767 0
0.597423 0.402577 0
0.920509 0.0794905 0
1.55567e-20 1 0
0.451466 0.197137 0.351396
0.214478 0.529008 0.256514
0.74086 0.25914 0
0.274887 0.475113 0.25
0.554114 0.445886 0
0.264849 0.168117 0.567034
0.329814 0.0750731 0.595113
0.181176 0.0894026 0.729421
0.261847 0.738153 0
0.26558 0.0568082 0.677611
7.65131e-07 0.665235 0.334765
0.154896 0.018118 0.826986
0.78381 0.21619 0
0.240718 0.128926 0.630355
0.407475 0.0895222 0.503003
