0.341485 0.166693 0.491821
0.764932 0.235068 0
0 0.442584 0.557416
0.373638 0.299253 0.327109
0.802405 0.197595 0
0.343845 0.656155 0
0.118847 0.0928345 0.788319
0.268975 0.731025 0
0.56906 0 0.43094
0.2038 0.0533538 0.742846
0.61624 0.0132114 0.370549
0.672435 0.0775641 0.250001
0.243825 0.289627 0.466548
0.601955 0.398045 1.40258e-08
0.0486307 0.111599 0.83977
0.156776 0.843224 0
0.162215 0.13604 0.701745
0.42967 0.092377 0.477953
0.288565 0.140861 0.570575
0.0852962 0.464597 0.450107
0.507948 0.00281601 0.489236
0.305534 0.0657541 0.628712
0.0783155 0.615852 0.305832
0.264549 0.217948 0.517503
0.367051 0.0857386 0.54721
0.235115 0.425698 0.339187
0.0627155 0.238928 0.698357
0.424292 0.153856 0.421852
0 0.605369 0.394631
0.0878372 0.000177244 0.911986
0.431127 0.248558 0.320315
0.489069 0.124607 0.386323
0.166256 0.577968 0.255777
0.838729 0.161271 0
0.5403 0.209387 0.250313
0.19221 0.80779 0
0.239974 0.0939833 0.666043
4.17105e-17 0.749999 0.250001
1.3213e-08 0.0858469 0.914153
0.407275 0.200665 0.39206
0.640218 0.359782 0
0.392192 1.68152e-06 0.607807
0.448808 0.00705142 0.54414
0.173825 7.71938e-17 0.826175
0.0736371 0.177816 0.748547
0.423773 0.576227 0
0.406319 0.34368 0.250001
1.0084e-05 0.376209 0.623781
0.062157 0.550569 0.387274
0.502609 0.0598469 0.437544
0.55803 0.0814091 0.360561
0.139751 0.478332 0.381917
0.723488 0.276512 0
0.187423 0.516353 0.296224
0.0723346 0.677664 0.250001
0.52083 0.160114 0.319056
0.952561 0.0474387 0
0 0 1
0.184816 0.392738 0.422446
0.0598471 0.409014 0.531139
0.692288 0 0.307712
0.594203 0.151394 0.254404
0.625121 0.0612792 0.313599
0.298468 0.358232 0.3433
0.0818184 0.918182 0
0 0.518792 0.481208
0.533412 0.466588 0
0 1 0
0 0.248945 0.751055
0.268795 0.330652 0.400554
0.0845212 0.0306922 0.884787
0.317763 0.00111109 0.681126
0.131057 0.212001 0.656942
0.249292 1.10708e-16 0.750708
0.093364 0.285061 0.621575
0.339318 0.404905 0.255777
0.136374 0.382071 0.481554
0.565217 0.434783 0
0.210413 0.185091 0.604496
0.498307 0.501693 0
0.119225 0.880775 0
3.44359e-06 0.311502 0.688495
0.0595364 0.358051 0.582413
0.924617 0.075383 0
0.385414 0.614586 0
0 0.679685 0.320315
0.680703 0.319297 0
0.000518806 0.183361 0.81612
0.165711 0.332199 0.502091
0.329427 0.249551 0.421022
0.264646 0.485353 0.250001
0.187338 0.266754 0.545908
0.871673 0.128327 0
1 0 0
0.472372 0.277627 0.250001
0.749999 0 0.250001
0.0374806 0.962519 0
0.305351 0.694649 0
0.463636 0.536364 0
0.231824 0.768176 0
