0.130052 0.361305 0.508643
0.538704 0.461296 0
0.269659 0.730341 0
0.289998 0.287219 0.422783
0.368012 0.380452 0.251536
0.46223 0.53777 0
0.970559 0.0294414 0
0.661592 0.0803802 0.258028
0.0592033 0.0148091 0.925988
0.291688 0.000591613 0.707721
0.384302 0.615698 0
0.158232 0.841768 0
0.686511 0.0121494 0.301339
0.417246 0.104199 0.478555
0.158202 0.588037 0.253761
0.426244 0.30908 0.264676
0.194091 0.166247 0.639662
5.72551e-06 0.0918276 0.908167
0.749996 0 0.250004
2.15814e-05 0.620874 0.379104
0.258345 0.160475 0.581179
0.0976898 0.507395 0.394915
0.29404 0.455932 0.250027
0.334452 0.123217 0.542331
3.62638e-32 0.749996 0.250004
0.155501 0.413104 0.431394
0.769988 0.230012 0
0.507334 0.167183 0.325483
0.35046 0.241911 0.40763
0.165319 0.223928 0.610753
0.578951 0 0.421049
0.0923868 0.907613 0
0.421873 0.578127 0
0.484321 0.0781217 0.437558
0.12353 0.87647 0
0.0303316 0.555728 0.41394
0.239441 0.760559 0
0.0840939 0.325494 0.590412
0.347219 0.652781 0
0.227572 0.252259 0.520169
1 0 0
0.944181 0.0558193 0
0.737564 0.262436 0
0.615946 0.384054 0
0 0 1
0.384027 0.0466186 0.569355
0.0243926 0.430433 0.545175
9.14031e-09 0.320229 0.679771
0.0583331 0.145573 0.796094
0.00504191 0.683077 0.311881
0.0441523 0.109669 0.846179
0 1 0
0.901144 0.0988561 0
0.530788 0.205822 0.26339
0.518162 0.00400705 0.477831
0.143723 0.00104339 0.855234
0.459591 0.000651344 0.539757
0.105911 0.068929 0.82516
0.209323 0.00779679 0.78288
0.203316 0.329862 0.466822
0.385724 0.173975 0.440301
0.10352 0.646476 0.250004
0.397571 0.272457 0.329972
0.0738833 0.273973 0.652144
0.232291 0.379791 0.387918
0.639416 0 0.360584
0.593775 0.0629841 0.343241
0.198523 0.471349 0.330128
0.26639 0.423617 0.309994
0.360338 0 0.639662
3.65367e-16 0.513589 0.486411
0.223671 0.526325 0.250004
0.0676071 0.615117 0.317276
0.524603 0.105153 0.370244
0.139681 0.119001 0.741318
0.314754 0.347763 0.337484
0.294139 0.0748966 0.630965
0.0325289 0.967471 0
0.866753 0.133247 0
0.577509 0.422491 0
0.652267 0.347733 0
0.443544 0.189838 0.366618
0.293398 0.216809 0.489792
0.230866 0.0964795 0.672654
0.0657485 0.934251 0
0.000265838 0.195846 0.803888
0.0139899 0.254504 0.731506
0.48724 0.262756 0.250004
0.500666 0.499334 0
0.834414 0.165586 0
0.159693 0.288029 0.552278
1.88659e-32 0.390179 0.609821
0.102268 0.198567 0.699166
0.195161 0.804839 0
0.693727 0.306273 0
0.0662859 0.470312 0.463402
0.122929 0.543905 0.333166
0.612713 0.137283 0.250004
0.802393 0.197607 0
0.308325 0.691675 0
