0.386091 0.0108874 0.603022
0.436549 0.212683 0.350767
0.749999 0 0.250001
0 1 0
0.105343 0.625122 0.269535
1 0 0
0.167004 0.177193 0.655803
0.610266 0.0826944 0.30704
1.78699e-05 0.591594 0.408388
0.24103 0.75897 0
0.0743951 0.0662194 0.859386
0.580969 0.16903 0.250001
0.102497 0.00758374 0.889919
0.169479 0.315719 0.514801
0.557111 0.0393661 0.403523
0.0049537 0.441409 0.553637
0.671408 0.328592 0
0.267248 0.187489 0.545262
0.478161 0.271838 0.250001
0.194247 0.352013 0.453739
0.495999 0.504001 0
0.284652 0.440634 0.274714
0.283071 0.0622708 0.654658
0 0.376132 0.623868
0.212408 0.449031 0.338561
0.273141 0.29983 0.427029
0.644363 0.105636 0.250001
0.45971 6.89274e-08 0.54029
0.204251 0.256372 0.539377
0.278312 0.721688 0
0.103696 0.126074 0.77023
0.843637 0.156363 0
0.141953 0.858047 0
0.0840149 0.263421 0.652564
0.362636 0.253385 0.383979
0.544814 1.83618e-08 0.455186
0.409916 0.07663 0.513454
0.31532 0.0995846 0.585096
0.378152 0.188151 0.433697
0.53865 0.46135 0
0.612282 0.387718 0
0.0354395 0.964561 0
7.79346e-05 0.085877 0.914045
0.735543 0.264457 0
0.505019 0.0502071 0.444774
0.19758 0 0.80242
0.317317 0.682683 0
0.325043 0.000365035 0.674592
0.314985 0.347499 0.337516
0 0.749999 0.250001
0 0.668012 0.331988
0.251588 0.378537 0.369875
0.300808 0.223065 0.476127
0.159368 0.413412 0.42722
0.192574 0.102311 0.705115
0.0693833 0.58086 0.349757
0.127358 0.480508 0.392134
0.0588601 0.348538 0.592602
0 0.514968 0.485032
0.65183 0 0.34817
0.807354 0.192646 0
0 0 1
0.877894 0.122106 0
0.229066 0.145241 0.625693
0.0687288 0.512785 0.418486
0.95904 0.04096 0
0.133609 0.257665 0.608725
0.0814738 0.918526 0
0.211267 0.788733 0
0.0654706 0.449497 0.485032
0.115868 0.884132 0
0.692441 0.0323152 0.275244
0.460792 0.121383 0.417825
0.0866911 0.189311 0.723998
0.167936 0.582063 0.250001
0.522287 0.14009 0.337623
0.347577 0.1444 0.508023
6.27697e-12 0.240454 0.759546
0.701836 0.298164 0
0.414699 0.311176 0.274125
0 0.172975 0.827025
0.512306 0.221558 0.266135
0.0917154 0.378247 0.530038
0.07082 0.679179 0.250001
0.352519 0.647481 0
0.145385 0.534083 0.320532
0.426467 0.573533 0
0.460075 0.539925 0
0.356441 0.393558 0.250001
0.770059 0.229941 0
0.0336792 0.0212794 0.945041
0.253621 0.0177042 0.728675
0.151894 0.0487031 0.799403
0.579409 0.420591 0
0.176912 0.823088 0
0 0.300606 0.699394
0.642868 0.357132 0
0.909059 0.0909407 0
0.385651 0.614349 0
0.240097 0.507565 0.252338
