5.56738e-17 1 0
0.289553 0.246007 0.46444
0.242773 0.757227 0
0.96739 0.03261 0
0.219325 0.458581 0.322093
0.545027 0.454973 0
0.0173232 0.621312 0.361364
0.695845 0.304155 0
0.821921 0.178079 0
0.024262 0.340123 0.635615
0.377766 0.622234 0
0.000692694 0.289468 0.709839
0.0717434 0.240432 0.687825
0.334224 0.072641 0.593135
0.304961 0.434823 0.260216
0.749998 0 0.250002
0.412229 0.587771 0
0 0 1
0.133963 0.866037 0
0.394731 0.301685 0.303584
3.78066e-19 0.749998 0.250002
0.592731 0.132139 0.27513
0.149097 0.307831 0.543072
0.645118 0.000795359 0.354086
0.446052 0.0211973 0.53275
0.236554 0.330675 0.432771
0.698882 0.0146597 0.286458
0.407225 0.111896 0.480879
0.0609849 0.0946585 0.844357
0.295667 0.362294 0.342039
0.311388 0.688612 0
0.447009 0.552991 0
0.0315833 0.968417 0
0.195417 0.428978 0.375605
0.239075 0.211233 0.549692
0.082532 0.152111 0.765357
0.204044 0.149816 0.646139
0.149986 0.41346 0.436554
0.734422 0.265578 0
0.66117 0.0888284 0.250002
0.0138504 0.0462024 0.939947
0.232849 0.0697975 0.697354
0.0956601 6.59455e-06 0.904333
0.165403 0.834597 0
0.338488 0.26618 0.395333
0.200183 0.799817 0
0.0601919 0.68409 0.255718
3.56895e-18 0.563604 0.436396
0.633904 0.366096 0
0.0705489 0.929451 0
0.127106 0.175671 0.697223
1.23898e-17 0.485441 0.514559
0.21111 0.276794 0.512096
0.929279 0.0707212 0
0.473625 0.250827 0.275548
0.555671 0.194327 0.250002
0.161404 0.225108 0.613487
0.511823 0.488177 0
0.173699 1.31074e-05 0.826288
0.17354 0.540045 0.286415
0.342376 0.657624 0
0.674078 0.325922 0
0.12509 0.624909 0.250002
0.374137 0.174456 0.451407
0.428777 0.207317 0.363906
0.066929 0.467854 0.465217
0.0810782 0.383057 0.535864
0.0884454 0.59541 0.316144
0.606019 0.393981 0
0.556383 0.0785553 0.365062
6.6113e-21 0.121957 0.878043
0.511159 0.158488 0.330353
0.245883 0.504115 0.250002
0.893422 0.106578 0
0.277832 0.109105 0.613063
0.121542 0.511233 0.367226
0.1303 0.0747831 0.794917
0.482348 0.0682459 0.449406
0.364728 0.385271 0.250002
1.04971e-05 0.406728 0.593261
0.855271 0.144729 0
0.133623 0.37227 0.494107
0.521247 0.00056363 0.47819
0.257444 0 0.742556
0.324242 0.157732 0.518026
0.2788 0.7212 0
0.100756 0.899244 0
0.478051 0.521949 0
0.568737 0.431263 0
0.588863 6.53769e-17 0.411137
0.0931019 0.284808 0.622091
0.779577 0.220423 0
0.455837 0.136284 0.407879
0.322014 0.0179717 0.660014
0.444322 0.305676 0.250002
0.168077 0.104788 0.727136
1.45979e-16 0.689808 0.310192
4.86031e-18 0.194986 0.805014
1 0 0
0.389237 1.18711e-10 0.610763
