0.0319541 0.0622619 0.905784
0.162682 0 0.837318
0.000122438 0.274396 0.725482
7.87824e-06 0.581614 0.418378
0.273208 0.726792 0
0.658817 0.341183 0
0.492102 0.257898 0.25
0.0741713 0.925829 0
0.830245 0.169755 0
0.0433023 0.956698 0
0.217572 0.153559 0.628869
0.0378278 0.617309 0.344864
0.188248 0.0505667 0.761186
0.09249 0 0.90751
0.527743 0.0877744 0.384483
0.155408 0.844592 0
0 0 1
0.176481 0.2465 0.577019
0.316438 0.433151 0.25041
0.228825 0.771175 0
0.552316 0.447684 0
0.273688 0.2354 0.490912
0.583334 0.416666 0
0.488318 1.25877e-06 0.51168
0.105856 0.0650504 0.829094
0.398585 1.69321e-06 0.601413
0.34978 0.65022 0
0.357188 0.136887 0.505925
5.55112e-17 1 0
0.386654 0.219091 0.394254
0.872569 0.127431 0
0.0888952 0.296032 0.615073
0.0639877 0.471535 0.464477
0.31344 0.68656 0
0.114047 0.885953 0
0.544429 0.119666 0.335906
0.0875537 0.412251 0.500195
7.38034e-11 0.678182 0.321818
0.237088 0.0745571 0.688355
4.75878e-10 0.107809 0.892191
0.208312 0.294795 0.496893
0.253354 0.00131794 0.745328
0.427265 0.137312 0.435423
0.640801 0.000197096 0.359002
0.521092 0.478908 0
0.312741 0.268694 0.418565
0.0760112 0.241986 0.682002
0.472903 0.0769361 0.450161
0.409494 0.0506108 0.539895
0.0948522 0.165701 0.739446
0.243179 0.339508 0.417313
0.200837 0.427002 0.372161
0.167216 0.380371 0.452413
0.264034 0.449112 0.286854
0.95607 0.0439305 0
0.000242514 0.507685 0.492072
0.450532 0.549468 0
0.724843 0.275157 0
0.116418 0.337723 0.545859
0.334794 0.306706 0.3585
1.06821e-08 0.198796 0.801204
0.412896 0.291265 0.295839
0.751149 0.248851 0
0 0.75 0.25
0.124585 0.625415 0.25
0.332446 0.193061 0.474493
0.387732 0.362268 0.25
0.383515 0.616485 0
0.161326 0.519068 0.319606
0.0368122 0.128199 0.834988
0.16037 0.114221 0.725409
0.910923 0.0890765 0
0.0634779 0.668104 0.268418
0.75 0 0.25
1 0 0
0.339161 0.0436349 0.617204
0.60132 0.0815248 0.317155
0.431837 0.239086 0.329077
0.319231 8.35605e-09 0.680769
0.0264407 0.393243 0.580316
0.24978 0.203574 0.546646
0.288245 0.376466 0.335288
0.485835 0.514165 0
0.56548 0.177955 0.256565
0.214981 0.535016 0.250004
0.134855 0.464226 0.400919
0.0862679 0.541269 0.372463
0.298736 0.117561 0.583704
0.682959 0.0253426 0.291699
0.472513 0.167609 0.359878
0.641138 0.108802 0.25006
0.149444 0.203425 0.647131
0.793931 0.206069 0
0.187439 0.812561 0
7.68122e-10 0.456716 0.543284
0.619055 0.380945 0
0.000543964 0.363622 0.635834
0.68967 0.31033 0
0.416179 0.583821 0
0.551104 0.0143436 0.434552
