0.256901 0.705882 0.0372176
0.678966 0.321034 0
0.624002 0.0426651 0.333333
0.13995 0.86005 0
0.677877 0.055533 0.26659
0.300473 0.558714 0.140814
0.378016 0.387846 0.234138
0.512665 0.332163 0.155172
0.562656 0.339235 0.0981092
0.611471 0.127526 0.261003
0.536703 0.129963 0.333333
0.473099 0.193568 0.333333
0.179158 0.678946 0.141896
0.257959 0.543801 0.19824
0.203271 0.614726 0.182003
0.487899 0.276211 0.23589
1 1.11022e-16 1.11022e-16
0.251822 0.490712 0.257466
0.853915 0.146085 0
8.04923e-08 0.867894 0.132105
0.919037 0.0809565 6.21558e-06
0.0779432 0.588723 0.333333
0.955252 3.17633e-08 0.0447482
0.0195309 0.647136 0.333333
0.0824262 0.917574 0
0.440225 0.370211 0.189565
0.69389 0.244493 0.0616171
0.577187 0.422813 0
5.22984e-09 0.667379 0.332621
0.645773 0.13468 0.219547
0.557129 0.260978 0.181893
0.514107 0.15256 0.333333
2.23571e-20 1 0
0.109119 0.730497 0.160384
0.294109 0.372558 0.333333
0.570067 0.0966001 0.333333
0.124277 0.54239 0.333333
0.75002 0.184243 0.065737
0.835914 0.114489 0.0495975
0.840467 2.79466e-08 0.159533
0.246635 0.420032 0.333333
0.649684 0.0169824 0.333333
0.426462 0.52706 0.0464777
0.674872 4.44247e-08 0.325128
0.453999 0.212667 0.333333
0.158744 0.763848 0.0774075
0.33339 0.590861 0.0757493
0.627664 0.359932 0.0124042
0.78583 0.0603786 0.153791
0.419437 0.580563 1.11022e-16
0.335655 0.331011 0.333333
0.355891 0.310775 0.333333
0 0 1
0.14951 0.517157 0.333333
0.101469 0.565197 0.333333
0.351746 0.467765 0.180489
0.358989 0.620226 0.0207851
0.372039 0.294627 0.333333
0.598622 0.0680447 0.333333
0.470831 0.44834 0.080829
0.889982 3.6834e-10 0.110018
0.757377 0.00685575 0.235767
0.00424978 0.930123 0.0656275
0.316219 0.350448 0.333333
0.800993 0.100048 0.0989585
0.701319 0.10861 0.190071
0.533267 0.187897 0.278836
0.382181 0.516043 0.101776
0.199258 0.467409 0.333333
0.41529 0.317557 0.267153
0.171614 0.495053 0.333333
0.756197 0.243803 0
0.716454 0.159153 0.124393
0.088332 0.828646 0.0830221
0.52291 0.40873 0.0683596
0.256614 0.637819 0.105567
0.0596139 0.683532 0.256854
0.411857 0.25481 0.333333
0.0589278 0.607739 0.333333
0.220991 0.445676 0.333333
2.25773e-06 0.786861 0.213137
0.644299 0.207633 0.148068
0.578489 0.205092 0.216419
0.392302 0.274365 0.333333
0.206765 0.793235 1.11022e-16
0.492969 0.173698 0.333333
0.0427303 0.795379 0.161891
0.18156 0.55185 0.26659
0.144843 0.639959 0.215199
0.0033843 0.719684 0.276931
0.612514 0.291805 0.0956803
0.558123 0.108543 0.333333
0.0377594 0.628907 0.333333
0.428824 0.424795 0.146381
0.321479 0.678521 1.11022e-16
0.270436 0.396231 0.333333
0.503775 0.496225 1.11022e-16
0.101214 0.614651 0.284135
0.302371 0.443629 0.254
0.43262 0.234046 0.333333
