0.570952 0.321108 0.10794
0.221118 0.445549 0.333333
0.826631 0.0282975 0.145072
0.941227 0.0582029 0.000570497
0.203678 0.462989 0.333333
0.393519 0.461256 0.145225
0.637488 0.126264 0.236247
0.0855472 0.642004 0.272448
0.285559 0.381107 0.333333
0.619449 0.0472174 0.333333
0.0776743 0.847539 0.0747863
0.237686 0.67546 0.0868537
0.54715 0.242282 0.210567
0.30651 0.692759 0.00073078
0.444031 0.222636 0.333333
0.141251 0.806954 0.0517946
0.27941 0.44007 0.28052
0.0628332 0.713164 0.224003
0.161845 0.504821 0.333333
0.0311764 0.831736 0.137088
0.306548 0.360118 0.333333
0.597196 0.0694706 0.333333
0.332913 0.333754 0.333333
2.69564e-06 0.727809 0.272189
0.47005 0.196617 0.333333
0 1 0
0.142495 0.524171 0.333333
0.73237 0.00409813 0.263532
0.532077 0.420633 0.0472902
0.885536 1.67134e-15 0.114464
0.181023 0.485643 0.333333
2.53146e-08 0.818046 0.181954
0.310615 0.611616 0.0777688
0.258055 0.408612 0.333333
0.718935 0.203445 0.0776193
0.197713 0.802222 6.55916e-05
1 0 0
0.487465 0.232015 0.28052
0.197495 0.603125 0.199381
0.215707 0.520762 0.263532
0.807895 0.191465 0.000639616
0.0669686 0.599698 0.333333
0.529889 0.136778 0.333333
7.43245e-09 0.666667 0.333333
0.0905542 0.757033 0.152413
0.0185384 0.648128 0.333333
0.257354 0.718398 0.024248
0.567965 0.139824 0.292211
0.35915 0.64085 9.15268e-13
0.282917 0.572592 0.144491
2.48658e-41 1.28281e-22 1
0.0473213 0.94223 0.0104488
0.5521 0.114566 0.333333
0.882335 0.117665 0
0.181226 0.737305 0.0814692
0.344709 0.530504 0.124788
0.289173 0.510752 0.200075
0.491164 0.175502 0.333333
0.745735 0.254265 5.05151e-14
0.328898 0.456754 0.214348
0.678308 0.321683 9.4334e-06
0.158609 0.571935 0.269456
0.455216 0.302639 0.242146
0.587816 0.411613 0.000570497
0.400102 0.266565 0.333333
0.786659 9.80091e-10 0.213341
0.661019 0.0768412 0.26214
0.122842 0.543824 0.333333
0.00356666 0.909651 0.0867827
0.666667 7.40149e-17 0.333333
0.687273 0.154211 0.158516
0.469553 0.530446 1.41653e-06
0.797645 0.150935 0.0514201
0.241 0.425667 0.333333
0.643197 0.02347 0.333333
0.778941 0.101514 0.119545
0.138185 0.678149 0.183666
0.52939 0.308937 0.161673
0.356405 0.310261 0.333333
0.930974 0.00932218 0.059704
0.368875 0.350309 0.280815
0.598447 0.196928 0.204625
0.657938 0.281314 0.0607482
0.116556 0.882873 0.000570497
0.7321 0.078906 0.188994
0.509362 0.490635 2.33097e-06
0.462069 0.350926 0.187005
0.612663 0.24815 0.139188
0.576064 0.0906023 0.333333
0.481663 0.39651 0.121826
0.418767 0.2479 0.333333
0.378708 0.287959 0.333333
0.395915 0.569632 0.0344527
0.0399026 0.626764 0.333333
0.38905 0.401596 0.209353
0.431051 0.49133 0.0776193
0.604883 0.352992 0.0421251
0.50936 0.157307 0.333333
0.833404 0.0851325 0.0814635
0.0913327 0.575334 0.333333
