0.342609 0.657391 0
0.544054 0.205946 0.25
1 0 0
0.0646874 0.517402 0.41791
0.854683 0.145317 5.55112e-16
0.313616 0.686384 0
2.24349e-21 0.101557 0.898443
0.380827 0.619173 0
0.37258 0.11896 0.50846
0.157034 0.139122 0.703844
0.112223 0.887777 1.44329e-14
0.10256 0.292595 0.604846
3.72304e-07 0.631667 0.368333
0.0996913 4.66654e-05 0.900262
0.182476 0.241939 0.575585
0.281983 0.3595 0.358517
0.706092 0.293908 0
4.07281e-21 0.184365 0.815635
0.0749522 0.163386 0.761662
0.0640815 0.06584 0.870079
0.478595 0.521405 8.42704e-12
0.749167 0.250833 0
0.434865 0.140118 0.425017
0.271112 0.728888 0
0.469096 0.262486 0.268418
7.67272e-21 0.347324 0.652676
0.75 0 0.25
0.600819 0.139444 0.259738
0.443634 0.556366 0
0.0174762 0.47542 0.507104
0.200883 0.799117 6.79679e-13
9.26479e-21 0.419392 0.580608
0.926338 0.0736616 0
0.0789031 0.671097 0.25
0 0 1
0.884652 0.115348 0
0.513416 0.486584 0
0.0715716 0.235547 0.692881
0.345354 0.196324 0.458322
0.147485 0.852515 6.79679e-13
6.78456e-21 0.307119 0.692881
0.596509 0.403491 1.55653e-13
0.308291 0.120837 0.570872
0.234862 0.515138 0.25
0.0445322 0.955468 4.3443e-13
0.415484 0.334516 0.25
0.0784787 0.921521 0
0.340219 0.0440214 0.61576
0.162226 0.0176936 0.82008
0.97215 0.0278504 0
0.232523 0.0011882 0.766289
0.656177 0.000224954 0.343598
0.411407 0.588593 0
0.566733 0.433267 0
0.120475 0.220815 0.658709
0.558317 0.118853 0.322829
0.254318 0.217772 0.52791
0.561932 0 0.438068
0.2316 0.295267 0.473133
0.370972 0.247847 0.381181
0.251808 0.0769204 0.671272
0.50811 0.101159 0.390731
0.173143 0.534242 0.292615
0.195752 0.430414 0.373834
0.249281 0.349691 0.401028
0.381751 0.303939 0.314309
0.500916 0 0.499084
0.154152 0.490882 0.354965
0.306597 0 0.693403
0.101745 0.432662 0.465593
0.312206 0.249028 0.438765
0.822788 0.177212 0
1.26097e-20 0.570809 0.429191
0.483838 0.0667245 0.449437
0.171053 0.385348 0.443599
0.0869788 0.106785 0.806236
0.0206663 0.022298 0.957036
0.0189028 0.680876 0.300221
0.0838407 0.569764 0.346395
0.397578 0 0.602422
0.232944 0.155855 0.611202
0.697159 0.0210406 0.2818
5.55654e-17 1 0
0.150234 0.333585 0.516181
0.0725953 0.38363 0.543774
0.792107 0.207893 0
0.431993 0.0243261 0.543681
0.00015475 0.232988 0.766858
0.233121 0.766879 0
0.626368 0.373632 5.54001e-14
0.285015 0.45935 0.255634
0.348952 0.401048 0.25
0.142733 0.606258 0.251009
0.460227 0.194812 0.344961
0.592673 0.0334553 0.373871
0.674194 0.0758062 0.25
0.179992 0.0624905 0.757517
0.664025 0.335975 0
1.65682e-20 0.75 0.25
0.263512 0.428264 0.308224
