0.296789 0.306319 0.396892
3.59842e-17 0.647601 0.352399
0 0.110973 0.889027
0.521101 1.35647e-08 0.478899
0.320088 0.111277 0.568635
0.0409325 0.959068 0
0 0 1
0.938959 0.0610413 0
1.60295e-08 0.389405 0.610595
0.159077 0.115255 0.725669
0.646156 0.00280178 0.351042
0.0877723 0.58537 0.326857
0.11752 0.0877128 0.794767
0.0382579 0.14305 0.818692
0.75 0 0.25
0.0894613 0.000387911 0.910151
0.16447 0.432478 0.403052
0.623853 0.376147 0
0.360588 0.332752 0.30666
0 0.462919 0.537081
0 0.522969 0.477031
0.155315 0.844685 0
0.0825362 0.442005 0.475458
0.236673 0.222996 0.540331
1 0 0
0.184385 0.563784 0.251831
0.169932 0.295148 0.53492
0.691227 0.308773 0
0.0757361 0.513991 0.410273
0.287416 0.39864 0.313944
0.0977101 0.360945 0.541345
0.0968033 0.303783 0.599413
0.55871 0.44129 0
0.728947 0.271053 0
0.526394 0.473606 0
0.39303 0.0720504 0.53492
0.204491 0.314388 0.481121
0.120283 0.879717 0
0.223969 0.0640191 0.712012
0.594133 0.119465 0.286402
0.211474 0.462356 0.32617
0.25073 0.499246 0.250024
0.585935 0.414065 0
0.0189609 0.334491 0.646548
0.194764 0.805236 0
0.285542 0.236521 0.477937
0.237708 0.00457996 0.757712
0.275518 0.724482 0
0.4862 0.5138 0
5.55654e-17 1 0
0.160285 0.246425 0.593289
0.409881 0.243124 0.346994
0.444963 6.81383e-10 0.555037
0.85473 0.14527 0
0.28012 0.0836007 0.636279
0.38394 0.61606 0
0.13872 0.508881 0.352399
0.4442 0.5558 0
0.378946 0.00292554 0.618128
0.234102 0.765898 0
0.443991 0.306007 0.250003
0.0792748 0.161609 0.759116
0.41894 0.58106 0
0.687051 0.0410813 0.271868
0.511829 0.236207 0.251964
0.080161 0.919839 0
0.59065 1.04916e-09 0.40935
0.437678 0.122887 0.439434
0.141734 0.385877 0.472389
0 0.75 0.25
0.0220873 0.58728 0.390633
0.000718484 0.283035 0.716247
0.272783 0.171181 0.556036
0.968175 0.0318246 0
0.0258884 0.688348 0.285764
0.524165 0.118414 0.35742
0.331963 0.416406 0.25163
0.65369 0.0962869 0.250024
0.254448 0.358713 0.386839
0.564629 0.0461372 0.389234
0.378346 0.138968 0.482686
0.0743698 0.25378 0.67185
0.895494 0.104506 0
0.568492 0.181505 0.250003
0.656003 0.343997 0
0.131881 0.191408 0.676711
0.349143 0.650857 0
0.0113295 0.045263 0.943408
0.458107 0.1679 0.373992
0.464329 0.0649808 0.47069
1.1717e-07 0.206875 0.793125
0.0803067 0.0606553 0.859038
0.212778 0.151332 0.63589
0.308207 1.56502e-05 0.691777
0.313838 0.686162 0
0.810787 0.189213 0
0.367356 0.199915 0.432729
0.170456 0 0.829544
0.118331 0.630039 0.25163
0.767997 0.232003 0
