0.353667 0.396277 0.250056
0.0894019 0.445353 0.465245
0.286194 0.379535 0.334271
0.144613 0.855387 0
0.443227 0.146478 0.410295
0.33386 0.66614 0
1 0 0
0.225787 0.343463 0.43075
0.139144 0.61046 0.250396
0 1 0
0.49431 0.00023347 0.505457
0.0711402 0.546092 0.382768
0.771794 0.228206 0
0.247112 0.0789305 0.673958
0.206282 0.5432 0.250518
1.70516e-05 0.397095 0.602888
0.444711 0.555289 0
0.601872 0.0580883 0.34004
7.93784e-05 0.593229 0.406692
0.738532 0.261468 0
0.691226 0.0587178 0.250056
0.00465159 0.515018 0.48033
0.482594 0.517406 0
0.107908 0.339316 0.552777
0.120933 0.47896 0.400107
0.497185 0.246067 0.256748
0.0466308 0.953369 0
0.104008 0.570135 0.325857
0.236991 0.4426 0.320409
0.63288 0.36712 0
0.324109 0.0180568 0.657834
0.441127 0.308477 0.250396
0.20482 6.39289e-06 0.795174
0.923122 0.0768784 0
0.0429909 0.412741 0.544268
4.3861e-05 0.0887472 0.911209
0 0.75 0.25
0.105755 0.203548 0.690697
0.191264 0.05592 0.752816
0.336659 0.303975 0.359366
0.671095 0.328905 0
0.961264 0.0387363 0
0.673068 0 0.326932
0.260109 0.245245 0.494646
0.404156 0.238324 0.35752
0.595474 0.404526 0
0.517087 0.482913 0
0.850756 0.149244 0
0.393256 0.316969 0.289775
7.27577e-05 0.661564 0.338363
0 0.223575 0.776425
0.524262 0.0359585 0.439779
0.0251738 0.253837 0.720989
0.304686 0.193721 0.501592
0.439315 0.0745798 0.486106
0.15366 0.367752 0.478588
0.295037 0.704963 0
0.179362 0.29908 0.521558
0.3588 0.0824546 0.558745
0.635767 0.100261 0.263972
0.20045 0.181155 0.618395
0.145296 0.133695 0.721009
0.244687 0.755313 0
0.119632 0.097983 0.782385
0.166717 0.49026 0.343024
0.704157 0.295843 0
0.0629634 0.00253725 0.934499
0.10721 0.89279 0
0.376372 0.623628 0
0.608467 0.000166713 0.391366
0.179009 0.820991 0
0.0863679 0.294245 0.619387
0.075349 0.0703691 0.854282
0.134187 0.00106363 0.864749
0.000653945 0.153771 0.845575
0.492176 0.188419 0.319405
0.232055 0.209527 0.558419
0.300111 0.130882 0.569007
0.289578 0.46 0.250422
0.147256 0.25493 0.597814
0.570351 0.179649 0.25
0.351919 0.21485 0.433231
0.219915 0.780085 0
0.75 0 0.25
1.59065e-05 0.328771 0.671213
0.435362 0.000104399 0.564533
0.553881 0.446119 0
0.382695 0.160806 0.456499
0.888097 0.111903 0
0.200668 0.416564 0.382768
0.269484 0 0.730516
0 0 1
0.0610581 0.680137 0.258805
0.0771608 0.922839 0
0.29914 0.27937 0.42149
0.0538021 0.160387 0.785811
0.380613 1.70757e-07 0.619387
0.510502 0.116843 0.372655
0.814761 0.185239 0
0.417406 0.582594 0
