0.343247 0.404305 0.252448
0.377832 0.622168 0
0.0288281 0.971172 0
0.162023 5.26605e-05 0.837924
0.0748645 0.18778 0.737356
1 0 0
0.12759 0.323453 0.548957
1.60627e-20 0.75 0.25
0.319311 0 0.680689
0.11849 0.88151 0
0.0799136 0.232321 0.687765
0.585436 0.000190278 0.414374
0.283824 0.466176 0.25
0.401116 0.29927 0.299614
0.102623 0.380397 0.51698
0.741485 0.258515 0
3.69457e-17 0.664655 0.335345
0.125994 0.1139 0.760106
0.16804 0.170531 0.661429
0.675652 0.0719 0.252448
0.847357 0.152643 0
0.411735 0.588265 0
0.00877897 0.0427192 0.948502
0.144373 0.605627 0.25
0.388997 0.0620455 0.548957
0.224064 0.0790108 0.696925
0.0182752 0.16008 0.821645
0.303176 0.27472 0.422104
0.332968 0.329567 0.337464
0.0869037 0.0785619 0.834534
0.15775 0.0444202 0.79783
0.596495 0.403505 0
2.7339e-17 0.491831 0.508169
5.55862e-17 1 0
0.196418 0.477247 0.326335
0.477099 0.166552 0.356349
0.254424 0.346098 0.399478
0.75 0 0.25
0.680446 0 0.319554
6.76437e-21 0.315842 0.684158
0.769552 0.230448 0
0.23412 0.76588 0
0 0 1
0.267889 0.255867 0.476243
0.4755 0.5245 0
0.155268 0.844732 0
0.326436 0.167792 0.505772
0.0665932 0.0111221 0.922285
0.641222 0.358778 0
0.100421 0.500101 0.399478
0.482113 0 0.517887
9.44983e-05 0.115667 0.884239
0.945713 0.0542874 0
0.6427 0.0146591 0.342641
0.622253 0.127594 0.250153
0.136898 0.552568 0.310533
0.088996 0.649827 0.261177
0.274232 0.725768 0
0.43003 0.31997 0.25
0.0163853 0.528122 0.455493
4.62106e-21 0.215767 0.784233
0.91193 0.0880703 0
0.476491 0.244923 0.278587
0.448293 0.551707 0
0.29235 0.398394 0.309256
0.36461 0.183611 0.451779
0.205079 0.299167 0.495754
0.969774 0.0302255 0
0.515203 0.484797 0
0.0495079 0.598356 0.352136
0.703249 0.296751 0
0.236682 0.203762 0.559556
0.193786 0.806214 0
0.248261 0.00867222 0.743067
0.287423 0.0651798 0.647397
0.536382 0.00558041 0.458037
0.248906 0.125198 0.625896
0.812081 0.187919 0
0.231594 0.408715 0.359691
0.585819 0.093562 0.320619
0.335301 0.108244 0.556455
0.00610835 0.603397 0.390495
0.514163 0.0762457 0.409591
8.50296e-21 0.397021 0.602979
0.148562 0.248631 0.602806
0.151234 0.397479 0.451288
0.547828 0.202172 0.25
0.0433421 0.41792 0.538738
0.370793 5.82143e-05 0.629149
0.309181 0.690819 0
0.0690006 0.316793 0.614206
0.216368 0.533632 0.25
5.84416e-21 0.272876 0.727124
0.66859 0.33141 0
0.332982 0.667018 0
0.405074 0.230301 0.364625
0.560866 0.439134 0
0.432533 0.120749 0.446718
0.0761389 0.923861 0
0.875507 0.124493 0
