0.410539 0.0842056 0.505255
0.712054 0.287946 0
0 1 0
0.0620691 0.00394772 0.933983
0.749999 0 0.250001
0.875198 0.124802 0
0.132727 0.39572 0.471552
0.000145199 0.536307 0.463548
0.0127005 0.379967 0.607332
0.140561 0.287668 0.571771
3.6991e-05 0.61848 0.381483
0.594911 0.405089 0
0.522622 0.477378 0
0.414271 0.0157353 0.569994
0.188664 0.504728 0.306608
0.258213 0.418465 0.323322
0.267334 0.732666 0
0.0470414 0.952959 0
0.318762 0.431237 0.250001
0.481414 0.268585 0.250001
0.0788893 0.288625 0.632486
0.143789 0.856211 0
0.428788 0.242347 0.328865
0.214445 0.153069 0.632486
0.0133125 0.258867 0.727821
0.17278 0.462233 0.364986
0.294913 0.13564 0.569447
0.115368 0.884632 0
7.62329e-21 0.749999 0.250001
0.126605 0.000739495 0.872656
0.0987143 0.492805 0.408481
0.935806 0.0641936 0
0.638428 0.361572 0
0.340931 0.228616 0.430453
0.0523872 0.63257 0.315043
0.337507 0.0706284 0.591865
0.415933 0.584067 0
0.377765 0.622235 0
0.0997817 0.158541 0.741677
0.0748547 0.925145 0
0.584739 0.0563289 0.358932
0.176253 0.127887 0.69586
0.340317 0.372068 0.287615
0.236347 0.513652 0.250001
0.569948 0.180051 0.250001
0.972838 0.0271616 0
0.368463 0.16868 0.462857
0.593116 0.00110491 0.405779
0.572965 0.117437 0.309598
0.414314 0.317939 0.267747
0.339832 0.660168 0
0.199594 0.0701762 0.73023
0.908217 0.0917828 0
0.237312 0 0.762688
0.452112 0.547888 0
0 0 1
0.769201 0.230799 0
0.0360671 0.555452 0.408481
0.552453 0.447547 0
1 0 0
0.518589 0.0955304 0.385881
0.311923 0 0.688077
0.151094 0.0483346 0.800571
0.358578 0.26018 0.381242
0.187533 0.812467 0
6.09823e-09 0.688419 0.311581
0.491638 1.06448e-07 0.508362
0.166188 0.310771 0.523041
0.485472 0.514528 0
0.67659 0.32341 0
0.445822 0.118103 0.436075
0.226281 0.239347 0.534372
5.07561e-05 0.327981 0.671968
0.308262 0.691738 0
0.310269 0.328185 0.361545
0.527365 0.0319027 0.440733
0.267125 0.276077 0.456798
0.0105111 0.0650671 0.924422
0.258451 0.187529 0.554021
0.802873 0.197127 0
0.0652464 0.103768 0.830985
1.93464e-10 0.442498 0.557502
1.66498e-07 0.141168 0.858832
6.24577e-09 0.199429 0.800571
0.745215 0.254785 0
0.488751 0.176823 0.334426
0.148991 0.241221 0.609788
0.840777 0.159223 0
0.359094 0 0.640906
0.0787939 0.671205 0.250001
0.078612 0.235741 0.685647
0.0493334 0.448649 0.502018
0.675935 0.074064 0.250001
0.66946 0 0.33054
0.223352 0.776648 0
0.142345 0.589908 0.267747
0.220185 0.349363 0.430453
0.0755494 0.368336 0.556115
0.259464 0.0685668 0.671969
0.100876 0.56002 0.339104
