0.569803 0.111061 0.319136
1 0 0
0.306352 0.693779 2.08025e-05
0.964603 0.0354155 2.44141e-06
0.554965 0.0720214 0.373014
0.325105 0.0694186 0.605476
0.66023 0.0897704 0.25
0.0465106 0.123255 0.830234
0.0860572 0.511708 0.402235
0.189252 0.351617 0.459131
9.15938e-05 0.107743 0.892165
0.166269 0.568906 0.264825
0.108409 0.282852 0.608738
0.390343 0.281433 0.328223
0.1214 0.6286 0.25
0.000860956 0.178744 0.820396
0.251822 0.748178 0
0.521873 0 0.478127
0.0716213 0.00551254 0.922866
0.828969 0.171031 0
0.307851 0.227869 0.464279
0.21633 0.168506 0.615164
0.754022 0.245978 0
0.348992 0.260744 0.390263
0.596349 0.0107214 0.39293
0.603613 0.136993 0.259394
0.52562 0.183577 0.290803
0.366344 0.150429 0.483227
0.680916 0.319084 0
0.114717 0.335947 0.549336
0.75 0 0.25
0.407899 0.342029 0.250072
0.235529 0.249317 0.515154
0.137268 0.21525 0.647482
0.188807 0.0843803 0.726812
0.28996 0.343862 0.366178
0.710163 0.289837 0
0.155151 0.430656 0.414193
0.432839 0.181574 0.385587
0.0620485 0.224827 0.713125
0.476015 0.11326 0.410724
0.274527 0.177413 0.54806
0.297408 0.452592 0.25
0.2645 0.313669 0.421831
0.465833 0.243696 0.290471
0.602893 0.397107 0
0.258012 0.424726 0.317262
0.0273572 0.674778 0.297865
0 1 0
0.23065 5.39827e-08 0.76935
0.895058 0.104942 0
0.371072 0.628928 0
0.569658 0.430342 0
0.0743095 0.92569 0
4.73074e-05 0.0556484 0.944304
0.499873 0.500127 0
0.0331803 0.463906 0.502914
0.0601402 0.588739 0.351121
0.000126014 0.251855 0.748019
0.176605 0.823395 0
0.417912 0.0406683 0.54142
0.350794 0.106235 0.542971
0.304209 0.0031987 0.692592
0.645218 0.354782 0
0.0622515 0.161039 0.776709
0.119839 0.558732 0.321429
0.0389628 0.961037 0
0.332529 0.667471 0
0.137459 0.102492 0.760049
0 0.612022 0.387978
0.0340103 0.368335 0.597654
0.939253 0.0607474 0
0.112685 0.40029 0.487025
0.467554 0.00811334 0.524332
0.327396 0.381801 0.290803
0.232912 0.51662 0.250468
0.232909 0.10409 0.663001
0 0.331917 0.668083
0 0.431556 0.568444
0.391957 1.75798e-08 0.608043
0.661752 0 0.338248
0.500231 0.249769 0.25
0.860295 0.139705 0
0.639386 0.0595696 0.301045
0.105488 0.894512 0
0.535543 0.464457 0
0.00528965 0.54216 0.45255
0.181318 0.480502 0.33818
0.216827 0.391519 0.391654
0.793556 0.206444 0
0.278878 0.721122 0
0.212036 0.787964 0
0.462214 0.537786 0
0 0.75 0.25
0.141103 0.858897 0
5.3066e-21 1.79099e-20 1
0.1847 0.28766 0.52764
0.421761 0.578239 0
0.0831361 0.0486753 0.868189
0.158465 0.0125554 0.828979
