0.320254 0.679746 0
0.235484 0.514516 0.25
0.309704 0.174027 0.516268
0.909084 0.0909157 0
0.116987 0.883013 0
0.75 0 0.25
0.22594 0.438117 0.335943
0.271892 0.0346564 0.693452
0.491839 0.256588 0.251573
0.399523 0.164998 0.435478
0.564123 0.185877 0.25
0.0013929 0.209987 0.78862
0.150127 0.206331 0.643542
0.0253803 0.560922 0.413698
0.0899226 0.497742 0.412335
0.0881947 0.661805 0.25
0.0638739 0.34892 0.587206
0.641807 0.358193 0
0.180946 0.427709 0.391346
0.48176 0.51824 0
5.24187e-21 0.386782 0.613218
0.759879 0.240121 0
0.378089 0.352509 0.269402
0.340346 0.220659 0.438995
0.466333 0 0.533667
0.435667 0.108557 0.455775
0.000126574 0.252221 0.747653
0.251546 0.345719 0.402734
0.599882 0.400118 0
0.334951 0.324839 0.340211
0.453204 0.216141 0.330656
0.293807 0.27416 0.432033
3.24624e-05 0.064687 0.935281
0.119894 0.166655 0.71345
0.232296 0.117868 0.649836
0.61378 0.0761058 0.310114
0.0443891 0.955611 0
0 0.75 0.25
0.322933 0.427067 0.25
0.521735 0.0649745 0.413291
6.52815e-05 0.130085 0.86985
0.0583618 0.102844 0.838794
0.225395 0.30324 0.471365
0.387635 0.612365 0
5.10999e-05 0.661307 0.338642
0.0731699 0.603528 0.323302
0.543592 0.135449 0.320959
0.00202688 0.450021 0.547953
0.67956 0.0692784 0.251161
0.159748 0.588678 0.251573
0.602456 0.00232994 0.395214
0.0332712 0.694448 0.27228
7.03109e-21 0.518803 0.481197
0.328745 0.000612642 0.670642
1 0 0
0.382945 0.241613 0.375442
0.204436 0.0640643 0.731499
0.430156 0.043019 0.526825
0.0683562 0.00715332 0.924491
0.0936017 0.0287101 0.877688
0.15106 0.357066 0.491874
0.156861 0 0.843139
0.000169438 0.337635 0.662196
0.229746 0 0.770254
0.720757 0.279243 0
0.956349 0.0436511 0
0.240264 0.759736 0
0.874222 0.125778 0
0.164941 0.836988 0.000257612
0.141767 0.522417 0.335816
0.280408 0.150002 0.56959
0.68666 0 0.31334
0.247324 0.232479 0.520198
0.507778 0.492222 0
0.201604 0.195694 0.602702
0.833217 0.166783 0
0.128113 0.0877922 0.784095
0.677141 0.32294 1.27507e-05
0.287872 0.388954 0.323175
0.141967 0.29816 0.559873
0.0570478 0.163993 0.77896
0.392452 0 0.607548
0.557636 0.442364 0
0.317254 0.0751973 0.607548
0.47128 0.157142 0.371578
0 0 1
0.0792032 0.438759 0.482038
0.548359 0.00978418 0.441856
0.27776 0.72224 0
0.431098 0.568902 0
0.0829156 0.917084 0
0.371711 0.0954621 0.532827
0.0456166 0.27151 0.682873
0.111085 0.278742 0.610174
0.794789 0.205211 0
0.632157 0.117843 0.25
0.358265 0.641735 0
0.194532 0.805691 2.9469e-05
1.35525e-20 1 0
0.437545 0.311791 0.250663
