0.293801 0.145903 0.560295
0.920399 0.0796005 0
0.19907 0.548774 0.252157
0.749999 0 0.250001
0.199018 0.143577 0.657405
0.541836 0.458164 0
0.109974 0.890026 0
0.580571 0.419429 0
0.50149 0.130305 0.368206
0.178319 0.821681 0
0.848533 0.151467 0
0.246145 0 0.753855
0 1 0
0.549051 0.057854 0.393095
1 0 0
0 0.749999 0.250001
0.609448 0.138786 0.251766
0.441357 0.245258 0.313385
0.027117 0.606261 0.366622
0.265994 0.484005 0.250001
0.0926989 0.00123798 0.906063
0.25301 0.74699 0
0.435999 0 0.564001
0.811384 0.188616 0
0.000423272 0.471542 0.528034
0.364308 0.254377 0.381315
0.330336 0.21469 0.454974
0.682571 0.0674287 0.250001
0.000377981 0.174469 0.825153
0.0361639 0.963836 0
0.766409 0.233591 0
0.681191 0.318809 0
0.959903 0.0400966 0
0.217069 0.782931 0
0.156164 0.281992 0.561844
0.14432 0.85568 0
0.637118 0.362882 0
0.131879 0.131621 0.7365
0 0 1
0.237063 0.186045 0.576892
0.40119 0.59881 0
0.372572 0.315092 0.312336
0.140079 0.212607 0.647314
0.474048 0.525952 0
0.0574169 0.16173 0.780853
0.438632 0.0920372 0.46933
0.133399 0.438452 0.428149
0.10864 0.56224 0.329119
0.272104 0.301313 0.426582
0.607238 0.0519278 0.340834
0.23869 0.394688 0.366622
0.209979 0.323178 0.466843
0.0688244 0.482731 0.448445
0.602153 0.397847 0
0.670837 0 0.329163
0.512516 0.487484 0
0.180301 0 0.819699
0.296896 0.327181 0.375922
0.364473 0.635527 0
0.354583 0.144951 0.500466
0.110871 0.0676836 0.821446
0.532202 0.15473 0.313068
0.112865 0.518378 0.368757
0.172392 0.371739 0.45587
0.441897 0.558103 0
0.24349 0.242603 0.513907
0.894073 0.105927 0
0.715589 0.284411 0
0.0891642 0.3137 0.597135
0.0952878 0.204298 0.700414
0.3306 0.419377 0.250023
0.289265 0.710735 0
0.189831 0.068992 0.741177
0.497654 0 0.502346
0 0.561036 0.438964
0.351198 0.0692624 0.579539
0 0.681556 0.318444
0.00208916 0.0715352 0.926376
0.319251 0 0.680749
0.399271 0.350728 0.250001
0.259643 0.440333 0.300023
0.0563154 0.281436 0.662248
0.128912 0.621087 0.250001
0.0319 0.0181692 0.949931
0.434703 0.168595 0.396702
0.04833 0.0995416 0.852128
9.40967e-05 0.237043 0.762863
0.079422 0.670577 0.250001
0.594177 0 0.405823
0.0731894 0.926811 0
0.356948 0.0161239 0.626928
2.12733e-05 0.402843 0.597135
0.545167 0.204833 0.250001
0.0812297 0.384476 0.534295
0.325039 0.674961 0
0 0.321541 0.678459
0.193805 0.465361 0.340834
0.403342 0.079546 0.517112
0.462101 0.286011 0.251888
0.278886 0.074914 0.6462
