0.150306 0.399232 0.450461
0.168309 0.270596 0.561095
0.542904 0.0220678 0.435028
0.146014 0.853986 0
0 0 1
0.0570145 0.089896 0.85309
0.226573 0.374872 0.398555
0.610373 1.86746e-06 0.389626
0.644449 0.105551 0.25
0.149482 0.222634 0.627884
0.20481 0.167306 0.627884
0.0411438 0.41982 0.539036
0.331758 0.668242 0
0.0902867 0.332243 0.57747
0.40949 0.0157419 0.574768
0 1 0
0.722248 0.277752 0
0.484585 0.190119 0.325296
0.437508 0.0660406 0.496451
0.212462 0.309927 0.477611
0.217089 0.782911 0
0.339856 0.203377 0.456767
0.0717546 0.619122 0.309124
0.0742373 2.22019e-05 0.925741
0.915118 0.0848819 0
0.306617 0.0267382 0.666644
0.123949 0.356876 0.519175
3.13138e-09 0.0851551 0.914845
2.44267e-05 0.4013 0.598675
0.521056 0.106677 0.372267
0.312157 0.320083 0.36776
0.12543 0.536663 0.337907
0.869166 0.130834 0
0.0459058 0.319391 0.634703
1 0 0
0.624637 0.375363 0
0.0427836 0.578668 0.378548
0.0287385 0.700147 0.271114
0.284065 0.182656 0.533279
0.611557 0.0636483 0.324795
0.170222 0.579778 0.25
0.838146 0.161854 0
0.96094 0.03906 0
0.246267 0.753733 0
0.281544 0.718456 0
0.111188 0.479957 0.408855
0.0877036 0.662296 0.25
0.0756035 0.924396 0
0.365297 4.61224e-12 0.634703
0.757693 0.242307 0
0.282604 0.392595 0.324801
0.350791 0.0885049 0.560704
0.154999 0.133674 0.711327
0.428164 0.185027 0.386808
0.245923 8.91944e-05 0.753988
0.0689101 0.13503 0.79606
0.692891 0.00192135 0.305187
0.183817 0.427118 0.389065
0.407058 0.266171 0.326771
0.11954 0.88046 0
0.655278 0.344722 0
0.259803 0.121977 0.618219
0.52194 0.47806 0
0.00090377 0.165531 0.833566
0.225793 0.467042 0.307165
0.0168798 0.541542 0.441578
0.17821 0.82179 0
0.3485 0.251538 0.399962
2.47519e-21 0.75 0.25
0.076114 0.446275 0.477611
0.000672071 0.298662 0.700666
4.46926e-06 0.236002 0.763993
0.445001 0.304999 0.25
0.362604 0.637396 0
0.0371461 0.962854 0
0.000510492 0.498492 0.500997
0.591037 0.408963 0
0.281051 0.278329 0.44062
0.220312 0.0624229 0.717265
0.145845 0.0796908 0.774464
0.489884 0.510116 0
0.457764 0.12712 0.415116
0.172161 0 0.827839
0.323267 0.42449 0.252243
0.383783 0.122732 0.493485
0.444206 0.555794 0
0.560386 0.439614 0
0.225301 0.235662 0.539036
0.370337 0.366751 0.262912
4.35962e-07 0.649514 0.350485
0.408279 0.591721 0
0.0845848 0.198679 0.716736
0.522983 0.226003 0.251014
0.75 0 0.25
0.690084 0.309916 0
0.574248 0.159708 0.266044
0.249639 0.50034 0.250021
0.0649833 0.267445 0.667572
0.800867 0.199133 0
0.484169 8.79666e-06 0.515823
