0.673425 0.0100201 0.316555
0.16655 0.350029 0.483421
0 0.322248 0.677752
0.256959 0.209467 0.533574
0.659201 0.340799 0
0.132465 0.491766 0.37577
0.22794 0.188561 0.583498
0.082058 0.538081 0.379861
0.247276 0.0831734 0.66955
0.205247 0.48172 0.313033
0.743437 0.256563 0
0.922694 0.0773064 0
0.468867 0.0808229 0.45031
0.230009 0.769991 0
0.0783715 0.348594 0.573034
0.584843 0.415157 0
0.329558 0.373352 0.29709
0.136953 1.3797e-06 0.863046
0.532657 0.00446209 0.462881
0.460199 0.124023 0.415778
0.960764 0.0392357 0
0.114072 0.885928 0
0.0818748 0.211232 0.706893
0.619909 0.130091 0.25
0.18794 0.423571 0.388489
1 0 0
0.162103 0.287757 0.550141
0.159416 0.211381 0.629202
0 0.405387 0.594613
0 1 0
0.466631 0.533369 0
5.70345e-09 0.238906 0.761094
0.321092 0.0503811 0.628526
0.259158 0.740842 0
0.270811 3.35317e-06 0.729186
3.70337e-05 0.0902947 0.909668
0.401122 0.126588 0.47229
0.689138 0.0608616 0.25
0.165859 0.100786 0.733355
0.272119 0.122311 0.60557
0.363777 0.385422 0.250801
0.821435 0.178565 0
0.0818539 0.918146 0
0.0633888 0.287515 0.649096
0.0224902 0.689311 0.288198
0.704844 0.295156 0
0.151976 0.848024 0
0.105219 0.582302 0.31248
0.333497 0.666503 0
0.254758 0.397033 0.348209
0.859272 0.140728 0
0.0464947 0.953505 0
0.288504 0.711496 0
0.547273 0.452727 0
0.521139 0.15057 0.328291
0.0573422 0.42616 0.516498
0.377826 0.0768838 0.54529
0.483133 0.220089 0.296779
0.412863 0.0103698 0.576767
0.456618 0.293279 0.250103
0.386932 0.285806 0.327262
0.203481 0.546519 0.25
0.198045 0.0058072 0.796148
0.289534 0.449572 0.260894
0.00646481 0.524294 0.469242
0.75 0 0.25
0.604088 0.0684998 0.327412
1.70868e-20 0.75 0.25
0.143517 0.169942 0.686541
0.36631 0.63369 0
0.399994 0.600006 0
0.180733 0.819267 0
0.0595223 0.00866145 0.931816
0.779107 0.220893 0
0.0203855 0.118516 0.861098
0.891392 0.108608 0
0.214308 0.130227 0.655464
0.113616 0.636384 0.25
0 0.481878 0.518122
0.618377 0.000218855 0.381404
0.363198 0.213289 0.423513
0.57012 0.0477666 0.382113
6.82145e-17 9.86442e-17 1
0.0857164 0.083541 0.830743
0.469731 2.45753e-06 0.530267
0.509571 0.490429 0
0.117649 0.41311 0.469242
0.106345 0.117605 0.77605
0.336777 4.16996e-06 0.663219
0.421725 0.192243 0.386032
9.824e-08 0.651791 0.348209
0.0308405 0.172744 0.796416
0.434302 0.565698 0
0.547469 0.202531 0.25
0.333526 0.168465 0.498009
0.296462 0.323802 0.379736
0 0.584222 0.415778
0.622021 0.377979 0
0.230742 0.341265 0.427992
0.274363 0.259454 0.466183
