0.23324 0.289953 0.476807
0.196079 0.469728 0.334193
0.764165 0.235835 0
0.172749 0.228082 0.59917
0.871925 0.128075 0
0.0393766 0.960623 0
0.568497 0.431503 0
0.412427 0.179822 0.407751
0.535832 0.464168 0
0.350999 0.331973 0.317027
0.267145 0.732855 0
0.63935 0.36065 0
0.0538784 0.375194 0.570928
0.324087 2.4316e-06 0.675911
0.225992 0.163193 0.610815
0 1 0
0.524825 0.173043 0.302132
0.515391 0.107434 0.377175
0.75 0 0.25
0.15648 0.84352 0
0.0446659 0.238763 0.716571
0.241656 0.508344 0.25
0.0257108 0.0421023 0.932187
0.0715552 0.161421 0.767024
0.486289 0.513711 0
0.181986 1.22497e-05 0.818002
0.907978 0.092022 0
0.0134313 0.425982 0.560587
0.334059 0.415287 0.250654
0.632678 0.0010508 0.366271
1.61328e-05 0.352653 0.64733
2.86132e-17 0.684869 0.315131
0.390395 0.013593 0.596012
0.0691502 0.294868 0.635981
0.201695 0.0603232 0.737982
0.272926 0.430429 0.296645
0.150353 0.526515 0.323133
0.375915 0.624085 0
0.563892 0 0.436108
0.245413 0.203719 0.550868
0.172009 0.355709 0.472283
0.795498 0.204502 0
0.135651 0.313481 0.550868
0.106415 1.23255e-05 0.893573
0.441154 0.558846 0
0.159222 0.59074 0.250039
1 0 0
4.16613e-17 0.75 0.25
0.107633 0.620775 0.271593
0.161965 0.146373 0.691663
0.412957 0.587043 0
0.0765799 0.92342 0
0.32335 0.24444 0.432211
0.470059 0.210805 0.319136
0.290184 0.332974 0.376842
0 0.59443 0.40557
0.446671 0.289539 0.263789
0.0447195 0.705242 0.250039
0.0759286 0.57833 0.345742
0.452702 0.000192801 0.547105
0.522281 0.227719 0.25
0.415475 0.0701843 0.514341
0.301767 0.698233 0
0.074651 0.436275 0.489074
0.246248 5.63513e-05 0.753696
0.118195 0.058185 0.82362
0.0168489 0.523806 0.459345
5.13722e-18 0.122962 0.877038
0.511208 0.000849053 0.487943
0.117662 0.494435 0.387903
0.205683 0.794317 0
0.607823 0.392177 0
0.249734 0.393852 0.356414
0.405777 0.134878 0.459345
0.239941 0.760059 0
0.942152 0.057848 0
0.691605 0.0583945 0.25
1.85217e-06 0.48659 0.513408
0.301649 0.186129 0.512222
0.833041 0.166959 0
0.25358 0.0625938 0.683826
0.602506 0.0868283 0.310666
0.719967 0.280033 0
0.331008 0.668992 0
0.623761 0.126239 0.25
0.11616 0.88384 0
0.182021 0.411921 0.406058
0.112784 0.196267 0.690949
1.10689e-06 0.290796 0.709203
0.472692 0.0960238 0.431284
0.0953213 0.117779 0.7869
0.970028 0.0299722 0
0 0 1
0.377733 0.245425 0.376842
0.680719 0.319281 0
1.08378e-17 0.195106 0.804894
0.339342 0.114381 0.546277
0.394654 0.355308 0.250037
0.28685 0.0928107 0.62034
0.674287 8.35384e-05 0.325629
