0.574136 0.0801671 0.345697
0.188746 0.811254 0
0.0305505 0.585748 0.383701
0.230613 0.769387 0
5.56891e-21 4.93017e-23 1
0.136557 0.164803 0.698639
0.493039 0.506961 0
0.350414 0.352299 0.297287
0.000275114 0.431338 0.568387
0.264808 0.735192 0
0.762444 0.237556 0
0.274822 0.000127402 0.725051
0.303899 0.0319444 0.664156
0.528222 0 0.471778
0.129583 0.524372 0.346045
0.268493 0.0958344 0.635673
0.369781 3.67162e-05 0.630183
0.380061 0.143782 0.476157
0.795065 0.204935 0
2.01658e-20 0.75 0.25
0.000941458 0.33126 0.667798
0.826866 0.173134 0
0.75 0 0.25
0.669616 0.330384 0
2.31545e-05 0.648074 0.351902
0.0361841 0.693763 0.270053
0.0975678 0.511355 0.391078
2.7256e-05 0.0935348 0.906438
0.446831 0.152535 0.400634
0.0381774 0.961823 0
0.449747 0.550253 0
0.294441 0.408271 0.297287
0.0659152 0.26363 0.670454
0.433528 0.0534901 0.512982
0.70388 0.29612 0
0.240828 0.0601118 0.699061
0.100704 0.298871 0.600424
0.156271 0.093763 0.749966
0.375217 0.624783 0
0.096532 0.39595 0.507518
0.00305469 0.554937 0.442008
0.411246 0.588754 0
0.415857 0.334143 0.25
0.303762 0.696238 0
0.605049 0.394951 0
0.890168 0.109832 0
0.268346 0.172993 0.558661
0.381719 0.272584 0.345697
0.403342 0.199023 0.397635
0.336471 0.127292 0.536238
0.197942 0 0.802058
1.49704e-08 0.492482 0.507518
0.0125716 0.167045 0.820383
0.0827906 0.612279 0.30493
0.674377 0.000312629 0.32531
0.18827 0.506366 0.305365
1 0 0
0.116879 0.00051383 0.882607
0.59774 9.92035e-08 0.40226
0.540468 0.209532 0.25
0.48477 0.0816918 0.433538
0.665381 0.0846191 0.25
0.0625385 0.190709 0.746753
0.205122 0.132235 0.662643
0.111831 0.888169 0
0.151241 0.848759 0
0.0691428 0.119352 0.811505
0.00204696 0.370777 0.627176
0.0966859 0.0726044 0.83071
0.167004 0.263649 0.569348
0.365459 0.0748821 0.559659
0.4681 0.262461 0.26944
0.73399 0.26601 0
0.861138 0.138862 0
0.963331 0.0366689 0
0.526691 0.473309 0
0.250097 0.499903 0.25
0.341973 0.403919 0.254108
0.194243 0.207987 0.59777
0.34204 0.65796 0
0.28335 0.319015 0.397635
5.55654e-17 1 0
0.0649207 0.470654 0.464425
0.0382186 0.0145065 0.947275
0.210078 0.36263 0.427292
0.221465 0.436942 0.341593
0.430368 3.008e-05 0.569602
0.927102 0.0728979 0
0.321219 0.238308 0.440473
0.146695 0.32392 0.529386
0.558305 0.441695 0
0.529269 0.160503 0.310228
8.82969e-06 0.247136 0.752855
0.604007 0.12808 0.267913
0.0814352 0.918565 0
0.148615 0.601385 0.25
0.156365 0.420557 0.423077
0.244406 0.272702 0.482891
0.459025 0.201494 0.339481
0.642744 0.357256 0
