0.222608 0.777392 0
0.0582751 0.355165 0.58656
0.0629289 0.0793251 0.857746
1.7184e-20 0.75 0.25
0 0 1
0.260527 0.110352 0.629121
0.114505 0.885495 0
0.183974 0.0761873 0.739838
0.00808313 0.181027 0.81089
0.42483 0.57517 0
0.146632 0.853368 0
0.524919 0.0278486 0.447232
0.186624 0.357842 0.455535
0.139636 0.193319 0.667045
0.168017 0.410309 0.421674
0.0891597 0.418757 0.492083
0.711146 0.288854 0
0.74547 0.25453 0
0.0715636 0.928436 0
0.335208 0.664792 0
0.808213 0.191787 0
0.064778 0.218306 0.716916
0.0539819 0.292967 0.653051
1 0 0
0.347632 0.081036 0.571332
0.691503 0.0579305 0.250567
0.47613 0.0399346 0.483935
0.069647 0.474818 0.455535
0.290363 0.254102 0.455535
0.198512 0.117017 0.684471
0.676191 0.00423232 0.319577
0.586092 0.0705534 0.343354
0.917488 0.0825116 0
0.136329 0.268454 0.595217
0.437003 0.312997 0.25
0.207006 0.214007 0.578987
0.598945 0.000237989 0.400817
0.122582 0.499527 0.377892
0.0601609 0.00132804 0.938511
0.885684 0.114316 0
0.00129253 0.427375 0.571332
0.385595 0.312458 0.301947
0.291662 0.458338 0.25
0.382216 0.000180565 0.617604
0.181874 0.818126 0
0.360652 0.252487 0.386861
5.56196e-17 1 0
0.296508 0.357447 0.346044
1.54071e-05 0.0614735 0.938511
0.48689 0.51311 0
0.300996 0.153633 0.545371
0.782832 0.217168 0
0.658278 0.341722 0
0.27764 0 0.72236
0.230254 0.519746 0.25
0.75 0 0.25
0.21148 0.0113128 0.777207
0.597378 0.402622 0
0.370746 0.173719 0.455535
0.95983 0.0401702 0
0.0746653 0.658015 0.26732
0.218057 0.272806 0.509137
0.450945 3.17192e-05 0.549023
0.547016 0.201923 0.251061
0.0984284 0.572835 0.328736
0.453407 0.546593 0
0.263154 0.736846 0
0.318655 0.0167245 0.66462
0.224518 0.38939 0.386092
0.309826 0.207292 0.482882
0.304514 0.311342 0.384144
0.433681 0.153286 0.413033
0.191778 0.47507 0.333152
0.296176 0.703824 0
4.63533e-07 0.499096 0.500903
0.368243 0.380696 0.251061
0.0933579 0.129249 0.777393
0.838691 0.161309 0
0.0249704 0.593324 0.381705
1.29441e-20 0.564949 0.435051
0.396501 0.603499 0
0.525132 0.153536 0.321332
0.408231 0.0951622 0.496607
0.120727 0.343337 0.535936
0.526043 0.473957 0
0.495535 0.115514 0.388952
0.459875 0.212177 0.327947
0.132222 6.66268e-06 0.867772
0.0427429 0.957257 0
1.29094e-05 0.666204 0.333783
0.00525622 0.363655 0.631089
0.623827 0.106915 0.269258
2.54188e-07 0.273689 0.72631
0.365534 0.634466 0
0.565985 0.434015 0
0.482863 0.247086 0.270051
0.147777 0.602198 0.250026
0.63168 0.36832 0
0.278462 0.421091 0.300447
0.000420994 0.148305 0.851274
