0.0647802 0.0949184 0.840301
0.332551 0.154578 0.512872
0.0976723 0.651932 0.250396
0 1 0
0.0799337 0.514674 0.405392
0.17301 4.95182e-14 0.82699
0.305074 0.694926 0
0.547164 0.0569148 0.395922
0.35468 0.0617498 0.58357
0.371128 0.378872 0.25
0.577569 0.164157 0.258274
6.536e-17 1.01173e-16 1
0.0567845 0.693215 0.25
0.869994 0.130006 0
0.185992 0.0465987 0.76741
0.277381 0.030698 0.691921
0.626598 0.123402 0.25
7.78672e-09 0.674851 0.325149
0 0.75 0.25
0.418976 0.18319 0.397834
0.343537 0.656463 0
0.11795 0.30539 0.576661
0.0584687 0.941531 0
0.272012 0.727988 0
0.473113 0.076767 0.45012
0.0778535 0 0.922147
0.194851 0.254869 0.55028
0.169236 0.177464 0.6533
0.0959331 0.2454 0.658667
0.417064 0.582936 0
0.291554 0.314056 0.39439
0.43557 0.31443 0.25
0.729234 0.270766 0
0.378845 0.621155 0
0.270968 0.11857 0.610463
0.00244662 0.079667 0.917886
0.960901 0.0390986 0
0.0887857 0.140152 0.771063
0.290049 0.450998 0.258953
0.0701611 0.584998 0.344841
0.149871 0.332774 0.517355
0.369279 0.287766 0.342955
0.603658 0.396342 0
1.35524e-07 0.150612 0.849388
0.899532 0.100468 0
8.51998e-05 0.42171 0.578205
0.243945 2.47312e-12 0.756055
0.459246 0.540754 0
0.528993 0.471007 0
0.117607 0.0346956 0.847698
0.161285 0.838715 0
0.000265056 0.243029 0.756706
0.800093 0.199907 0
0.580062 0 0.419938
0.24175 0.405002 0.353248
0.212342 0.196192 0.591466
0.262576 0.231611 0.505812
0.501472 0.498528 0
0.556727 0.443273 0
0.146204 0.452345 0.401451
0.683922 0.0546633 0.261415
0.0685428 0.19151 0.739947
0.030196 0.969804 0
0.0197726 0.462869 0.517358
0.497142 5.51939e-17 0.502858
1 0 0
0.503005 0.242626 0.254369
0.498123 0.141577 0.3603
0.224052 0.312124 0.463824
0.210491 0.456835 0.332674
0.454222 0 0.545778
0.236568 0.513432 0.25
0.0936395 0.906361 0
0.593475 0.0881525 0.318372
0.40957 0.10594 0.48449
0.768602 0.231398 0
0.207533 0.112112 0.680355
0.449029 0.22933 0.321641
0.836643 0.163357 0
0.108096 0.425795 0.466109
0.353555 3.92525e-17 0.646445
0.336959 0.353175 0.309866
0.18697 0.38305 0.42998
0.175376 0.566581 0.258043
4.75285e-08 0.52509 0.47491
0.000223683 0.594053 0.405723
0.123178 0.876822 0
0.148653 0.123285 0.728062
0.933561 0.0664389 0
0.330339 0.219541 0.45012
0.75 0 0.25
2.88264e-07 0.308735 0.691265
0.237067 0.762933 0
0.638392 0.361608 0
0.163596 0.516932 0.319472
0.069584 0.388398 0.542018
0.013035 0.359391 0.627574
0.682667 0.317333 0
0.66639 0 0.33361
0.199795 0.800205 0
