0.173816 0.826184 0
0.248293 0.751707 0
0.106708 0.893292 0
0.26637 0.100036 0.633594
0.284572 0.715428 0
0.104137 0.458209 0.437653
0.0765635 0.087303 0.836133
0.47663 0.149455 0.373915
0.269001 0.25868 0.472319
0.291815 0.410822 0.297363
0.0937891 0.26489 0.64132
0.574546 0.130599 0.294855
0.313983 0.332136 0.353881
0.0573257 0.535467 0.407208
0.047507 0.952493 0
0.139982 0.370053 0.489966
0.474753 0 0.525247
0.311154 0.688846 0
8.29382e-05 0.132221 0.867696
0.700726 0.049274 0.25
0.348971 0.264049 0.38698
0.46737 0.53263 0
0.340272 0.0856131 0.574115
1.24118e-05 0.684698 0.31529
0.0702473 0.929753 0
0.0797483 0.335376 0.584875
0.923404 0.0765959 0
0.252534 0.495447 0.252019
0.230782 0.42018 0.349039
0.0613495 0.438296 0.500355
0.501289 0.248711 0.25
0.594214 0.0454454 0.36034
0.0716138 1.16162e-05 0.928375
0.0216814 0.0709023 0.907416
0.593787 0.155965 0.250248
0.201448 0.0785227 0.720029
0.184066 0.00293988 0.812994
0.50978 0.49022 0
0.388664 0.611336 0
0.42645 0.229682 0.343868
0.763102 0.236898 0
0.0951792 0.579683 0.325137
0.108417 0.0140521 0.877531
8.40231e-21 0.75 0.25
0.5158 0.0766293 0.40757
0.434148 0.565852 0
0.19046 0.550403 0.259137
0.257069 0.2194 0.523531
0.958566 0.0414341 0
0.260623 0.310585 0.428793
0.338693 0.411307 0.25
0.673503 1.51264e-06 0.326495
0.0610713 0.668471 0.270457
0.163081 0.498217 0.338701
1 0 0
5.58364e-17 1 0
0.302965 1.19251e-07 0.697034
0.0132238 0.530937 0.455839
0.196516 0.16772 0.635764
0.412072 0.00288915 0.585039
0.541153 0.458847 0
0.234861 0 0.765139
0.351627 0.648373 0
0.563183 1.26487e-06 0.436816
0.407277 0.100968 0.491755
1.72988e-20 0.319107 0.680893
0.392683 0.17761 0.429707
0.80874 0.19126 0
7.01408e-21 0.626085 0.373915
0.644683 0.355317 0
0.88526 0.11474 0
0.348051 0.0104414 0.641507
2.22938e-17 0.399269 0.600731
0.69021 0.30979 0
0.317488 0.187459 0.495052
0.130436 0.619316 0.250248
0.0145115 0.249626 0.735862
0.517329 0.183853 0.298818
0.000593829 0.186412 0.812994
0.18359 0.409215 0.407194
0.094512 0.382182 0.523306
0.143124 0.856876 0
0.75 0 0.25
0.578757 0.421243 0
0.152875 0.210955 0.63617
0.127269 0.10862 0.764112
0.731306 0.268694 0
0.635539 0.0821246 0.282337
0.17556 0.251971 0.572469
0.460221 0.0683723 0.471407
0.612086 0.387914 0
0.280903 0.153665 0.565433
0.172618 0.326314 0.501067
0.355387 0.341751 0.302862
0.208451 0.791549 0
0.427288 0.322712 0.25
2.58416e-20 0.476694 0.523306
0.106523 0.171986 0.721491
0.850035 0.149965 0
0 0 1
