7.71029e-05 0.21179 0.788133
0.242256 0 0.757744
0.314347 0.156936 0.528717
0.15309 0.366454 0.480456
0.000105945 0.291015 0.708879
0.930423 0.0695766 0
0.522159 0.477841 0
0.0704024 0.593878 0.33572
0.00560133 0.162134 0.832265
0.0844618 0 0.915538
0.00375513 0.66623 0.330015
0.958301 0.0416985 0
0.404772 0.345228 0.25
0.234179 0.0578374 0.707983
0.317596 0 0.682404
0.18825 0.81175 0
0.707853 0.00115251 0.290994
0.346795 0.653205 0
0.263286 0.233395 0.503319
0.765926 0.234074 0
0.668641 0.0761612 0.255198
0.0297042 0.970296 0
0.484879 0.515121 0
0.320884 0.337038 0.342078
0.249348 0.750652 0
0.360423 0.0778817 0.561695
0.158408 0.0947096 0.746882
0.111054 0.888946 0
0 0.386276 0.613724
0 0 1
0.414557 0.00704569 0.578397
0.75 0 0.25
0.618294 0.131706 0.25
0.215905 0.314698 0.469397
0.178097 0.505088 0.316815
0.000675703 0.628726 0.370599
0.384221 0.213506 0.402273
0.306329 0.693671 0
0.369227 0 0.630773
0.607997 0.392003 0
0 0.75 0.25
0.0748496 0.123868 0.801282
0.210315 0.789685 0
0.0746285 0.398438 0.526934
0.152619 0.847381 0
0.0698062 0.680194 0.25
0.272877 0.727123 0
0.335438 0.408573 0.255988
0.147622 0.432742 0.419636
0.893273 0.106727 0
0.20411 0.207362 0.588528
0.132444 0.270038 0.597519
0.401424 0.159171 0.439405
0 0.562495 0.437505
0.570571 0.101692 0.327737
0.0679825 0.492119 0.439898
0.543469 0.187502 0.269029
0.179541 0.293525 0.526934
0.446329 0.553671 0
0.440996 0.240803 0.3182
0.241459 0.370184 0.388358
0.125512 0.218038 0.65645
0.521551 0.00129076 0.477158
0.270062 0.140072 0.589866
0.136231 0.613442 0.250327
0.13085 0.057241 0.811909
0.270823 0.479177 0.25
0.000522087 0.48579 0.513688
0.200745 0.545417 0.253838
0.382122 0.310074 0.307804
0.0575116 0.259266 0.683223
0.0648432 0.337638 0.597519
0.214181 0.126803 0.659015
0.0871841 0.532105 0.380711
0.0698497 0.93015 0
0.555108 0.027297 0.417595
0.0256641 0.106891 0.867445
0.0948767 0.180701 0.724422
0.166929 0 0.833071
0.303648 0.0794213 0.616931
0.487889 0.159721 0.35239
0.65381 0.34619 0
0.406906 0.593094 0
0.808098 0.191902 0
0.376663 0.623337 0
0.694582 0.305418 0
0.479549 0.270451 0.25
0.631867 0 0.368133
7.57923e-05 0.0713835 0.928541
0 1 0
0.849975 0.150025 0
0.472153 0 0.527847
0.352523 0.268501 0.378975
0.733952 0.266048 0
0.275847 0.280241 0.443912
0.501635 0.0894053 0.40896
0.55909 0.44091 0
1 0 0
0.204508 0.443102 0.35239
0.444675 0.0839106 0.471414
