0.311483 0.0621088 0.626408
0.417256 0.582744 0
0.388128 0.611872 0
0.211027 0.389963 0.399011
0.887985 0.112015 0
0.279873 0.720127 0
0.268154 0.408278 0.323568
0.105272 0.114541 0.780187
0.570604 0.0507608 0.378636
0.158139 0.257602 0.584259
0.330581 0.116483 0.552935
0.428231 0.242153 0.329615
0.0444104 0.613728 0.341861
0.567629 0.432371 1.11022e-16
0.021931 0.150438 0.827631
0.102193 0.897807 0
0.572661 5.45164e-07 0.427339
0.249815 0.750185 0
0.641776 0.358224 0
0.305231 0.19349 0.501279
0.0833891 0.0546847 0.861926
0.615367 0.071317 0.313316
0.480563 1.94836e-06 0.519435
0.129102 0.870898 0
0.309566 0.690434 0
0.324585 0.00703892 0.668376
0 0 1
0.0614431 0.507483 0.431074
0.4611 0.178424 0.360476
0.667507 0.0696998 0.262793
0.0579512 0.362496 0.579553
0.254543 0.151052 0.594405
0.107488 0.562897 0.329615
0.0600772 0.939923 0
1.89494e-05 0.435063 0.564918
0.124094 0.222455 0.653452
0.260893 0.300128 0.438979
0.288635 0.332729 0.378636
0.0722887 0.677711 0.25
0.919 0.081 0
0.12798 0.620423 0.251597
0.455692 0.544308 0
0.00366274 0.220749 0.775588
0.133951 0.394305 0.471744
0.862536 0.137464 4.44089e-16
0.398459 0.0684951 0.533046
0.17411 0.0596145 0.766275
0.520184 0.137954 0.341861
0.216752 0.783248 1.11022e-16
0.20405 0.100139 0.695811
0.366393 0.184177 0.449431
0.244187 0.484263 0.27155
0.0249682 0.264665 0.710366
0.0623678 0.306007 0.631625
0.172787 0.474717 0.352496
0.679798 0.320202 4.44089e-16
0.236866 4.89567e-06 0.763129
0 1 0
0.597992 0.152008 0.25
0.247039 0.0845849 0.668376
0.499637 0.500375 4.33102e-06
0.397855 0.350547 0.251597
0.957459 0.0425408 0
0.353739 0.646261 0
0.0910223 0.000225826 0.908752
0.743823 0.256177 0
0.75 0 0.25
0.786829 0.213171 0
0.174436 0.825564 1.11022e-16
0.0204227 0.486633 0.492945
0.438698 0.130228 0.431074
0.0673692 0.407631 0.525
0.0164596 0.0368382 0.946702
0.0307427 0.969257 1.11022e-16
1 0 0
0.603463 0.396537 0
0.514504 0.202739 0.282757
2.56759e-06 0.332299 0.667698
0.203412 0.546588 0.25
0.193357 0.347587 0.459056
0.000112402 0.586132 0.413755
0.490654 0.0590727 0.450274
3.66163e-05 0.670348 0.329615
0.297318 0.452682 0.25
0.356483 0.259871 0.383647
0.415739 1.68554e-06 0.584259
0.161011 0.0148067 0.824183
0.336248 0.363517 0.300235
0.821911 0.178089 0
0.123193 0.164757 0.71205
0.152019 0.310348 0.537633
0.668033 4.79051e-07 0.331967
0.184307 0.187963 0.62773
0.459707 0.289947 0.250346
0.711478 0.288522 0
0.53443 0.46557 0
0.238114 0.236886 0.525
0.0660528 0.198354 0.735593
0 0.75 0.25
5.22828e-06 0.120037 0.879957
