0.134908 0.179786 0.685305
0.171905 0.107472 0.720623
0 0.0801032 0.919897
0.310996 0.439002 0.250002
0.110458 0.476044 0.413499
0.345116 0.654884 0
0.451398 0.291639 0.256963
0.104893 0.25473 0.640377
0.0429518 0.389891 0.567157
0.208123 0.295786 0.496091
0.760698 0.239302 0
0.557683 0.13941 0.302907
0.331109 0.205044 0.463847
0.0165166 0.135042 0.848442
1.09484e-06 0.379198 0.6208
0.021286 0.690771 0.287943
0.859411 0.140589 0
0.31956 0 0.68044
0.500873 0.118905 0.380221
0 0.621349 0.378651
0.0675008 0.450553 0.481946
0.0885392 0.911461 0
0.0915205 0.0763736 0.832106
0.0837685 0.66623 0.250002
0.00291409 0.544345 0.452741
0 1 0
0.029733 0.243101 0.727166
0.38767 0.0914054 0.520925
0.586331 0.413669 0
0.158927 0.394088 0.446985
0.531176 0.0351889 0.433635
0.305282 0.38797 0.306749
0.234001 0.765999 0
0.663614 0.0789046 0.257481
0.0603725 0.157606 0.782021
1.38651e-06 0.480218 0.519781
0.195611 0.547427 0.256963
0.047915 0.952085 0
0.623751 0.376249 0
0.384035 0.228394 0.387571
0.598895 0.151103 0.250002
0.251829 0.00680514 0.741366
0.271224 0.728776 0
0.260395 0.0739922 0.665613
0.545205 0.454795 0
0.667581 0.332419 0
0.668749 1.70546e-05 0.331234
0 0.749998 0.250002
0.50548 0.244518 0.250002
0.456902 0.0352041 0.507894
0.104721 0.604707 0.290572
0.509554 0 0.490446
0 0 1
0.242233 0.458685 0.299082
0.386235 0.363763 0.250002
0.155132 0.0628471 0.782021
1 0 0
0.190441 0.809559 0
0.749998 0 0.250002
0.465941 0.19351 0.340549
0.138043 0.521736 0.340221
0.692955 0.307045 0
0.153646 0.846354 0
0.394938 0 0.605062
0.0460486 0.563595 0.390357
0.287343 0.142108 0.570549
0.0515892 0.00035924 0.948052
0.305244 0.272631 0.422124
0.12331 0.87669 0
0 0.208722 0.791278
0.414182 0.585818 0
0.727863 0.272137 0
0.593103 0.0705208 0.336376
0.350887 0.0440504 0.605062
0.626595 1.59795e-05 0.373389
0.183151 0.233825 0.583025
0.475401 0.524599 0
0.337601 0.31243 0.349969
0.506201 0.493799 0
0.894585 0.105415 0
0.940489 0.0595111 0
0.30911 0.69089 0
0.213656 0.165973 0.620371
0.210996 0.423012 0.365993
0.966712 0.0332879 0
0.243957 0.309286 0.446757
0.269719 0.197305 0.532976
0.259194 0.490804 0.250002
0.826667 0.173333 0
0.793757 0.206243 0
0.254468 0.361651 0.383881
0.113305 0.00664154 0.880053
0.207157 1.41486e-05 0.792828
0.00160608 0.300013 0.698381
0.440959 0.559041 0
0.109976 0.383114 0.506911
0.128039 0.310941 0.561019
0.0603362 0.322322 0.617342
0.384271 0.615729 0
0.42669 0.143684 0.429625
