0.066698 6.0202e-08 0.933302
0.452442 0.547558 0
0.468084 0 0.531916
0.219441 0.525542 0.255017
0.75 0 0.25
0.627504 0.00239806 0.370098
0.0397604 0.382132 0.578107
1 0 0
0.18139 0.183243 0.635367
0.358378 0.641622 0
0.324144 2.92574e-07 0.675856
0.015489 0.604681 0.37983
0.385602 0.20432 0.410078
0.503876 0.246124 0.25
0.293615 0.706385 0
0.531551 0.468449 0
0 0 1
0.0814513 0.233434 0.685115
0.0893172 0.502605 0.408078
0.95808 0.0419197 0
0.9172 0.0828001 0
0.366351 0.00101384 0.632635
0 0.75 0.25
0 1 0
0.0585342 0.691466 0.25
0.0814003 0.60787 0.31073
0.114126 0.885874 0
0.843794 0.156206 0
0.29915 0.0845964 0.616254
0.515208 0.0500854 0.434707
0.254964 0.745036 0
0.45834 0.131583 0.410078
0.882674 0.117326 0
0.154155 0.063284 0.782561
0.20591 0.0738566 0.720234
0.0715958 0.320929 0.607475
0.524636 0.168928 0.306437
0.320103 0.404583 0.275314
0.321596 0.182748 0.495656
0.416763 0.583237 0
0.209767 0.349308 0.440924
0.363254 0.260779 0.375967
0.400992 0.0289692 0.570039
0.0519078 0.49888 0.449213
0.327903 0.672097 0
0.616821 0.0685243 0.314655
0.403317 0.280814 0.315869
0.278174 0.471826 0.25
0.0892287 0.411846 0.498925
0.122309 0.553157 0.324535
0.0938134 0.0436114 0.862575
0.229235 0.124855 0.64591
0.425727 0.324273 0.25
0.683869 6.17264e-07 0.31613
0.0674344 0.116343 0.816222
0.24445 0.420328 0.335221
0.145815 0.264794 0.589391
0.360918 0.389082 0.25
0.72879 0.27121 0
0.565293 0 0.434707
0 0.46187 0.53813
0.614801 0.385199 0
0.213897 0.786103 0
0.268725 0.0361154 0.695159
0.00739939 0.346953 0.645647
0.179997 0.460901 0.359101
0.0806318 0.919368 0
0.652312 0.347688 0
0 0.171328 0.828672
0.284383 0.359436 0.356181
0 0.540578 0.459422
0.134287 0.41536 0.450353
0.00295679 0.103412 0.893632
0.432931 0.086259 0.48081
0.543339 0.0975595 0.359101
0.154654 0.845346 0
0.439591 0.214729 0.34568
0.227494 0.229346 0.543159
0.576757 0.423243 0
0.761563 0.238437 0
0.12271 0.151451 0.725839
0.155277 0.594723 0.25
0.694254 0.305746 0
0.123952 0.355239 0.520809
0.372063 0.109138 0.518799
0.0391497 0.96085 0
0 0.288313 0.711687
0.493964 0.506036 0
0.0294575 0.201112 0.769431
0.000383805 0.653147 0.346469
0.392329 0.607671 0
0.188275 0.308941 0.502784
0.606271 0.143729 0.25
0.176876 0.823124 0
0.803782 0.196218 0
0.27313 0.148763 0.578107
0.229937 0.00063206 0.769431
0.27918 0.299595 0.421225
0.672285 0.0777148 0.25
0.142388 5.76e-08 0.857612
