0.15302 0.000464957 0.846515
0.74308 0.25692 0
0.440691 0.309309 0.25
0.67359 0.32641 0
0.371137 0.628863 0
0 0.676648 0.323352
0.26106 0.299065 0.439875
0.220841 0.00216409 0.776995
0.275247 0.474753 0.25
0.202903 0.440029 0.357068
0.638104 0.361896 0
0.124875 0.477997 0.397128
0.75 0 0.25
1.7695e-05 0.393342 0.606641
0.962085 0.0379148 0
0.268776 0.361575 0.369649
0.360399 0.129983 0.509618
0.064743 0.680252 0.255005
0.639869 0.0554471 0.304684
0.270373 0.180083 0.549544
0.0552458 0.223024 0.72173
0.405432 0.594568 0
0.529666 0.048281 0.422053
0.361041 0.0641867 0.574772
0.00638721 0.0409708 0.952642
0.599711 0.400289 0
0.306623 0.211232 0.482146
0.288985 0.711015 0
0.0662701 0.565289 0.368441
0.645351 0.104649 0.25
0.396414 0 0.603586
0.153585 0.846415 0
0.0072366 0.191039 0.801724
0.442243 0.557757 0
0.17544 0.188604 0.635956
0.119865 0.241104 0.639032
0.412411 0.263346 0.324244
0.459958 4.09402e-07 0.540042
0.0829824 0.4074 0.509618
0.554632 0.445368 0
0 0.490382 0.509618
1 0 0
0.177766 0.400502 0.421733
0.0892757 0.910724 0
0.556013 0.114498 0.32949
0.0766361 0.000750984 0.922613
0.855835 0.144165 0
0.606382 0 0.393618
0.191124 0.2454 0.563476
0.705355 0.294645 0
0.354746 0.22421 0.421043
0.13057 0.566519 0.302911
0.0312097 0.96879 0
0.420009 0.109065 0.470926
0.0231625 0.430999 0.545839
0 0.29207 0.70793
0.263301 0.736699 0
0.0961505 0.317555 0.586294
0.478202 0.521798 0
0.494261 0.101781 0.403958
0.0305764 0.523642 0.445782
0.439039 0.171087 0.389874
0 0 1
0.469547 0.201904 0.328549
0.162221 0.0906963 0.747083
0 0.107196 0.892804
0.0557982 0.944202 0
0.365598 0.383496 0.250906
0.52003 0.47997 0
0.514721 0.235279 0.25
0.201423 0.798577 0
0.0700095 0.0638605 0.86613
0.23455 0.0438794 0.721571
0.340918 0.310495 0.348587
0.164476 0.50135 0.334173
0.333856 0.666144 0
1.41046e-20 0.75 0.25
0.288025 0.0713722 0.640603
0.069231 0.626085 0.304684
0.225451 0.774549 0
0.15638 0.34711 0.49651
0.109516 0.0995905 0.790894
0.896323 0.103677 0
0.813913 0.186087 0
0 1 0
0.0271807 0.327262 0.645557
0.116839 0.883161 0
0.703569 4.56597e-08 0.296431
0.000288658 0.601758 0.397954
0.2214 0.274647 0.503953
0.315349 0 0.684651
0.304598 0.412089 0.283313
0.140481 0.609519 0.25
0.140421 0.16629 0.69329
0.511576 0.00155444 0.48687
0.248729 0.139062 0.612209
0.229093 0.520907 0.25
0.560191 0.164189 0.275619
0.929004 0.0709961 0
0.773338 0.226662 0
