0 0 1
0.162506 0.510942 0.326553
0.0532359 0.273353 0.673411
0.265834 0.251082 0.483084
0.457304 0.0656912 0.477005
0.054809 0.695191 0.25
0.193508 0.0761331 0.730359
0.406926 0.229985 0.363089
0.303445 0.696555 0
0.121035 0.364703 0.514262
0.165107 0 0.834893
0.549519 0.138546 0.311935
0.099378 0.900622 0
0.144654 0.45597 0.399377
0.800693 0.199307 0
0.568244 0.431756 0
0.341661 0.658339 0
0.000202594 0.139794 0.860003
0.613078 0.136922 0.25
0.445815 0.554185 0
0 0.75 0.25
0.190028 0.809972 0
0.588626 0.0631982 0.348176
0.957533 0.0424674 0
0.237406 0.155709 0.606885
0.00242458 0.0683881 0.929187
0.231345 0.00518375 0.763472
0.642242 0.357758 0
0.366628 0 0.633372
0.424539 0.165655 0.409806
0.60256 0.39744 0
8.3739e-07 0.53985 0.460149
0.107464 0.02201 0.870526
0.685286 0.314714 0
0.359068 0.0967534 0.544178
0.287498 0.357383 0.355119
0.167572 0.561502 0.270926
0.838857 0.161143 0
0.0766413 0.923359 0
0.232325 0.421263 0.346413
5.33569e-07 0.647209 0.35279
0.6762 0.0615759 0.262225
0.071045 0.490394 0.438561
0.374544 0.625456 0
0.283181 0.466819 0.25
0.162748 0.290733 0.54652
0.416842 0.00568758 0.57747
0.0100929 0.358576 0.631331
0.150029 0.849971 0
0.49508 0 0.50492
0.293722 0.177775 0.528503
0.528657 0.471343 0
0.453979 0.27477 0.271252
0.285869 0 0.714131
1 0 0
0.365039 0.304886 0.330075
0.169157 0.399191 0.431652
1.0072e-06 0.432613 0.567386
0.247923 0.100097 0.65198
0.322137 0.263933 0.41393
0.686691 0 0.313309
0.60867 0 0.39133
0.407422 0.592578 0
0.377044 0.135845 0.487111
0.403367 0.346633 0.25
0.75 0 0.25
0 1 0
0.112709 0.196358 0.690932
0.179642 0.16738 0.652978
0.0699695 0.0853355 0.844695
0.549392 0.0120464 0.438561
0.0906531 0.134394 0.774952
0.0206056 0.190822 0.788573
0.071964 0 0.928036
0.222452 0.324757 0.452791
0.353687 0.20072 0.445593
0.228617 0.203893 0.567491
0.757456 0.242544 0
0.917445 0.0825549 0
0.481654 0.518346 0
0.52135 0.22865 0.25
0.232025 0.517959 0.250016
0.226989 0.773011 0
0.338262 0.064052 0.597686
0.0800859 0.329241 0.590673
0.00359525 0.252229 0.744176
0.133013 0.25378 0.613206
0.722366 0.277634 0
0.262966 0.737034 0
0.0127296 0.577464 0.409806
0.873712 0.126288 0
0.330258 0.402786 0.266956
0.0394089 0.960591 0
1.21601e-07 0.321394 0.678606
0.0993257 0.543896 0.356779
0.0619324 0.433147 0.50492
0.504613 0.0976529 0.397734
0.122254 0.627746 0.25
0.487994 0.191567 0.320438
0.0775832 0.595965 0.326451
