0.10766 0.451657 0.440683
0.165347 0.119324 0.715329
0.066771 0.297702 0.635527
0.807705 0.192295 0
0.294032 0.0684267 0.637542
0.167057 0.506596 0.326347
0.0726437 0.927356 0
0.400892 0.152758 0.446351
4.12343e-23 0.498684 0.501316
0.600996 0.148988 0.250015
0 1 0
0.0927112 0.0830577 0.824231
0.132615 0.867385 0
0.921254 0.0787463 0
0.630008 0 0.369992
0.410281 0.254644 0.335076
0.241405 0 0.758595
0.349952 0.400048 0.25
0.880872 0.119128 0
0.521996 0.0466942 0.43131
0.589281 0.410719 0
0.116456 0 0.883544
0.629685 0.370315 0
0.953563 0.0464372 0
0 0 1
0.0145763 0.0607486 0.924675
0.000173083 0.333094 0.666733
0.54734 0.45266 0
0.205377 0.06269 0.731933
0.512627 0.487373 0
0.224483 0.258438 0.517078
0.151 0.340908 0.508092
0.0900225 0.341145 0.568833
0.0647335 0.432683 0.502583
0.390548 0.0214536 0.587998
0.00455092 0.387898 0.607551
0.293639 0.388638 0.317723
0.367778 0.632222 0
0.428972 0 0.571028
0.0343153 0.965685 0
0.0714429 0.617378 0.31118
0.194882 0.555118 0.25
0.232481 0.432443 0.335076
0.123032 0.199779 0.677188
0.701841 0.0195856 0.278574
3.60806e-23 0.436356 0.563644
0.75 0 0.25
0.511225 0.160096 0.328678
0.292862 0.707138 0
0.0408247 0.70916 0.250015
0.438935 0.0748673 0.486198
0.145413 0.242504 0.612083
0.318646 0.0191693 0.662185
0.399965 0.600035 0
0.334238 0.311919 0.353843
0.00594145 0.185508 0.80855
0.173982 0.00376127 0.822256
0.33552 0.102918 0.561563
0 0.656301 0.343699
0.837642 0.162358 0
0.470647 0.277439 0.251915
0.311338 0.183607 0.505055
0.731233 0.268767 0
0.161891 0.838109 0
0.0636331 0.170861 0.765506
0.0153612 0.549632 0.435007
0.0615845 0.000268894 0.938147
0.438979 0.561021 0
0.584487 0.0788488 0.336664
0.0750774 0.228883 0.69604
0.219752 0.19687 0.583378
0.299759 0.246582 0.453658
0.256775 0.342352 0.400873
0.49234 0.106787 0.400873
0.443428 0.191403 0.365169
0.471193 0.528807 0
0.198644 0.377229 0.424128
0.136753 0.613247 0.25
0.543304 0 0.456696
0.659432 0.340568 0
0.193513 0.806487 0
0.151886 0.285645 0.562469
0.278432 0.471568 0.25
9.07837e-24 0.109793 0.890207
0.105586 0.894414 0
0.0918085 0.548808 0.359384
0.216262 0.142052 0.641685
0.40012 0.33232 0.267559
0.766234 0.233766 0
0.690452 0.309548 0
0.482922 0 0.517078
0.372473 0.222156 0.405371
1 0 0
0.33178 0.66822 0
4.95763e-23 0.599572 0.400428
0.66583 0.0841701 0.25
2.08526e-23 0.252189 0.747811
0.530164 0.219836 0.25
0.244001 0.755999 0
6.20146e-23 0.75 0.25
