0.618191 0.00103083 0.380778
0.705949 0.294051 0
0.147978 0.336639 0.515384
0.243707 0.203829 0.552465
0.679892 0.320108 0
0.880085 0.119915 0
0.401028 0.00299295 0.595979
0.75 0 0.25
0.357515 0.642485 0
0.000265589 0.471449 0.528286
0.843636 0.156364 0
0.0619516 1.88929e-05 0.93803
0.137334 0.138302 0.724364
0.140147 0.859853 0
0.242375 0.354356 0.403269
0.32302 0.67698 0
0.675791 7.16852e-07 0.324208
0.281719 0.00139464 0.716887
0.499427 0.250573 0.25
0.62072 0.0550723 0.324208
5.60515e-17 1 0
0.290741 0.709259 0
0.422737 0.0489775 0.528286
0.07686 0.67314 0.25
0.614969 0.13503 0.25
0.467921 0.532079 0
0.199566 0.113391 0.687044
0.266729 0.481915 0.251357
0.0332598 0.96674 0
0.0562531 0.076527 0.86722
0.29982 0.374993 0.325187
0.357559 0.21001 0.432431
0.000122389 0.217253 0.782625
0.0864799 0.276042 0.637478
0.0421032 0.567112 0.390785
0.412519 0.119385 0.468095
0.0767005 0.353751 0.569549
0.571603 0.163648 0.264749
0.331198 0.127456 0.541346
0.0907473 0.484003 0.425249
0.0733047 0.441314 0.485382
0.0909544 0.208148 0.700898
0.144747 0.488248 0.367005
0.174734 0.825266 0
0.129808 0.612505 0.257687
1.1954e-20 0.75 0.25
0.0901495 0.023359 0.886492
1.01448e-20 0.636493 0.363507
0.560937 0.0482644 0.390798
9.78796e-21 8.84676e-21 1
0.396504 0.351755 0.251741
0.576804 0.423196 0
0.257525 0.742475 0
0.194185 0.555284 0.250531
0.955337 0.0446632 0
0.431902 0.296856 0.271242
0.517047 0.0194618 0.463491
0.223298 0.283517 0.493185
0.104278 0.895722 0
0.187356 0.173624 0.63902
0.226141 0.406854 0.367005
0.102194 0.104291 0.793515
7.15555e-05 0.127019 0.87291
0.158288 0.261059 0.580653
0.684386 0.0656132 0.25
0.0732195 0.166569 0.760211
0.539905 0.460095 0
2.80631e-06 0.288916 0.711081
0.644933 0.355067 0
0.437222 0.562778 0
0.321706 0.279719 0.398575
0.310322 0.174295 0.515384
0.207816 0.467976 0.324208
6.22739e-21 0.390711 0.609289
0.754281 0.245719 0
0.396143 0.603857 0
0.0687869 0.931213 0
0.36837 0.291522 0.340107
0.509733 0.490267 0
0.453852 0.166473 0.379675
0.0908337 0.56296 0.346207
0.606163 0.393837 0
0.323415 3.43065e-07 0.676585
0.0054896 0.0457028 0.948808
0.915536 0.0844645 0
0.175324 0.39885 0.425826
0.45537 0.224384 0.320245
0.0170492 0.684805 0.298146
0.333225 0.416774 0.25
0.191155 2.02769e-07 0.808845
0.538172 0.120178 0.341649
0.794209 0.205791 0
1 0 0
0.211491 0.0464377 0.742071
0.480293 0.100405 0.419303
0.217796 0.782204 0
0.49189 5.21777e-07 0.50811
0.00802303 0.343027 0.64895
3.05251e-17 0.544591 0.455409
0.293649 0.0875058 0.618845
