2.08053e-21 0.75 0.25
0.197013 0.167567 0.63542
0.0835478 0.603083 0.31337
0.0371703 0.353713 0.609117
0.0300974 0.269965 0.699937
0.84606 0.15394 6.66134e-15
0.87815 0.12185 6.66134e-15
0.121678 0.878322 6.66134e-15
0.0465918 0.539479 0.413929
0.282381 0.389175 0.328443
0.0829727 0.289619 0.627409
0.622393 0.0800318 0.297575
0.0614705 0.93853 9.18154e-14
0.352362 0.647638 0
0.542706 0.457294 5.55112e-16
0.0245777 0.13419 0.841232
0.277036 0.722964 0
0.473993 0.0581558 0.467852
0.158066 0.277704 0.56423
0.105684 0.377863 0.516454
0.524945 0.224741 0.250314
0.361928 0 0.638072
0.136539 0.414292 0.44917
0.574837 0.425163 2.55351e-15
0.0884508 0.911549 0
0.169551 0.580449 0.25
0.154785 0.845215 3.88578e-15
0.0324718 0.967528 0
0.523985 0.161779 0.314236
0.513169 0.486831 0
0.0274403 0.451805 0.520755
0.694093 0.0540242 0.251883
0.203923 0.00550779 0.79057
0.367941 0.164476 0.467583
0.713126 0.286874 7.30527e-14
0.17509 0.119958 0.704951
0.182335 0.0562955 0.76137
0 0.419406 0.580594
9.58653e-17 7.11561e-17 1
0.315467 0.299921 0.384612
0.688125 0 0.311875
0.748545 0.251455 0
0.608052 0 0.391948
0.0806813 0.477981 0.441338
0.362099 0.221944 0.415957
0.191046 0.808954 2.22045e-16
4.71789e-05 0.330254 0.669699
0.599188 0.400812 2.55351e-15
0.395404 0.604596 0
0.216336 0.45658 0.327084
0.257863 0.171901 0.570236
0.212764 0.524701 0.262535
0 1 0
0.917175 0.0828251 0
0.423455 0.576545 1.11022e-16
0.0100319 0.678878 0.31109
0.288031 0 0.711969
0.291813 0.457661 0.250526
0.000555295 0.518484 0.480961
0 0.608545 0.391455
0.129573 0.524292 0.346135
0.642816 0.357184 0
0.431975 0.000833236 0.567192
0.120978 0.0921538 0.786868
0.232239 0.22843 0.539331
0.288379 0.24992 0.461701
0.397494 0.296417 0.306089
0 0.209011 0.790989
0.000286632 0.103475 0.896238
0.134882 0.2219 0.643218
0.395667 0.090715 0.513618
0.345009 0.404991 0.25
0.432231 0.166106 0.401663
0.956407 0.0435928 0
0.226034 0.370456 0.40351
0.549482 0.0167876 0.433731
0.207247 0.312691 0.480062
0.0346402 0.0134785 0.951881
0.677884 0.322116 7.77156e-16
0.332232 0.0697291 0.598039
0.0852108 0.0592104 0.855579
0.0800437 0.669956 0.25
0.81349 0.18651 6.66134e-15
0.179569 0.447534 0.372897
0.314846 0.685154 0
0.476989 0.523011 0
0.320132 0.153096 0.526772
0.425715 0.324285 0.25
0.226226 0.773774 0
0.500736 9.87225e-07 0.499263
0.503372 0.119662 0.376965
0.0786293 0.183336 0.738034
0.601046 0.148954 0.25
0.124091 0 0.875909
1 0 0
0.591399 0.0525226 0.356079
0.75 0 0.25
0.459092 0.224682 0.316227
0.267658 0.0957133 0.636628
0.782146 0.217854 5.55112e-16
