0.577139 0.169402 0.253459
0.0028362 0.210936 0.786227
0.110487 0.559717 0.329796
0.126548 0.238777 0.634674
0.59272 0.40728 0
0.146397 0.149474 0.704129
0.261258 0.738742 0
0.347913 0.205207 0.446879
2.16896e-06 0.365324 0.634674
0.187839 0.297319 0.514841
1.41993e-07 0.141188 0.858812
0.669925 0.330075 0
0.228014 0.000978031 0.771008
0.631409 0.368591 0
0.302351 0 0.697649
0.338869 0.0907722 0.570358
0.824604 0.175396 0
0.240344 0.184926 0.57473
0.437305 0.312695 0.25
0.413956 0.586044 0
0 0 1
0.417119 0.22527 0.357611
0.527722 0.222278 0.25
0.378026 0.116782 0.505191
0.0453384 0.679524 0.275137
0.167108 0.504022 0.32887
0.0594697 0.273106 0.667424
0.0407454 0.959255 0
0.515634 0.0728569 0.411509
0.329178 0.420629 0.250193
0.696727 0.0532724 0.25
0.407345 0.0339141 0.558741
0.667344 0 0.332656
0.000622606 0.273812 0.725565
0.518763 0 0.481237
0.140074 0.0213023 0.838624
0.961977 0.0380233 0
0.750108 0.249892 0
0.709218 0.290782 0
0.890029 0.109971 0
0.116871 0.883129 0
0.455073 0.544927 0
0.148813 0.851187 0
0.0793837 0.503527 0.417089
0.187202 0.0901163 0.722681
0.0784415 0.0829346 0.838624
0.254279 0.493018 0.252703
0.0401103 0.39091 0.56898
0.182748 0.817252 0
0.0914116 0 0.908588
0.358129 0.331695 0.310176
0.20357 0.13596 0.66047
0.00833667 0.620023 0.37164
0.75 0 0.25
1 0 0
0.55694 0.44306 0
0.548496 0.135921 0.315583
0.0714844 0.215608 0.712908
0.219306 0.780694 0
0.236901 0.465997 0.297102
0.484469 0.515531 0
0.110445 0.314825 0.57473
0.259147 0.316873 0.42398
0.291398 0.372353 0.33625
0.293129 0.706871 0
0.520652 0.479348 0
7.9738e-08 0.0792859 0.920714
1.28923e-06 0.675237 0.324761
0.363367 0 0.636633
0.3719 0.6281 0
0 0.75 0.25
0.47809 0.145762 0.376148
0.462763 0 0.537237
0.233221 0.379915 0.386863
0 0.453181 0.546819
0.1095 0.6405 0.25
0.453495 0.065268 0.481237
0.180663 0.569336 0.25
0.407996 0.139416 0.452588
0.00681552 0.505715 0.487469
0.305595 0.156173 0.538231
0.611206 0.0809643 0.30783
0.85784 0.14216 0
0.269774 0.247328 0.482898
0.000117956 0.57662 0.423262
0.339999 0.660001 0
0.107981 0.127309 0.76471
0.187299 0.43246 0.380241
0.925299 0.0747015 0
0.789011 0.210989 0
0.100937 0.413911 0.485153
0 1 0
0.289632 0.0737346 0.636633
0.636479 0.113521 0.25
0.163157 0.364606 0.472236
0.452566 0.238229 0.309205
0.579536 0.0256606 0.394803
0.176955 0.215596 0.607449
0.0742396 0.92576 0
0.31793 0.291476 0.390594
