0.545564 0.454436 0
0.269397 0.730603 0
0.419767 0.0741277 0.506106
0.580561 0.419439 0
0.391337 0.608663 0
0.15019 0.0882635 0.761547
0.665028 0.334972 0
0.12667 0.45181 0.42152
0.000444406 0.358631 0.640925
0.0843833 0.0681794 0.847437
0.383055 0.211787 0.405157
0.329495 0.108942 0.561563
0.00104076 0.172902 0.826057
0.147919 0.335122 0.516959
0.283264 0.466736 0.25
0.193816 0.181598 0.624586
0.427577 0.247647 0.324776
0.75 0 0.25
0.227745 0.251122 0.521133
0.251011 8.86481e-06 0.74898
0.341388 0.405432 0.253181
0.715967 0.284033 0
0.541209 0.110462 0.34833
0.165393 1.99946e-06 0.834605
0.0126404 0.573613 0.413746
1 0 0
0.147856 0.852144 0
0.0797731 0.426599 0.493628
0.644538 0.355462 0
0.66943 0.0805697 0.25
0.509249 0.490751 0
0 0 1
0.102592 0.308005 0.589404
0.597186 0.146143 0.256671
0.0053771 0.675842 0.318781
0.514951 0 0.485049
0.784601 0.215399 0
0.0249109 0.108277 0.866812
0.233428 0.307806 0.458766
0.818924 0.181076 0
0.058891 3.80743e-05 0.941071
0.474065 0.525935 0
0.751523 0.248477 0
0.60605 0.39395 0
0.659596 1.29646e-06 0.340403
0.00018233 0.250744 0.749074
0.352648 0.647352 0
0.0825329 0.667467 0.25
0.426926 0.192468 0.380607
3.00745e-05 0.516308 0.483662
0.244146 0.411344 0.34451
3.64519e-05 0.625793 0.374171
0.855598 0.144402 0
0.43353 0.56647 0
0.111038 1.70056e-05 0.888945
0.221231 0.528769 0.25
1.09328e-20 0.75 0.25
0.152118 0.559972 0.287909
0.3145 8.13621e-06 0.685492
0.110011 0.509382 0.380607
0.456028 1.17976e-05 0.54396
0.124392 0.625608 0.25
0.344835 0.15927 0.495896
0.209583 0.387207 0.40321
0.00302168 0.41317 0.583808
0.319334 0.37924 0.301426
0.965924 0.0340761 0
0.196787 0.487043 0.316169
0.494856 0.0905665 0.414577
0.295917 0.289506 0.414577
0.360166 0.294859 0.344975
0.050513 0.394137 0.55535
3.90521e-06 0.0670431 0.932953
0.239255 0.0827734 0.677972
0.16152 0.144028 0.694452
0.184268 0.815732 0
0.612275 0.0427507 0.344975
0.357216 0.00834974 0.634435
0.0299575 0.970042 0
0.437869 0.109511 0.45262
0 1 0
0.10288 0.89712 0
0.0808308 0.156955 0.762214
0.47628 0.27372 0.25
0.31395 0.68605 0
0.0730322 0.591673 0.335295
0.511239 0.167369 0.321392
0.0230787 0.296694 0.680227
0.588666 0.000417435 0.410917
0.0753913 0.230688 0.693921
0.261149 0.155179 0.583672
0.127615 0.247799 0.624586
0.314773 0.231953 0.453274
0.924093 0.0759073 0
0.899978 0.100022 0
0.527552 0.222448 0.25
0.226585 0.773415 0
0.20402 0.0344332 0.761547
0.406513 0.343487 0.25
0.0654125 0.934588 0
