0.282409 0.311692 0.405899
0 0.555766 0.444234
0.464174 0.535826 0
0.962789 0.0372108 0
0.502195 0.497805 0
0.327975 0.350297 0.321728
0.30643 0.69357 0
0.0486764 0.465084 0.486239
2.60748e-05 0.623711 0.376263
0.168755 0.581244 0.250001
0.193608 0.321488 0.484904
0.143901 0.433311 0.422788
0.296342 0.0640597 0.639598
0 0 1
0.0137193 0.236305 0.749976
0.0687121 0.931288 0
0.323516 0.219068 0.457416
0.561802 0.113756 0.324443
0.449782 0.235294 0.314924
0.436667 0.0742326 0.489101
0.576062 0.423938 0
0.403581 0.335379 0.26104
0.165875 0 0.834125
0.227239 0.00614229 0.766619
0.471414 0 0.528586
0.181455 0.818545 0
0 0.195753 0.804247
0.619965 0.067439 0.312596
0.684032 0.00483138 0.311136
0.425215 0.574785 0
0.397424 0.137419 0.465157
0.200036 0.458334 0.34163
0.146375 0.0832489 0.770377
0.00721858 0.683313 0.309469
0.141646 0.556339 0.302016
0.542264 0.457736 0
0.202686 0.223701 0.573613
0.461077 0.159428 0.379495
0.600611 0.149388 0.250001
0.236968 0.763032 0
0.337572 0.412427 0.250001
0.0260462 0.0784297 0.895524
1 0 0
0.250298 0.384451 0.365251
0.775522 0.224478 0
0.107194 0.892806 0
0.271437 0.728563 0
0.0656792 0.367188 0.567133
0.258028 0.0535136 0.688458
0 0.127105 0.872895
0.101851 0.385344 0.512805
0.102735 0.24501 0.652255
0.706087 0.293913 0
0.618744 0.381256 0
0.385923 0.614077 0
0.67105 0.32895 0
0.0758907 0.194305 0.729804
0.0590126 0.593976 0.347012
0.68066 0.0683583 0.250982
0.141242 0.858758 0
0.740333 0.259667 0
0.112505 0.0351312 0.852363
0.150674 0.302302 0.547025
0.360519 0.287559 0.351922
0.390895 0.204488 0.404617
0.0855177 0.530678 0.383804
0.212644 0.353097 0.43426
5.57551e-17 1 0
0.0682853 0.313189 0.618525
0.27907 0.428644 0.292285
0.345846 0.654154 0
0.307027 0.164868 0.528104
0.244604 0.505022 0.250374
0.262329 0.137578 0.600093
0.817118 0.182882 0
0.35768 0.0881591 0.554161
4.88561e-05 0.299223 0.700729
0.000239346 0.364609 0.635152
0.92065 0.0793495 0
0.512671 0.0788461 0.408483
0.173461 0.187634 0.638905
0.0911619 0.658837 0.250001
0.312482 0.000533952 0.686984
0.749999 0 0.250001
0.62007 0 0.37993
0.548747 0.201252 0.250001
0.217469 0.782531 0
0.0697655 0.132043 0.798191
0.0342806 0.965719 0
0.258254 0.26057 0.481176
0 0.462291 0.537709
0.855458 0.144542 0
0 0.749999 0.250001
0.893919 0.106081 0
0.538536 0.00936106 0.452103
0.470535 0.279463 0.250001
0.386697 0.00986852 0.603435
0.0645106 0.00231758 0.933172
0.130956 0.171548 0.697496
0.211363 0.116731 0.671906
