0.105284 1.17276e-05 0.894704
0.187202 0.0893131 0.723485
0.16031 0.308992 0.530697
0.177488 0.367885 0.454627
0.431877 0.568123 0
0.280578 0.463862 0.25556
4.29453e-05 0.530846 0.469111
0.0663519 0.516358 0.41729
0.260832 0.326951 0.412217
0.532318 0.215133 0.252549
0.478165 0.271835 0.25
3.1321e-15 0.601072 0.398928
0.0120188 0.303485 0.684496
0.166615 0.162824 0.670561
0.227887 0.131845 0.640268
0.0960228 0.546943 0.357034
0.218018 0.397021 0.384961
0.083158 0.916842 0
0.59038 0.101886 0.307734
0.192041 0.557959 0.25
0.467817 0.532183 0
0.836005 0.163995 0
0.226611 0.195169 0.57822
0.234319 0.455236 0.310445
0.117541 0.882459 0
0.577148 0.422852 0
0.604425 2.71346e-08 0.395575
0.336711 0.413289 0.25
0.956881 0.0431187 0
0.455757 0.133281 0.410961
6.1696e-06 0.148991 0.851002
0.315041 0.0781756 0.606784
0.471116 0.0664434 0.462441
0.149085 0.850915 0
1.22084e-20 5.39655e-21 1
0.40228 0.34772 0.25
0.169039 0.226978 0.603983
0.714354 0.285646 0
0.334242 1.54193e-12 0.665758
0.13327 0.0446492 0.82208
0.441992 0.196687 0.361321
0.868688 0.131312 0
0.538303 0.0221263 0.43957
0.358526 0.228382 0.413091
0.684877 0.0651227 0.25
0.907582 0.0924183 0
0.672523 1.28875e-07 0.327477
0.104393 0.12784 0.767767
0.227669 0.772331 0
0.238168 0.000220668 0.761611
0 1 0
0.676965 0.323035 0
0.507421 0.492579 0
0.391121 0.0114013 0.597478
0.637989 0.362011 0
8.75419e-08 0.0796827 0.920317
0.0882479 0.661752 0.25
0.282357 0.0331471 0.684496
0.0892529 0.292152 0.618595
0.00445269 0.677196 0.318351
0.426769 0.260638 0.312594
0.0667981 0.103155 0.830047
0.102199 0.214261 0.683539
0.384512 0.156447 0.459041
0.759344 0.240656 0
0.263052 0.241223 0.495725
0.194864 0.805136 0
0.00222913 0.377305 0.620466
0.391362 0.0806839 0.527954
0.12515 0.592202 0.282648
0.0376425 0.962358 0
0.361227 0.302905 0.335868
0.322241 0.296659 0.3811
0.0313555 0.470358 0.498287
0.0567688 0.629874 0.313358
0 0.75 0.25
0.185781 3.56011e-08 0.814219
0.0367661 0.016252 0.946982
0.354373 0.645627 0
0.166923 0.490094 0.342984
0.0959055 0.38897 0.515124
0.311418 0.688582 0
0.602554 0.397446 0
0.544847 0.455153 0
0.299331 0.142809 0.55786
0.512182 0.149782 0.338036
0.13724 0.449227 0.413533
4.56992e-08 0.433585 0.566415
0.561947 0.0849448 0.353108
2.88605e-13 0.269886 0.730114
0.795028 0.204972 0
0.319778 0.18145 0.498772
0.30416 0.381263 0.314578
0.75 0 0.25
0.395129 0.604871 0
1 0 0
0.470672 5.24281e-05 0.529275
0.0230828 0.210285 0.766633
0.270237 0.729763 0
0.617724 0.128495 0.253781
