1.18585e-20 1 0
0.56485 0.181799 0.253351
0.230474 0.769526 0
0.416736 0.333264 0.25
0.0735624 0.551693 0.374745
0.119801 0.361311 0.518888
0.247168 0.502832 0.25
0.657931 0.0279127 0.314156
0.075132 0.0518544 0.873014
0.139658 0.0985535 0.761789
0.435832 0.250041 0.314127
0.400366 0 0.599634
0.0919656 0.00247812 0.905556
8.89385e-21 0.75 0.25
0.479176 0.065263 0.455561
0.385253 0.614747 0
0.726704 0.273296 0
0.193379 0.806621 0
0.156193 0.843807 0
0 0 1
0.0294543 0.630395 0.340151
0.804933 0.195067 0
0.229051 0.375728 0.395221
0.16174 1.34291e-06 0.838259
0.374173 0.19363 0.432196
0.919851 0.0801486 0
0.00959609 0.117526 0.872878
0.305233 0.694767 0
1.93774e-06 0.585226 0.414772
0.650125 0.349875 0
0.121991 0.878009 0
5.57706e-08 0.066133 0.933867
0.114536 0.232878 0.652586
0.275725 0.190299 0.533977
0.279556 0.137536 0.582907
0.193684 0.083391 0.722925
1.68518e-16 0.208031 0.791969
0.135165 0.537997 0.326838
0.562967 0.0048364 0.432196
5.57491e-14 0.381581 0.618419
0.145836 0.461177 0.392987
0.345977 0.654023 0
0.150419 0.28 0.569582
0.555342 0.444658 0
0.00475916 0.691315 0.303926
0.0597385 0.324888 0.615374
0.880734 0.119266 0
0.157126 0.39273 0.450143
0.132611 0.170407 0.696982
0.0573783 0.19442 0.748202
0.192746 0.194016 0.613238
0.0854568 0.121078 0.793465
0.426918 0.0391053 0.533977
0.350267 0.267331 0.382402
0.0850729 0.914927 0
0.481322 0.210554 0.308124
0.478878 0.521122 0
0.331038 0.00855935 0.660402
0.294113 0.353022 0.352865
0.347539 0.402461 0.25
0.0620236 0.400553 0.537423
0.303041 0.000112953 0.696846
0.400422 0.119376 0.480202
0.258493 0.287443 0.454063
0.959302 0.0406983 0
1 0 0
0.583977 0.0875241 0.328499
0.625274 0.115735 0.258991
0.75 0 0.25
0.515784 0.484216 0
0.205633 0.455366 0.339001
0.449733 0.144748 0.405518
0.587968 0.412032 0
0.280865 0.434074 0.285061
0.513086 0.109117 0.377797
0.0416448 0.958355 0
0.00017003 0.289682 0.710148
0.178831 0.566211 0.254959
0.340159 0.0973563 0.562485
0.33346 0.17275 0.49379
9.67208e-05 0.524951 0.474953
1.34944e-05 0.447849 0.552137
0.38036 0.314184 0.305455
0.235524 3.10253e-05 0.764445
0.0697192 0.489682 0.440599
0.437633 0.562367 0
0.0659307 0.25499 0.679079
0.835657 0.164343 0
0.201153 0.320324 0.478523
0.47654 0.273396 0.250064
0.615127 0.000323315 0.384549
0.685219 0.314781 0
0.62022 0.37978 0
0.768188 0.231812 0
0.253276 0.101925 0.644798
0.0918861 0.658114 0.25
0.692557 0.0574427 0.25
0.482858 0.000232455 0.516909
0.271753 0.728247 0
0.241076 0.245085 0.513839
