0.106786 0.893214 0
0.877506 0.122494 0
5.19944e-21 0.256368 0.743632
0.843065 0.156935 0
1.52109e-20 0.75 0.25
0.769879 0.230121 0
0.0495398 0.39726 0.5532
0.30007 0.227002 0.472928
0.487802 0.512198 0
0.300677 0.000132464 0.699191
0.188457 5.20532e-06 0.811538
0.178466 0.189103 0.632431
5.55654e-17 1 0
0.526976 0.473024 9.50229e-12
0.271735 0.283047 0.445218
0.0591032 0.690092 0.250805
0.376047 0.623953 0
0.21753 0.53247 0.25
0.393446 0.296711 0.309843
0.0184532 0.30307 0.678476
0.197295 0.802705 0
0.75 0 0.25
0.570115 0.429885 0
0.241931 0.0723144 0.685755
0.531734 9.87177e-06 0.468257
0.413964 0.0412921 0.544743
0.503597 0.155171 0.341233
0.293378 0.706622 0
0.058905 0.47236 0.468735
0.139166 0.147461 0.713374
0.0967464 0.344694 0.55856
0.0622045 0.224034 0.713762
0.796799 0.203201 0
0.447932 0.552068 1.43552e-13
0.167571 0.832429 4.13009e-11
0.0428987 0.105347 0.851754
0.155409 0.581399 0.263191
1.0699e-16 6.01399e-17 1
0.000128271 0.680576 0.319296
0.410378 0.589622 2.22045e-16
5.65463e-05 0.531208 0.468735
0.0937212 0.242892 0.663387
0.031761 0.968239 0
0.360214 0.27166 0.368126
0.69156 0.30844 0
0.0679603 0.93204 1.54846e-11
0.223068 0.224566 0.552365
0.32242 0.16751 0.51007
0.126453 0.0119758 0.861571
0.142859 0.857141 0
0.134275 0.0854027 0.780323
0.0720556 0.6076 0.320345
0.234924 0.00816559 0.756911
0.375837 0.103941 0.520222
0.118698 0.631302 0.25
0.673922 0.0714601 0.254618
0.365162 0.384838 0.25
0.00124045 0.613144 0.385616
0.458583 0.000202031 0.541215
1 0 0
0.0685437 0.151875 0.779581
0.000518558 0.376757 0.622724
0.363206 0.195731 0.441063
0.257965 0.742035 3.1084e-11
0.312499 0.0583326 0.629169
0.336084 0.663916 2.38698e-14
0.130834 0.282061 0.587105
0.610214 0.139786 0.25
0.126882 0.40019 0.472928
0.126267 0.526748 0.346985
0.377388 0.00016626 0.622446
0.725872 0.274128 1.24775e-09
0.189054 0.310379 0.500566
0.00138041 0.0724894 0.92613
0.659611 0.340389 0
0.000383509 0.180898 0.818718
0.465887 0.284113 0.25
0.27071 0.416772 0.312518
0.0744001 0.000130021 0.92547
0.957473 0.042527 2.22045e-16
0.426804 0.175804 0.397393
0.315636 0.331422 0.352943
0.45564 0.0991413 0.445218
2.53644e-17 0.456479 0.543521
0.299387 0.450613 0.25
0.661601 0.000291471 0.338107
0.196858 0.0613862 0.741755
0.202097 0.476059 0.321844
0.915019 0.0849806 0
0.607995 0.392005 0
0.154534 0.435037 0.410428
0.600692 0.00248676 0.396821
0.544335 0.0777935 0.377872
0.275308 0.137588 0.587105
0.588457 0.0917007 0.319843
0.227261 0.772739 0
0.55389 0.19611 0.25
0.242278 0.374831 0.382891
0.0569195 0.53601 0.40707
0.484078 0.221105 0.294817
