0.191636 0.53106 0.277305
0.46261 0.53739 0
0.348278 0.179648 0.472074
0.16537 0.83463 0
0.11815 0.251862 0.629988
0.0546465 0.157943 0.787411
0.2182 0.000444033 0.781356
0.335317 0.664683 0
0.165964 0.584036 0.25
0.893344 0.106656 0
0.198797 0.411394 0.389809
0.822565 0.177435 0
0.0789059 0.671094 0.25
0.757157 0.242843 0
0.687018 0.0484868 0.264495
0.130682 0.393213 0.476106
0.306043 0.000622793 0.693334
0.176739 0.489779 0.333482
0.27246 0.316503 0.411037
0.205675 0.160761 0.633563
0.690514 0.309486 0
0.723759 0.276241 0
0.155827 0.172831 0.671342
0.0412406 0.479723 0.479036
0.498361 0.501639 0
0.244531 0.0506859 0.704783
0.507371 0.147639 0.34499
0.0931718 0.499333 0.407495
0.75 0 0.25
0.204191 0.795809 0
0.260124 0.489876 0.25
0.119175 0.547854 0.332971
0.968287 0.0317128 0
0.582939 0.417061 0
0.854716 0.145284 0
0.121216 0.878784 0
0.0513332 0.282015 0.666651
1.0528e-05 0.660096 0.339893
0.469287 0.000767474 0.529945
0.302195 0.697805 0
0.618448 0.131552 0.25
0.654382 0.345618 0
0.260978 0.249786 0.489236
1.83479e-06 0.327971 0.672028
0.355562 0.393173 0.251265
0.58551 0 0.41449
0.533912 0.189518 0.27657
0.277041 0.424322 0.298637
0.396533 0 0.603467
0.428245 0.167079 0.404677
1.01917e-16 6.58634e-17 1
0.169688 0.111599 0.718713
9.84307e-07 0.543784 0.456215
0 0.403598 0.596402
0.409658 0.339601 0.250741
0.0800528 0.350346 0.569601
0.0681644 0.21362 0.718216
1 0 0
0.123884 0.0929216 0.783194
0.498577 0.0838256 0.417597
0.0172564 0.589037 0.393707
0.32923 0.101169 0.569601
0.396545 0.123016 0.480439
0.265168 0.734832 0
0 0.75 0.25
0.936361 0.0636393 0
0.0756434 0.00685808 0.917499
0.0592289 0.607711 0.333061
0.0763216 0.409028 0.51465
0.487375 0.262625 0.25
0.65669 0.0132404 0.33007
0.328062 0.0469059 0.625033
0.202972 0.353827 0.443201
0.254337 0.194923 0.55074
0.000449446 0.153221 0.84633
0.375004 0.624996 0
0.618303 0.381697 0
0 1 0
0.421219 0.221998 0.356783
0.7873 0.2127 0
0.0886264 0.0572744 0.854099
1.36724e-06 0.471256 0.528742
0.0137012 0.0717043 0.914595
0.402466 0.298897 0.298637
0.164616 0.318453 0.516932
0.579044 0.0908859 0.33007
0.337102 0.219697 0.443201
0.158238 0 0.841762
0.231149 0.768851 0
0.280042 0.126789 0.593169
0.413053 0.586947 0
0.516586 0.000844826 0.482569
0.539409 0.460591 0
0.307974 0.341581 0.350445
0.193411 0.255849 0.55074
0.344926 0.273387 0.381687
3.19679e-05 0.254636 0.745332
0.0408845 0.959115 0
0.079162 0.920838 1.11022e-16
0.418707 0.0655919 0.515701
