0.172091 0.404164 0.423746
0.681508 0.318492 0
0.481467 9.10834e-10 0.518533
0.276455 0.453929 0.269617
0.457066 0.135128 0.407806
0.575381 0.424619 0
0.199529 0.503458 0.297012
0 0 1
0.346748 3.65759e-10 0.653252
0.405556 0.0823955 0.512048
0.308393 0.358464 0.333143
0.0744939 0.489592 0.435914
0.591965 0.0728005 0.335235
0.00303662 0.0838626 0.913101
0.626764 0.000564246 0.372672
0.543929 0.202376 0.253695
0.050344 0.248486 0.70117
0.000125324 0.182739 0.817135
0.0694538 0.930546 0
0.0689336 0.284807 0.64626
0.00274248 0.666755 0.330502
0.262418 0.307721 0.429861
0.346826 0.167982 0.485192
0.418181 0.00749279 0.574327
0.00420805 0.505573 0.490219
0.044696 0.187871 0.767433
1.55667e-17 0.279605 0.720395
0.388048 0.315606 0.296346
0.338179 0.273574 0.388247
0.0434776 0.119306 0.837216
0.922399 0.0776006 0
0.247507 0.398719 0.353774
0.352188 0.397646 0.250167
0.885938 0.114062 0
3.18844e-17 0.572701 0.427299
0.0620812 0 0.937919
0.150813 0.353154 0.496033
0.49502 0.177537 0.327443
0.108593 0.319166 0.572241
0.194658 0.805342 0
0.642754 0.107245 0.250001
0.0777978 0.672202 0.250001
0.234958 0.514922 0.250121
0.751375 0.248625 0
1 0 0
0.222597 0.181042 0.59636
0.648236 0.351764 0
0.224604 0.0742258 0.70117
0.665044 0.0120027 0.322953
0.585023 0.125616 0.289361
0.109015 0.0856705 0.805314
0.0346187 0.965381 0
0.320451 0.679549 0
0.185098 0.279815 0.535087
0.0485225 0.591479 0.359999
0.223107 0.776893 0
0.285978 0.0858433 0.628179
0.105056 0.894944 0
0.135565 0.22627 0.638164
0.850129 0.149871 0
0.152126 0.476847 0.371026
0.483694 0.0720257 0.44428
0.0482765 0.359629 0.592095
0.355137 0.644863 0
0.433316 0.566684 0
0.374572 0.196886 0.428541
0.123104 0.553942 0.322953
0.278515 0.238355 0.48313
0.165396 0.834604 0
0.717061 0.282939 0
0.144967 0.605032 0.250001
0.470153 0.279846 0.250001
0.313756 0.111763 0.574481
0.130768 0.869232 0
0.113302 0.414274 0.472424
0.810889 0.189111 0
0.563177 4.69739e-10 0.436823
0.257554 0.200154 0.542292
0.191821 0.154002 0.654177
0.392678 0.607322 0
0.540962 0.459038 0
0.283449 0.000255175 0.716296
0.290658 0.709342 0
0.255757 0.744243 0
0 0.379118 0.620882
0.749999 0 0.250001
0 0.749999 0.250001
5.56738e-17 1 0
0.137488 2.60098e-10 0.862512
0.472477 0.527523 0
0.695995 0.0540046 0.250001
0.0349597 0.437159 0.527881
0.518535 0.0772138 0.404251
0.213764 5.20936e-05 0.786184
0.61436 0.38564 0
0.505762 0.494238 0
0.424867 0.223323 0.35181
0.120491 0.136822 0.742687
0.77766 0.22234 0
0.957057 0.0429433 0
