0.279357 0.201963 0.51868
0.116602 0.633293 0.250104
0.386821 0.613179 0
0.118564 0.881436 0
0.49506 0.254939 0.250001
0.391918 0.0419599 0.566122
0.163395 0.555458 0.281147
0.364293 1.83133e-06 0.635705
0.221517 0.269931 0.508552
0.73685 0.26315 0
0.407813 0.127667 0.46452
0.749999 0 0.250001
0.525615 0.151151 0.323234
0.856067 0.143933 0
0.483814 0.117792 0.398394
0.160722 0.151684 0.687595
0.525887 0.474113 0
0.564125 0.435875 0
0.00935321 0.0632631 0.927384
0.457457 0.000907826 0.541635
0.449566 0.550434 0
0.298254 0.000342267 0.701404
0.037147 0.515409 0.447444
0.0428966 0.691571 0.265532
0.312461 0.0828051 0.604734
0.283397 0.384299 0.332304
7.68518e-18 0.209714 0.790286
0.896141 0.103859 0
0.138798 0.327554 0.533648
0.354239 0.335856 0.309905
0.351929 0.648071 0
0.350417 0.118416 0.531167
0.269547 0.730453 0
0.191602 0.808398 0
0.609329 0.125139 0.265532
0.459073 0.0537616 0.487166
0.404634 0.195716 0.39965
0.418198 0.581802 0
0.237234 0.321701 0.441065
0.537533 7.71154e-05 0.46239
0.0558024 0.55864 0.385558
0.0742628 0.375038 0.550699
0.215341 0.466637 0.318022
0.477446 0.522554 0
0.0974326 0.224846 0.677721
0.128903 0.00398281 0.867114
0.156975 0.843025 0
0.932927 0.0670735 0
0.656198 0.0216812 0.322121
0.229272 0.770728 0
0.148943 0.262786 0.588271
5.32529e-10 0.143011 0.856989
0.662479 0.337521 0
0.309714 0.690286 0
0.199608 0.424857 0.375535
0.596291 0.403709 0
0.178025 0.199 0.622975
0.0011541 0.272753 0.726093
0.280144 0.459676 0.26018
1 0 0
0 0.749999 0.250001
0.406995 0.270515 0.32249
0 0 1
0.572954 0.0875062 0.33954
0.224413 0.0494935 0.726093
0.629622 0.370378 0
0.308841 0.295962 0.395197
0.68602 0.063979 0.250001
0.152976 0.376215 0.470809
0.116713 0.448404 0.434883
0.0763722 0.923628 0
0.350349 0.39965 0.250001
5.55654e-17 1 0
0.466968 0.202881 0.330151
0.776832 0.223168 0
2.0293e-06 0.49099 0.509008
0.702088 0.297912 0
0.0011641 0.661351 0.337485
1.68207e-11 0.343091 0.656909
0.563232 0.186767 0.250001
0 0.417395 0.582605
0.329755 0.217828 0.452417
0.0766884 0.0727086 0.850603
0.0683683 0.424982 0.506649
0.218682 0.115203 0.666115
0.0902955 0.590834 0.318871
0.0507339 0.309308 0.639958
0.964989 0.0350111 0
0.202337 0 0.797663
0.819008 0.180992 0
0.139281 0.505007 0.355712
0.614104 0.000184327 0.385712
0.126964 0.0858492 0.787187
0.224963 0.525036 0.250001
0.422354 0.326335 0.251311
0.0671647 0.167689 0.765146
0.0654076 0.000584323 0.934008
0.255302 0.159937 0.584761
3.46574e-06 0.590798 0.409199
0.0374267 0.962573 0
