0.0518987 0.100855 0.847247
0.301012 0.161319 0.537669
0.539057 0.113657 0.347286
0.75 0 0.25
0.284708 0.41709 0.298201
0.359423 0.0745252 0.566052
0.0753595 0.567483 0.357158
0.349252 0.400748 0.25
0.263071 0.309401 0.427528
0.333945 0.666055 0
0.151033 0.848967 0
0.562114 0.437886 0
0.225808 0.774192 0
0.0103203 0.550238 0.439441
0.465182 0.0969669 0.437851
0.545185 0.0142229 0.440592
0.437315 0.223658 0.339027
5.58093e-17 1 0
0.296153 0.000877782 0.702969
0.149502 0.176905 0.673593
0.115419 0.482088 0.402493
0.513117 0.180768 0.306116
0.204655 0.312574 0.48277
0.0925922 0.450173 0.457234
0.443773 0.556227 0
0.383767 0.114978 0.501255
0.717097 0.282903 0
0.759799 0.240201 0
0.104641 0.587124 0.308235
0.0551119 0.402552 0.542336
0.4969 0 0.5031
0.79346 0.20654 0
0.0339536 0.336939 0.629108
0.207502 0.0994644 0.693034
1.8198e-20 0.75 0.25
0.332975 0.209639 0.457387
0.0567169 0.943283 0
0.129927 0.870073 0
0.383743 0.226719 0.389538
0.198013 0.222871 0.579116
0.0961178 0.903882 0
0.261683 0.237062 0.501255
0.255917 0.489626 0.254457
0.634311 0.365689 0
0.0834532 0.665907 0.250639
0.10765 0.304743 0.587607
0.876201 0.123799 0
0.148736 0.0575213 0.793743
0.487695 0.512305 0
0.179343 0.278322 0.542336
0.208387 0.541613 0.25
0.425707 0.324293 0.25
0.318403 0.334432 0.347165
0.18803 0.81197 0
0.251363 0.131212 0.617426
1.52992e-20 0.63053 0.36947
0.000191809 0.49106 0.508748
0.0396305 0.231167 0.729203
0.403898 0.596102 0
0.602492 0.126727 0.270782
0.4688 0.253996 0.277205
0.0934414 0.00189453 0.904664
0.114769 0.241527 0.643704
0.398256 0.161306 0.440438
0.612784 0 0.387216
0.919504 0.0804958 0
0.322038 0.0366114 0.64135
2.21086e-17 0.396145 0.603855
0.181074 0.470624 0.348302
0.162461 0.401451 0.436088
9.72763e-05 0.294366 0.705537
0.382634 0.298511 0.318855
0.126748 0.364504 0.508748
0.443001 0.0434701 0.513529
1 0 0
0.693684 0 0.306316
0.299952 0.700048 0
0.250218 0.367077 0.382706
0.0137688 0.68803 0.298201
0.954545 0.0454553 0
0.0227671 0.977233 0
0.825641 0.174359 0
0.673471 0.326529 0
0.232775 0.000129727 0.767095
0.594908 0.405092 0
0.263159 0.736841 0
0.000146333 0.125725 0.874129
0.54193 0.20807 0.25
0.406565 0 0.593435
0.0239988 0.0447767 0.931225
1.09092e-17 0.195473 0.804527
0.462096 0.151101 0.386802
0.656985 0.0927075 0.250308
0.0896605 0.143244 0.767095
0 0 1
0.519784 0.480216 0
0.159939 0.00324277 0.836818
0.357311 0.642689 0
0.586193 0.0812412 0.332565
0.140954 0.608407 0.250639
