0.75 0 0.25
0.103309 0.896691 0
0.10672 0.0781611 0.815118
0.44272 0.55728 0
0.948971 0.051029 0
0.557182 0.442818 0
0.705133 0.294867 0
0.786565 0.213435 0
0.192627 0.386639 0.420734
0.319428 0.00717785 0.673394
0.399846 0.600154 0
0.131004 0.511271 0.357724
0.449698 0.0103004 0.540001
0.111341 0.344067 0.544592
0.0803509 0.170795 0.748854
0.124043 1.7345e-05 0.87594
0.632739 0.0203558 0.346905
0.136875 0.414598 0.448527
0.478338 0.521662 0
0.888306 0.111694 0
0.412653 0.286412 0.300935
0.535192 0 0.464808
0.350921 0.114742 0.534338
0.616489 0.133511 0.25
0.626394 0.373606 0
0.0670001 0.612688 0.320312
0.171974 0.0654261 0.7626
0.0812746 0.251154 0.667571
0.362504 0.172688 0.464808
0.385794 0.362012 0.252194
0.389102 0.232741 0.378158
0.239863 0.760137 0
0.322803 0.427197 0.25
0.015869 0.327495 0.656636
0.0523933 0.368723 0.578884
0.0904279 0.529284 0.380288
0.275467 0.724533 0
0.58743 0.41257 0
0.824441 0.175559 0
0.571828 0.104203 0.323968
0.155436 0.114691 0.729873
0.484843 0.103244 0.411913
0.179236 0.164397 0.656368
0.00140223 0.107973 0.890625
0.60618 0 0.39382
0.023152 0.0164829 0.960365
0.316599 0.226648 0.456752
0.658182 0.0747081 0.26711
0.519354 0.480646 0
0.7394 0.2606 0
0.171797 0.323983 0.50422
0.251774 0.117095 0.631131
0.213222 0.2276 0.559178
0.247994 0.0567003 0.695306
0.349077 0.339855 0.311068
0.00118927 0.561977 0.436834
0.422091 0.1448 0.433109
0.157367 0.592633 0.25
0.214428 0.464935 0.320638
0 0.75 0.25
0.544891 0.0706377 0.384471
0.694532 0.00149869 0.303969
0.357969 0.642031 0
0.394585 0 0.605415
0.101479 0.648521 0.25
0.341099 0.0636921 0.595209
0.192507 2.69184e-05 0.807466
0.2464 0.276231 0.477369
0.920945 0.0790549 0
0 0.179974 0.820026
0.289928 0.316252 0.39382
0 0 1
0.143551 0.234425 0.622024
3.57444e-17 0.640167 0.359833
0.553491 0.195077 0.251432
0.857061 0.142939 0
0.175189 0.824811 0
0.457632 0.0575417 0.484827
0.202374 0.547626 0.25
0.0697612 0.0469627 0.883276
0.271363 0.179283 0.549354
0.255866 0 0.744134
0.509671 0.182213 0.308116
0.132262 0.867738 0
0.0250364 0.489586 0.485377
0.0688192 0.429806 0.501374
0.0342144 0.965786 0
0.260043 0.489957 0.25
5.58361e-17 1 0
0.0107233 0.707635 0.281641
0.268054 0.385041 0.346905
0 0.270127 0.729873
0.0677999 0.9322 0
0.319072 0.680928 0
0.477024 0.272973 0.250004
0.0465889 0.123195 0.830216
0 0.44715 0.55285
1 0 0
0.662517 0.337483 0
0.203969 0.796031 0
