1.00344e-20 0.75 0.25
0.349343 0.650657 0
0.0579644 0.321247 0.620788
0.359532 0.0494398 0.591028
0.885095 0.114905 0
0.637299 0.362701 0
0 0 1
0.149432 0.0734364 0.777132
0.75 0 0.25
0.225378 0.424406 0.350217
0.203194 0.492834 0.303972
0.190709 0.395439 0.413853
0.0280749 0.536015 0.435911
0.318296 0.418768 0.262936
3.18187e-17 0.619802 0.380198
3.49197e-17 0.680206 0.319794
0.365723 0.132317 0.50196
0.199771 0.538584 0.261645
0.422595 0.250699 0.326706
0.220137 0.177276 0.602586
0.456039 0.543961 0
0.108549 0.24182 0.649631
0.353849 0.323214 0.322937
0.274275 0.210758 0.514967
0.47867 0.149908 0.371422
0.319151 0.29152 0.389329
0.313785 0.686215 0
0.177903 0.822097 0
0.258461 0.269514 0.472026
0.223005 0.336832 0.440163
0.156026 0 0.843974
0.424052 0.575948 0
0.578485 0.085933 0.335582
0.030628 0.969372 0
0.521925 0.0775312 0.400544
0.518327 0.170537 0.311136
0.7033 0.2967 0
0.141579 0.858421 0
0.0375148 0.399551 0.562934
0.139731 0.466893 0.393377
0.44731 0.0811878 0.471502
0.000400274 0.161655 0.837945
0.491673 0.508327 0
0.556628 0.00447947 0.438892
0.00101256 0.0750195 0.923968
0.240357 0.000134748 0.759508
0.592889 0.157111 0.25
0.186704 0.29872 0.514576
0.182598 0.244444 0.572958
0.914222 0.0857776 0
0.348152 0.197797 0.454052
0.0625444 0.218791 0.718664
0.298147 0.133895 0.567958
0.128404 0.421322 0.450275
1 0 0
0.122826 0.172638 0.704536
0.413938 0.0507548 0.535307
0.848231 0.151769 0
0.0742762 0.452746 0.472977
0.0686863 0.657713 0.273601
0.529463 0.220537 0.25
0.25337 0.0771169 0.669513
0.820309 0.179691 0
0.0767544 0.0853056 0.83794
4.57156e-05 0.379166 0.620788
0.225853 0.774147 0
0.605293 0.394707 0
0.195992 0.142722 0.661286
0.0685394 0.14956 0.781901
0.670494 0.329506 0
2.71622e-17 0.487881 0.512119
0.26896 0.73104 0
0.316322 0 0.683678
0.210212 0.0416393 0.748149
0.738241 0.261759 0
0.412291 0.337709 0.25
0.967333 0.0326665 0
0.0647846 0.00613542 0.92908
0.0688479 0.931152 0
0.104904 0.895096 0
0.0717024 0.556012 0.372285
0.688864 0 0.311136
5.56738e-17 1 0
0.128659 0.621341 0.25
0.781913 0.218087 0
0.396991 0 0.603009
0.671505 0.0697454 0.258749
0.116012 0.348681 0.535307
0.114682 0.561545 0.323774
0.264774 0.485226 0.25
0.619568 0 0.380432
0.384621 0.615379 0
0.0260537 0.295597 0.67835
0.418321 0.165921 0.415757
0.501283 0 0.498717
0.529221 0.470779 0
0.274647 0.382713 0.34264
0.565477 0.434523 0
1.43262e-17 0.257324 0.742676
0.46825 0.274455 0.257295
