0.311423 0.688577 0
0 0.75 0.25
0.321174 0.0802042 0.598622
0.152551 0.1874 0.660049
0.276664 0.723336 0
0.511564 0.488436 2.22045e-16
0.466263 0.533737 0
1.74409e-20 1 0
0.355469 0.124988 0.519543
0.421659 0.328236 0.250105
0.385462 0.614538 0
0.398127 0.192158 0.409715
0.0781452 0.921855 0
0.272615 0.161445 0.56594
0.177704 0.0872507 0.735045
0.491359 0.12369 0.384951
0.908877 0.091123 2.22045e-16
0.0962795 0.550079 0.353642
0.405922 0.0578548 0.536223
0.565597 0.184297 0.250105
0.0671596 0.68272 0.25012
0.680782 0.319218 0
0.0012074 0.362284 0.636509
0 0 1
0.0804046 0.50817 0.411425
0.0609065 0.4788 0.460293
0.333377 0.416503 0.25012
0.607052 0.0328246 0.360124
0.170799 0.829201 5.55112e-16
0.34753 0.65247 0
0.111536 0.888464 5.55112e-16
1.19949e-15 0.588575 0.411425
0.203848 0.223096 0.573056
0.20689 0.79311 0
0.207388 0.435342 0.357271
0.0594548 0.623139 0.317406
0.241748 0.758252 0
0.0776559 0.0750758 0.847268
0.235526 0.0256354 0.738838
0.243767 0.101327 0.654906
0.549844 0.450156 1.11022e-16
2.73614e-05 0.434528 0.565445
0.101594 0.390618 0.507788
0.755094 0.244906 2.22045e-16
0.0807155 0.359851 0.559434
0.275874 0.309781 0.414345
0.672389 0.0776111 0.25
0.520091 0.0797717 0.400138
0.487808 0.0432539 0.468938
0.81996 0.18004 5.32907e-15
0.481349 3.4519e-07 0.518651
0.179281 0.333572 0.487147
0.95558 0.0444205 0
0.140616 0.859384 0
0.475444 0.172627 0.351929
0.493297 0.256703 0.25
0.0973553 8.70576e-06 0.902636
0.449071 0.233689 0.317239
1 0 0
0.63256 0.36744 0
0.292194 0.368048 0.339758
0.177238 0.505187 0.317574
0.0386817 0.301013 0.660305
0.788022 0.211978 2.22045e-16
0.0158914 0.0298354 0.954273
0.348395 0.263947 0.387658
0.0970751 0.272061 0.630864
1.94873e-21 0.111733 0.888267
0.432428 0.108855 0.458717
0.129797 0.443178 0.427025
0.00162633 0.259535 0.738838
0.420053 5.12867e-07 0.579946
0.156105 0.284349 0.559546
0.588329 0.411671 1.33227e-15
0.0336863 0.966314 0
0.560982 0 0.439018
0.23527 0.51473 0.25
0.193004 0.376502 0.430494
0.311261 0.00139792 0.687341
0.0985595 0.120814 0.780627
0.29869 0.228363 0.472947
0.00289187 0.674445 0.322663
0.847725 0.152275 0
0.670372 0 0.329628
0.2038 5.00456e-06 0.796195
0.586505 0.106796 0.306699
0.356638 0.00157467 0.641787
0.372765 0.316031 0.311204
0.136888 0.042652 0.82046
0.216999 0.26435 0.518651
0.270517 0.446292 0.283191
0.721346 0.278654 0
0.151222 0.598673 0.250105
0.174729 0.137929 0.687341
3.23821e-05 0.514262 0.485706
0.876927 0.123073 0
0.75 0 0.25
0.0812334 0.19278 0.725986
0.424412 0.575588 1.11022e-16
3.31451e-21 0.190043 0.809957
