0.0137089 0.374878 0.611413
0.204411 0.545588 0.250002
0.428845 0.122136 0.449018
0.146497 0.853503 0
0.336109 0.180236 0.483654
0.432426 0.264643 0.302931
0.395465 2.40538e-05 0.604511
0.000903118 0.140844 0.858253
0.444586 0.171184 0.38423
0.32259 0 0.67741
0.548881 0.451119 0
0.273251 0.0758033 0.650946
0.0872986 0.0706096 0.842092
0.0668433 0.422537 0.510619
0.768815 0.231185 0
0.68549 0.0314701 0.28304
2.1149e-21 0.230125 0.769875
0.14382 0.205234 0.650946
0.749998 0 0.250002
0.877845 0.122155 0
0.0990987 0.47703 0.423872
0.616271 0.383729 0
0.467572 0.532428 0
0.281244 0.468754 0.250002
0.361319 0.388679 0.250002
0.535256 0 0.464744
0.261609 0.738391 0
0.688997 0.311003 0
0.467397 0.200642 0.331961
0.374435 0.625565 0
0.522718 0.122479 0.354803
0.10856 0.89144 0
0.0878619 0 0.912138
0.154781 0.410335 0.434884
0.273491 0.221208 0.505301
0.126962 0.347037 0.526
0.2268 0.235086 0.538114
0.345465 0.654535 0
0.525339 0.224659 0.250002
0.225771 0.774229 0
0.400856 0.0885246 0.510619
0.91581 0.08419 0
6.89266e-21 0.749998 0.250002
0.374711 0.277689 0.3476
0.0279208 0.702824 0.269255
0.100419 0.649579 0.250002
0.0972947 0.171293 0.731412
0.496381 0.056066 0.447553
0.27209 0.00730593 0.720604
0.728979 0.271021 0
0.053175 0.137449 0.809376
0.162502 0.262199 0.575298
0.366663 0.0521003 0.581237
0.635887 0.114111 0.250002
0.419966 0.580034 0
0.000739621 0.552048 0.447212
0.122195 0.589556 0.288249
0.184861 0.123322 0.691817
0.157953 0.509016 0.333031
0.212618 0.303409 0.483973
0.0237534 0.500084 0.476162
0.0373715 0.962628 0
0.654266 0 0.345734
0.199634 0.366564 0.433802
0.151661 0.0828027 0.765536
0.291388 0.280427 0.428185
0.190796 0.809204 0
1 0 0
0.00256462 0.0666396 0.930796
0.0750555 0.924944 0
0.56958 0.159259 0.271161
0.573289 0.0133082 0.413403
0.226026 0 0.773974
0.956215 0.0437851 0
0.804002 0.195998 0
0 0 1
0.283518 0.133796 0.582685
5.84136e-21 0.635605 0.364395
0.84033 0.15967 0
0.205595 0.171593 0.622811
0.365813 0.202375 0.431812
0.448294 0.0133988 0.538307
0.0456527 0.610892 0.343456
6.79271e-18 0.447512 0.552488
0.206078 0.418419 0.375503
0.0672499 0.253235 0.679515
0.0666399 0.54913 0.38423
0.162078 0 0.837922
0.650938 0.349062 0
0.247734 0.4305 0.321766
0.583714 0.416286 0
0.606458 0.0575153 0.336027
0.509585 0.490415 0
0.3036 0.6964 0
7.09564e-07 0.311416 0.688584
0.280956 0.334814 0.38423
0.089822 0.298765 0.611413
0.329192 0.352884 0.317924
5.56196e-17 1 0
0.445929 0.302515 0.251557
