0.00773907 0.270704 0.721557
0.902978 0.0970224 0
0.527515 0.0630051 0.40948
0.136023 0.165785 0.698191
0.34339 0.159473 0.497137
0.257409 0.742591 0
0.212607 0.145823 0.64157
0.0472855 0.952715 0
7.40681e-17 9.25737e-17 1
0.167262 3.57744e-06 0.832735
0.199124 0.342537 0.458339
0.283791 0.00756555 0.708644
0.101657 0.234482 0.663861
0.541849 0.147044 0.311107
0.75 0 0.25
0 1 0
0.11107 0.564987 0.323944
0.711447 0.288553 0
0.0815132 0.918487 0
0.37992 0.257502 0.362578
1 0 0
0 0.499067 0.500933
0.369831 0.380169 0.25
0.687436 0.0625645 0.25
0.507231 0.242769 0.25
0.214243 0.0730308 0.712727
0.749349 0.250651 0
0.256847 0.441835 0.301318
0.446805 0.302662 0.250533
0.0645344 0.554364 0.381102
0.0446821 0.293926 0.661392
0.0538337 0.178753 0.767413
0.0787901 0.623957 0.297253
0.367617 0.632383 0
0.327183 0.672817 0
0.352519 0.216272 0.431209
0.403293 0.596707 0
0.132964 0.44782 0.419217
0.420291 0.111765 0.467944
0.084088 0.665912 0.25
0.0696257 0.490993 0.439381
0 0.403522 0.596478
0.230615 0.507472 0.261913
0.821519 0.178481 0
0.43525 0.56475 0
0.29331 0.315033 0.391658
0.368743 7.47651e-05 0.631182
0.570451 0.429549 0
0.257563 0.183908 0.558529
0.22535 0 0.77465
0.467622 0 0.532378
0.272872 0.259184 0.467944
1.04868e-20 0.675823 0.324177
0.163955 0.472989 0.363056
0.238072 0.386093 0.375835
0.196868 0.26771 0.535422
0.460442 0.153447 0.386111
0.541217 0.458783 0
0.111291 0.379073 0.509636
0.351156 0.342216 0.306628
0 0.560619 0.439381
0.0332862 0.130599 0.836114
0.185944 0.232401 0.581655
0.605076 0.394924 0
0 0.218987 0.781013
0.384306 0.0656184 0.550075
0.104589 0.00231675 0.893094
0.115155 0.884845 0
0.153532 0.846468 0
0.965526 0.0344737 0
0.302978 0.0805685 0.616453
0.506447 0.493553 0
0.678114 0.321886 0
0.653618 0 0.346382
0.0252396 0.449144 0.525617
0.297002 0.702998 0
0.000702664 0.0751221 0.924175
0.176104 0.573896 0.25
1.16378e-20 0.75 0.25
0.0616343 0.341888 0.596478
0.785956 0.214044 0
0.0309889 0.0227241 0.946287
0 0.345602 0.654398
0.228939 0.771061 0
0.190613 0.809387 0
0.512214 0.00265685 0.485129
0.320307 0.115609 0.564084
0.315957 0.434043 0.25
0 0.619578 0.380422
0.594326 0.155674 0.25
0.936081 0.0639195 0
0.130294 0.0924852 0.777221
0.472588 0.527412 0
0.58981 0 0.41019
0.124783 0.29536 0.579856
0.0716474 0.0537959 0.874557
0.641143 0.358857 0
0.453842 0.218417 0.327741
0.603681 0.0938688 0.30245
0.865431 0.134569 0
