0.00545013 0.0739638 0.920586
0.565273 0.434743 2.71665e-06
0.021929 0.608761 0.36931
1 0 0
0.118813 0.149017 0.732169
0.538276 0.0868742 0.37485
0.296466 2.10106e-05 0.703513
0.441595 0.0158414 0.542563
0.122083 0.33293 0.544987
0.0975703 0.65243 0.25
0.202402 5.27346e-07 0.797598
0.141351 0.21721 0.641439
0.631906 0 0.368094
0.75 0 0.25
0.209404 0.0507911 0.739805
0.431256 0.313951 0.254794
0.444623 0.5556 3.22453e-05
0.0799681 0.539604 0.380428
0.392855 0.607145 0
0.777203 0.222797 0
0.21792 0.78208 0
0.320359 0.679641 0
0.21915 0.529292 0.251558
0.18332 0.81668 0
0 0.558737 0.441263
0.405152 0.226754 0.368094
0.356894 0.0608027 0.582303
0.828768 0.171232 0
0.191722 0.485453 0.322825
0.682293 0.0228286 0.294878
0.0484838 0.174132 0.777385
1.01614e-05 0.333593 0.666397
0.172538 0.263818 0.563644
0.107088 0.286877 0.606034
0.0796986 0.395181 0.525121
0.163494 0.34814 0.488366
0.373899 0 0.626101
0.0777725 0.922228 0
0.251351 0.748649 0
0.300369 0.449576 0.250055
0.311646 0.307925 0.380428
0.0815759 0.233644 0.68478
0.264311 0.0807102 0.654979
0.967625 0.0323754 0
0.691617 0.308383 0
0.450353 0.24768 0.301966
0.140122 0.418132 0.441746
0.350973 0.184049 0.464978
0 0.417697 0.582303
0.0392947 0.960705 0
0 1 0
0 0.75 0.25
0.359254 0.640746 0
0.230166 0.281468 0.488366
0.150646 0.849354 0
0.486619 0.513381 0
0.136605 0.0800896 0.783305
0.0557911 0.0963542 0.847855
0.0929726 0.0017882 0.905239
0.300479 0.26295 0.43657
0.603649 0.082674 0.313677
0.0423549 0.309514 0.648131
0.114967 0.885033 0
0.57954 0 0.42046
0.271677 0.384532 0.343791
0.579378 0.152879 0.267743
0.658508 0.0914108 0.250081
0.1521 0.587682 0.260218
0 0.485039 0.514961
0.364312 0.385688 0.25
0 0.681269 0.318731
0.338203 0.353697 0.308101
0.398611 0.0835342 0.517854
0.000147276 0.269564 0.730289
5.55437e-05 0.162922 0.837022
0.134244 0.518692 0.347063
0.190216 0.125004 0.68478
0.378964 0.275883 0.345153
0.428143 0.140461 0.431397
0.469889 0.0709359 0.459175
0.730993 0.269007 0
0.513247 0.00343116 0.483322
0.214543 0.179423 0.606034
0.0889678 0.591429 0.319603
0.606463 0.393537 0
0.117355 0.0345786 0.848067
0.188998 0.431095 0.379907
0.216983 0.346447 0.43657
0.25319 0.221567 0.525243
0.92876 0.0712402 0
0.64809 0.35191 0
0.288485 0.711515 0
0.495512 0.162563 0.341925
0 0 1
0.86373 0.13627 0
0.533562 0.466438 0
0.0778393 0.466604 0.455557
0.893885 0.106115 0
0.529629 0.220371 0.25
0.292714 0.157984 0.549302
