0.267844 0.482155 0.25
0.142791 0.356789 0.50042
0.103938 0.507575 0.388487
0 0 1
0.386272 0.0973875 0.516341
0.967104 0.0328956 0
0.46802 0.0801191 0.451861
0.237461 0.302649 0.45989
0.75 0 0.25
0.115058 0.884942 0
0.252503 0.747497 0
0 0.585697 0.414303
0.476878 0.523122 0
0.405813 0.240552 0.353635
0.346781 0.0632389 0.58998
0.591595 0.073338 0.335067
0.192216 0.48509 0.322694
0.538222 0.211778 0.25
0.521241 0.478759 0
0.0834489 0.256914 0.659637
0.177685 0.401596 0.420719
0.091991 0.335312 0.572697
0.19711 1.61055e-06 0.802889
0.171731 0.296386 0.531883
0.589162 0.410838 0
0.154446 0.0697423 0.775812
0.512504 0.133862 0.353635
0.551918 0.448082 0
0.314125 0.173231 0.512644
0.732653 0.267347 0
0 0.249474 0.750526
0.250158 0.204338 0.545503
1.82378e-17 0.327583 0.672417
2.06626e-05 0.456741 0.543238
0.682147 0.0678531 0.25
0.364078 0.635922 0
0.186886 0.212717 0.600397
0.414579 0.153141 0.43228
0.677223 0.0031793 0.319597
0.282674 0.717326 0
0.000193276 0.186002 0.813804
0.771737 0.228263 0
0.458833 0.291166 0.25
0.526366 0.0610925 0.412542
0.405682 0.594318 0
1 0 0
0.336604 0.272433 0.390963
0.25815 0.421431 0.320419
0.322391 0.677609 0
0.0334355 0.102938 0.863627
0.26866 0.062312 0.669028
0.00903637 0.389528 0.601435
0.0408733 0.959127 0
0.113496 0.176794 0.709709
0.0251954 0.668281 0.306524
7.05281e-05 0.0678737 0.932056
0.12713 0.283251 0.58962
0.243677 0.381161 0.375162
0.506434 1.85544e-15 0.493566
0.177556 0.57243 0.250015
0.182789 0.817211 0
0.295264 0.256071 0.448664
0.074364 0.572001 0.353635
0.262449 7.05979e-06 0.737544
0.204013 0.152107 0.643879
0.621042 0.128958 0.25
5.56738e-17 1 0
0.0775188 9.85186e-06 0.922471
0.130075 0.00031888 0.869606
0.409577 0.327095 0.263328
0.619505 0.380495 0
0.150224 0.449154 0.400622
0.607025 4.15127e-06 0.392971
0.32068 0.0102921 0.669028
0.286786 0.13026 0.582953
0.0812996 0.9187 0
0.93208 0.0679205 0
0.65992 0.34008 0
0.0833212 0.666679 0.25
0.0833791 0.088252 0.828369
0.801187 0.198813 0
0.0712359 0.16837 0.760394
0.438769 0.561231 0
0.309535 0.340464 0.350001
0.894232 0.105768 0
0.10869 0.604984 0.286325
0.381193 3.11466e-06 0.618803
3.51642e-17 0.631611 0.368389
0.431573 0.0146797 0.553747
0.703128 0.296872 0
0.19464 0.095651 0.709709
0.216449 0.783551 0
0.37362 0.17587 0.450511
0.357156 0.392844 0.25
0.147402 0.852598 0
0.481567 0.204319 0.314114
0.841497 0.158503 0
0 0.75 0.25
0.0214772 0.540141 0.438382
0.0732108 0.432059 0.49473
