0.186977 0.29411 0.518913
0.432936 0.000977608 0.566086
0.939774 0.0602265 0
0.327109 0.184438 0.488453
0 0.75 0.25
0.382259 0.155571 0.462169
0.383032 0.299524 0.317445
0.18568 0.471091 0.343229
0.0748357 0.58535 0.339815
0.160288 0.055328 0.784384
0.1418 0.163953 0.694247
0.55803 0.18033 0.26164
0.222481 0.777519 0
0.0123537 0.143148 0.844498
0.607666 0.00137216 0.390961
1.73518e-06 0.278576 0.721422
0.662137 0 0.337863
0.376679 0.623321 0
0.649723 0.350277 0
0.455254 0.544746 0
0.320876 0.3458 0.333324
0.296332 0.703668 0
0.407395 0.184012 0.408593
0.151172 0.356534 0.492294
0.860349 0.139651 0
0.16088 0.410491 0.428629
0.395755 0.0604403 0.543805
0.221421 0.168156 0.610424
0.317766 0.0579775 0.624257
0.408004 0.591996 0
3.73828e-06 0.600166 0.39983
0.75 0 0.25
0.220874 0.210593 0.568533
0.905136 0.0948641 0
0.610603 0.389397 0
0.154415 0.224049 0.621536
0.0672924 0.317805 0.614903
1.35586e-07 0.0899915 0.910008
0.822283 0.177717 0
0.0058556 0.403963 0.590182
0.116469 0.320077 0.563454
0.597028 0.0807936 0.322178
0.322154 0.00464581 0.6732
0.315647 0.267916 0.416437
2.16576e-06 0.347703 0.652295
0.225024 0.313329 0.461647
0.452339 0.214336 0.333324
0.158659 0.841341 0
0.149058 0.559363 0.291578
0.553518 5.40435e-06 0.446477
0.185678 0.0928995 0.721422
0.002428 0.525415 0.472157
0.0851195 0.100459 0.814422
0.138595 0.611395 0.25001
0.252952 2.81198e-09 0.747048
0.242941 0.0838582 0.6732
5.56196e-17 1 0
0.279015 0.24329 0.477696
0.463172 0.0751816 0.461647
0.191055 0.808945 0
0.261685 0.450729 0.287586
0.688857 0.311143 0
0.331967 0.668033 0
0.230702 0.519288 0.25001
0.619422 0.130578 0.25
0.177487 3.90023e-07 0.822513
0.0819504 0.432341 0.485708
0.7205 0.2795 0
0.758996 0.241004 0
0.0376691 0.962331 0
0.49721 0.50279 0
0.534446 0.088742 0.376812
0.379205 0 0.620795
2.2646e-06 0.449775 0.550223
0.479205 0.270535 0.25026
0.343143 0.406857 0.25
1 0 0
0.0501182 0.202834 0.747048
0.252841 0.747159 0
6.71828e-17 9.9947e-17 1
0.0755794 0.924421 0
0.413501 0.336239 0.25026
0.0012999 0.193145 0.805555
0.363471 0.111128 0.5254
0.0812104 0.00082374 0.917966
0.790515 0.209485 0
0.568363 0.431637 0
0.289284 0.138897 0.571819
0.250043 0.373069 0.376888
0.125511 0.0392384 0.835251
0.969222 0.0307781 0
0.48977 0.140621 0.369609
0.671112 0.0431966 0.285692
0.0974124 0.246587 0.656
0.487812 0.0230704 0.489117
0.53462 0.46538 0
0.0650216 0.684968 0.25001
4.15985e-06 0.667846 0.33215
0.0954248 0.503427 0.401148
0.125365 0.874635 0
