0.238244 0.761756 0
0.157999 0.484604 0.357397
0.442859 0.149053 0.408088
0.47909 0.52091 0
0.248937 0.501063 0.25
0 0.75 0.25
0.148134 0.410987 0.440879
0.0624993 0.687327 0.250173
0.0687058 0.333026 0.598268
0.185008 0.814992 0
0.0693677 0.930632 0
0.480085 0.198807 0.321108
0 0 1
0.294287 0.434369 0.271344
0.112667 0.0239799 0.863353
0.720348 0.279652 0
0.839693 0.160307 0
0.143966 0.856034 0
3.78724e-17 0.67769 0.32231
0.104757 0.271366 0.623878
0.443308 0 0.556692
0.76611 0.23389 0
0.134652 0.0734301 0.791918
0.0549921 0.4605 0.484508
0.360826 0.228731 0.410443
0.274522 0 0.725478
0.0141132 0.614429 0.371458
0.954066 0.0459344 0
0.215268 0.492958 0.291774
0.658263 0.341737 0
0.0863582 0.380422 0.53322
0.110475 0.138901 0.750625
0.365441 0.000303852 0.634255
0.000145475 0.448704 0.551151
0.400865 0.143309 0.455825
0.0283196 0.279173 0.692507
0.516518 0.483482 0
5.58845e-17 1 0
0.0394569 0.960543 0
0.252849 0.407659 0.339492
0.41382 0.0838468 0.502333
0.653307 0 0.346693
0.087142 0.218253 0.694605
0.562192 0.186439 0.251369
0.223685 0.0575754 0.71874
0.367663 0.382337 0.25
0.281946 0.718054 0
0.22083 0.325945 0.453225
0.372713 0.0562915 0.570995
0.574112 0.0177999 0.408088
0.233334 0.210992 0.555673
0.0019326 0.555541 0.442526
0.0910124 0.493892 0.415096
0.0793296 0.594021 0.32665
0.140026 0.356615 0.503358
0.106679 0.893321 0
0.616785 0.383215 0
0.573408 0.0922457 0.334346
0.00595147 0.114522 0.879527
0.583492 0.416508 0
0.307573 0.0688745 0.623553
0.689508 0.0547993 0.255693
0.243343 0.0982822 0.658375
0.516171 0.112371 0.371458
0.0213377 0.0439155 0.934747
0.42569 0.32431 0.25
0.75 0 0.25
0.87622 0.12378 0
0.375067 0.296329 0.328604
0.270259 0.139324 0.590416
1.978e-07 0.245862 0.754138
1 0 0
0.613022 0.130475 0.256503
0.490278 0.0525241 0.457198
0.145593 0.54692 0.307487
0.0719176 0.123133 0.804949
0.689502 0.310498 0
0.442833 0.557167 0
0.20048 0.412674 0.386846
0.291369 0.317912 0.390719
0.0891309 0 0.910869
0.157412 0.591317 0.251271
0.427583 0.210111 0.362305
0.260847 0.251961 0.487192
0.370307 0.629693 0
0.500476 0.249524 0.25
0.000114344 0.352683 0.647203
0.171075 0.286456 0.542469
0.326965 0.673035 0
0.550941 0.449059 0
8.88142e-18 0.158925 0.841075
0.810792 0.189208 0
0.913404 0.0865961 0
0.15205 0.21787 0.63008
0.534738 1.16753e-05 0.46525
0.178109 0.147619 0.674272
0.330611 0.35958 0.309809
0.324959 0.171297 0.503744
0.406871 0.593129 0
0.173413 0 0.826587
