0.221676 0.263534 0.51479
0.138683 0.548321 0.312995
0.276149 0.47385 0.25
0.377188 0.343184 0.279628
0.582815 0.167185 0.25
0.192241 0.807759 0
0.617534 0.382466 0
0.392463 0.215826 0.391712
0.469715 0.190078 0.340207
0.925633 0.0743665 0
0.250853 0.298221 0.450925
0.339954 0.660046 0
0.173411 0.125953 0.700636
0.511936 0.237117 0.250947
0.00796925 0.0957866 0.896244
0.286013 0.145063 0.568925
0.65902 0.34098 0
0.260792 0.0622718 0.676936
0.199275 0.161933 0.638792
0.321909 0.316998 0.361092
0.151662 0.49458 0.353758
0.213715 0.0593336 0.726951
0.154971 0.845029 0
0.0965557 0.0417723 0.861672
0.1319 0.342075 0.526024
0.0738406 0.67296 0.2532
0.546801 0.453199 0
0.124343 0.214244 0.661413
0.438539 0.311461 0.25
0.351826 0.161211 0.486964
0.75 0 0.25
0.143883 0.606117 0.25
1.85818e-20 0.75 0.25
0.38233 0.61767 0
0.456134 0.543866 0
0.154313 0.37897 0.466717
0.212304 0.52546 0.262236
0.075838 0.924162 0
0.117951 0.882049 0
0.270907 0.192867 0.536226
1.35898e-20 0.548513 0.451487
0.642864 0.105418 0.251719
0.653426 0.000782274 0.345791
0.443169 0.157905 0.398926
0.12415 0.105083 0.770767
0.227936 0.450168 0.321895
0.334572 0.413953 0.251475
0.888947 0.111053 0
0.373273 0.0861657 0.540561
0.302007 0.697993 0
0.543884 3.02287e-05 0.456086
0 0 1
0.0410205 0.95898 0
0.0458054 0.486455 0.46774
0.263794 0.736206 0
0.160543 0.252473 0.586985
0.172074 0.0248297 0.803096
0.0830105 0.17981 0.73718
2.58651e-05 0.187259 0.812716
0.0703486 0.318024 0.611627
0.289591 0.395174 0.315235
0.504246 0.495754 0
0.311657 0 0.688343
0.736966 0.263034 0
0.7827 0.2173 0
0.69802 0.30198 0
1 0 0
1.54363e-20 0.62304 0.37696
6.05757e-05 0.438558 0.561382
1.97779e-17 0.356127 0.643873
0.429315 0.0752894 0.495396
3.93343e-05 0.284774 0.715187
0.319323 0.253475 0.427202
0.678828 0.046503 0.274669
0.080559 0.602428 0.317013
0.120195 0.451538 0.428267
0.475248 0.002075 0.522677
0.419331 0.580669 0
0.850809 0.149191 0
0.0730876 0.546556 0.380356
0.0744612 0.406023 0.519516
0.0245123 0.0369975 0.93849
0.491199 0.0861421 0.422659
0.430125 0.265173 0.304702
0.336192 0.0544362 0.609372
0.000280392 0.686834 0.312886
0.819055 0.180945 0
0.226055 0.00115837 0.772787
0.59821 2.13097e-06 0.401788
0.0273472 0.246932 0.725721
0.564766 0.0990436 0.33619
0.227833 0.772167 0
0.540382 0.150022 0.309596
0.0944841 0.000200314 0.905316
0.218954 0.38212 0.398926
5.55359e-17 1 0
0.584136 0.415864 0
0.0627103 0.102684 0.834606
0.960475 0.0395247 0
0.405992 0 0.594008
