0.0194006 0.512581 0.468019
0.0972314 0.157927 0.744841
0.272802 0.727198 0
0.371168 0.198263 0.430568
0.394892 0.312162 0.292946
0.122536 0.877464 0
0.892717 0.107283 0
0.415799 6.55436e-06 0.584194
0.461233 0.0177165 0.521051
0.115555 0.0695591 0.814886
0.249059 0.361175 0.389766
0.000476538 0.105524 0.894
0.581297 0 0.418703
0.0793085 0.0219008 0.898791
0.83504 0.16496 0
0.789782 0.210218 0
0.0823952 0.917605 0
0.0221131 0.370393 0.607494
0.159973 0.251399 0.588628
0.63543 0 0.36457
0.207898 0.325206 0.466896
0.566381 0.433619 0
0.539366 0.0905635 0.37007
0.603781 0.0725601 0.323659
0.0787706 0.671229 0.25
0.323823 0.340977 0.3352
2.36628e-06 0.336979 0.663018
0 1 0
0.0629678 0.226008 0.711024
0.0463112 0.392077 0.561612
0.166745 5.51375e-09 0.833255
0.498357 0.18091 0.320733
0.306885 0.693115 0
3.31018e-06 0.4714 0.528597
0.715571 0.284429 0
0.0881747 0.431896 0.479929
0.664708 0.085292 0.25
0.338926 0.661074 0
0.344163 0.000260316 0.655577
0.75 0 0.25
0.165091 0.385418 0.449491
0.235405 0.168278 0.596317
0.462342 0.287658 0.25
0.234567 0.765433 0
0.210525 0.00215088 0.787325
0.330231 0.152121 0.517647
0.411703 0.101087 0.48721
0.197697 0.802303 0
0.264414 0.0182538 0.717332
0.358651 0.391349 0.25
0.452683 0.144227 0.40309
0.0449222 0.125864 0.829214
0.00208141 0.271883 0.726035
0.281072 0.465282 0.253646
0.462634 0.537366 0
0.267542 0.418709 0.313749
0.751824 0.248176 0
0.0888128 0.293345 0.617842
0.00135725 0.0557076 0.942935
0.338574 0.267642 0.393784
0.861416 0.138584 0
0.503997 0.0600359 0.435967
0.377872 0.0605158 0.561612
0.277561 0.0910782 0.631361
0.417056 0.224331 0.358613
0.41881 0.58119 0
0.164564 0.0873826 0.748053
0.000102077 0.599479 0.400419
0.533764 0.466236 0
0.677638 0.322362 0
0 0.75 0.25
0.127972 0.544036 0.327992
0.0582675 0.578222 0.363511
0.53064 8.89744e-06 0.469351
0.503301 0.496699 0
0.20553 0.54447 0.25
0.281469 0.23063 0.487901
0.162014 0.837986 0
4.56362e-18 5.0956e-17 1
0.37743 0.62257 0
0.57606 0.17394 0.25
0.0941156 0.498757 0.407128
0.958524 0.0414765 0
0.114762 0.356368 0.528869
0.690911 0.00607492 0.303014
0.506984 0.243016 0.25
0.00018749 0.68172 0.318092
0.643163 0.356837 0
0.922725 0.0772753 0
0.608804 0.391196 0
0.11872 0.608582 0.272698
2.8935e-06 0.198398 0.801599
0.210479 0.465723 0.323798
0.284844 0.299903 0.415253
0.0469392 0.953061 0
0.197542 0.273505 0.528954
0.16267 0.46381 0.37352
1 0 0
0.150482 0.193026 0.656492
0.19334 0.131355 0.675304
