0.0687077 0.188115 0.743177
0.665968 0 0.334032
0.466149 0.213311 0.32054
0.164482 0.0284845 0.807033
0.0709059 0.573568 0.355526
0.0556509 0.477617 0.466732
0.318939 0.178492 0.502569
0.177937 0.822063 0
0.349191 0.115118 0.535691
0.582963 0.417037 0
0.390085 0.609915 0
0.0466642 0.00808115 0.945255
0.761014 0.238986 0
0.424114 0.575886 0
0.505608 0.0389896 0.455403
0.116223 0.883777 0
2.02135e-20 1 0
0.251038 0.000274537 0.748688
0.29694 0.368243 0.334816
0.116195 0.292711 0.591094
0.210898 0.40046 0.388642
0.40763 0.34237 0.25
0.123193 0.597548 0.279259
0.0817338 0.0978814 0.820385
0.959478 0.0405223 0
0.3095 0.25995 0.43055
0.00051453 0.0696209 0.929865
0.235866 0.277673 0.48646
1 0 0
0.432666 0.0817838 0.48555
0.352542 0.316083 0.331375
1.2674e-05 0.601964 0.398023
0.000265999 0.683799 0.315935
0.129341 0.398686 0.471972
0.39574 0.267658 0.336602
0.841025 0.158975 0
0.0359624 0.964038 0
0.289873 0.710127 0
0.62047 0.12953 0.25
0.524144 0.225747 0.25011
0.6887 0.0566489 0.254651
0.865264 0.134736 0
0.325934 0.674066 0
0.246904 0.121719 0.631377
0.147872 0.327222 0.524906
0.45133 0.54867 0
0.248203 0.751797 0
0.15274 0.84726 0
0.251336 0.498664 0.25
0.0759816 0.359028 0.56499
0.0786753 0.671325 0.25
0.921207 0.0787927 0
0.257374 0.427958 0.314668
0.459841 0.269019 0.271141
0.195995 0.350281 0.453724
0.187803 0.562197 0.25
0.0358843 0.307973 0.656143
0.331808 0 0.668192
0.589221 0.0742222 0.336557
6.0192e-21 0.297781 0.702219
0.596519 0.000363939 0.403117
0.798914 0.201086 0
0.499852 0.500148 0
0.649589 0.350411 0
0.00039292 0.547897 0.45171
8.64908e-05 0.389468 0.610445
0.169577 0.161376 0.669047
0.294168 0.13204 0.573792
0.420433 0.199869 0.379698
0.683575 0.316425 0
0.019205 0.456612 0.524183
0.540268 0.146569 0.313163
0 0.75 0.25
0.403355 0.146725 0.44992
0.183258 0.496202 0.32054
0.00085869 0.227455 0.771687
0.133503 0.461357 0.40514
2.93271e-06 0.139292 0.860705
0.233191 0.228278 0.53853
0.272264 0.3253 0.402436
0.276798 0.0570918 0.66611
0.503594 0.107764 0.388642
0.325582 0.0659817 0.608437
0.222985 0.777015 0
0.411026 0 0.588974
0.096249 0.534572 0.369179
0.0907742 0.22875 0.680475
0.116841 0 0.883159
0.75 0 0.25
0.544601 0.455399 0
0.344471 0.405529 0.25
0.165139 0.220231 0.61463
0.0730328 0.926967 0
0.485835 0 0.514165
9.11836e-17 7.54583e-17 1
0.61637 0.38363 0
0.129386 0.116006 0.754608
0.711693 0.288307 0
0.207976 0.0898046 0.702219
0.358853 0.641147 0
