0.653917 0.0960832 0.25
0.219131 0.3201 0.46077
0.0962937 0.528646 0.37506
0.0693232 0.418774 0.511903
0.602884 0.0703504 0.326765
0.369574 0.290499 0.339928
0 0.75 0.25
8.30247e-07 0.132495 0.867505
0.632897 3.43062e-05 0.367069
0.754624 0.245376 0
0.470546 0.0986605 0.430793
0.181917 0.441234 0.376849
0.0370244 0.962976 0
0 1 0
0.100661 0.193752 0.705587
0.380371 0.242793 0.376836
0.432074 0.317865 0.250061
0.0425243 0.691437 0.266038
0.000593644 0.429561 0.569846
0.699317 3.79065e-05 0.300645
0 0 1
2.89502e-05 0.622729 0.377242
0.263915 0.25064 0.485445
0.115748 0.313386 0.570866
0.493892 0.256108 0.25
0.149897 0.542866 0.307237
0.216595 0.783405 0
8.02933e-06 0.270874 0.729118
0.331723 0.231992 0.436285
0.476477 0.189792 0.333732
0.244489 0.0463956 0.709115
0.338849 0.108586 0.552565
0.128244 0.348645 0.523111
0.0475781 0.485116 0.467306
0.281375 0.166059 0.552565
0.106196 0.643804 0.25
0.481905 0.518095 0
0.361726 0.388213 0.250061
0.561751 0.185166 0.253083
0.298196 0.701804 0
0.126608 0.0637478 0.809645
0.525696 0.137153 0.337152
0.0722191 0.119395 0.808386
0.0765707 0.923429 0
0.957928 0.0420722 0
1 0 0
0.257259 0.122258 0.620483
0.341041 0.658959 0
1.31287e-06 0.508718 0.491281
0.158692 0.0920582 0.74925
0.209042 0.00251583 0.788442
0.639841 0.360159 0
0.177413 0.822587 0
0.244295 0.432894 0.322811
0.196465 0.265903 0.537632
0.569061 0.00363667 0.427302
0.721318 0.278682 0
0.426533 0.0877335 0.485733
0.368715 0.159983 0.471302
0.309805 0.37913 0.311065
0.383961 0.616039 0
0.51351 0.48649 0
0.505434 0.0204314 0.474135
0.266042 0.34863 0.385328
0.372801 2.02077e-05 0.627179
0.588638 0.411362 0
0.114774 0.885226 0
0.30197 0.0866804 0.61135
0.129016 0.460301 0.410683
0.142257 0.857743 0
0.795117 0.204883 0
0.259861 0.740139 0
0.677859 0.322141 0
0.0225783 0.559946 0.417476
0.16598 0.583773 0.250247
0.225531 0.524466 0.250002
0.386646 0.0430236 0.57033
0.314527 0.000595032 0.684878
0.82695 0.17305 0
0.0719476 0.612137 0.315916
0.114409 0.0180861 0.867505
0.419893 0.580107 0
0.195719 0.378722 0.425559
0.00418724 0.0632855 0.932527
0.203336 0.114823 0.681841
0.280552 0.463818 0.25563
0.0888695 0.000413425 0.910717
7.40277e-06 0.328833 0.67116
0.0731385 0.268116 0.658746
0.469939 0 0.530061
0.0541816 0.340276 0.605542
0.440891 0.161406 0.397703
0.75 0 0.25
0.450353 0.549647 0
0.0153507 0.189217 0.795432
0.867635 0.132365 0
0.554015 0.445985 0
0.00446168 0.679623 0.315916
0.180619 0.208031 0.61135
0.91264 0.0873599 0
