0.517258 0.0941266 0.388615
7.42932e-21 0.591631 0.408369
0.280093 0.374653 0.345253
0.326336 0.423664 0.25
0.39962 0.60038 0
0.307886 9.86782e-07 0.692113
0.0622863 0.517012 0.420702
0.874876 0.125124 0
0.212691 0.438453 0.348856
0.75 0 0.25
0.357203 0.337436 0.305362
9.41801e-21 0.75 0.25
0.482608 0.517392 0
0.271345 0.094186 0.634469
0.0122922 0.410275 0.577433
6.16041e-21 0.490582 0.509418
0 0.374035 0.625965
0 0 1
0.665567 0.00249287 0.33194
0.146817 0.0157011 0.837482
0.331827 0.294851 0.373322
0.464881 0.0655165 0.469603
0.222996 0.338713 0.438291
0.43953 0.56047 0
0.338863 0.0740452 0.587092
0.711671 0.288329 0
0.10752 0.89248 0
0.254134 0.459824 0.286042
0.407778 0.0523769 0.539845
0.586042 0.0856718 0.328286
0.681294 0.0687062 0.25
0.114086 0.545269 0.340645
0.0956967 0.16218 0.742123
8.29531e-21 0.660594 0.339406
0.0684433 0.381785 0.549772
0.108274 0.214158 0.677568
0.138757 0.861243 0
0.615505 0.134495 0.25
0.103812 0.644343 0.251845
0.179966 0.179326 0.640708
0.312421 0.687579 0
0.194571 0.295537 0.509892
0.521608 0.478392 0
0.747758 0.252242 0
0.016187 0.211134 0.772679
0.403907 0.272441 0.323652
3.60876e-21 0.287382 0.712618
0.14935 0.254873 0.595778
0.19089 0.121637 0.687474
0.0448458 0.045768 0.909386
0.918259 0.0817406 0
0.125 0.597429 0.277572
0.131811 0.0914636 0.776725
0.539045 0.210955 0.25
0.345955 0.147915 0.50613
0.953861 0.0461393 0
0.0404809 0.959519 0
0.248175 0.150146 0.601678
0.472984 0.275544 0.251471
0.207353 0.792647 0
0.0488126 0.297794 0.653394
0.0753307 0.924669 0
0.210318 3.66444e-08 0.789682
0.841891 0.158109 0
0.377474 6.57686e-08 0.622526
0.67305 0.32695 0
0.555293 0.163306 0.281402
0.161114 0.509598 0.329288
0.24309 0.75691 0
0.624658 0.375342 0
0.809547 0.190453 0
0.352194 0.647806 0
0.589351 0.410649 0
0.618331 1.74058e-05 0.381652
0.122577 0.452513 0.42491
4.57457e-09 0.153172 0.846828
1 0 0
0.277997 0.722003 0
0.475253 0.195459 0.329288
0.128786 0.34091 0.530304
0.433633 0.127527 0.43884
0.106777 9.10867e-07 0.893223
0.401265 0.348107 0.250628
0.459185 1.33519e-06 0.540814
0.534987 0.0102173 0.454796
0 1 0
0.0861942 0.43738 0.476425
0.182857 0.389766 0.427377
0.174493 0.825507 0
0.282828 0.238706 0.478466
0.0783295 0.105476 0.816194
0.0208709 0.712025 0.267104
0.560489 0.439511 0
0.249134 0.207191 0.543675
0.247981 0.0362516 0.715768
0.211489 0.538511 0.25
0.779053 0.220947 0
0.37709 0.210204 0.412706
0.0437727 0.570947 0.38528
0.00202499 0.069413 0.928562
