0.062406 0.343287 0.594307
0.410633 7.85313e-06 0.589359
0.143892 0.856108 0
0.126358 0.257611 0.616031
0.196906 0.117182 0.685912
0.469526 0.0866297 0.443844
0.678009 0.0719911 0.25
0.518458 9.91522e-06 0.481532
0.213654 0.536346 0.25
0.258009 0.741991 0
0.440554 0.309446 0.25
0.409482 0.59053 2.16504e-06
3.55388e-05 0.586919 0.413046
0.308068 0.441664 0.250268
0.0773113 0.223463 0.699226
0.235814 0.168402 0.595784
0.316303 0.125569 0.558128
0.396994 0.102917 0.500089
0.0229528 0.190922 0.786126
0.51739 0.48261 0
1.76394e-20 0.75 0.25
0.589139 0.060199 0.350662
0.442561 0.557439 0
5.48802e-06 0.148152 0.851843
1 0 0
0.23896 0.226875 0.534165
0.315288 0.28823 0.396482
0.636425 0.363575 0
0.0400407 0.959959 0
0.76895 0.23105 0
0.145445 0.604555 0.25
0.120203 5.80937e-07 0.879796
0.478774 0.521237 2.16504e-06
0.800891 0.199109 0
0.364813 0.212786 0.422401
0.114005 0.498393 0.387602
1.9499e-05 0.4874 0.51258
0.291493 0.0989578 0.609549
0.97779 0.0222097 0
0.225408 0.774592 0
0.516902 0.232782 0.250316
0.0982649 0.395678 0.506057
4.12515e-05 0.681264 0.318695
0.908249 0.0917513 0
0.0184612 0.312537 0.669002
0.128634 0.561784 0.309582
0.443159 0.0284065 0.528435
0.148388 0.0263291 0.825283
0.56389 0.43611 0
6.56906e-06 0.255349 0.744644
0.341892 0.000649889 0.657458
0.705209 0.294791 0
0.671034 0.328966 0
0.149894 0.305596 0.54451
0.284944 0.406262 0.308794
0.18471 0.81529 0
0.302516 0.697484 0
2.48735e-05 0.419608 0.580367
0.24538 0.0818053 0.672815
0 0 1
0.337005 0.327154 0.335842
0.0106952 0.0551265 0.934178
0.348652 0.175599 0.475749
0.567366 0.127056 0.305578
0.0712051 0.928795 0
0.511689 0.128274 0.360037
0.573398 0.173133 0.253469
0.0666119 0.57218 0.361208
0.75 0 0.25
0.864172 0.135828 0
4.01245e-06 0.358592 0.641404
0.284629 0.253474 0.461897
0.0264535 0.533953 0.439593
0.108501 0.891499 0
0.208576 0.0428594 0.748565
0.234507 0.353419 0.412074
0.936326 0.0636736 0
0 1 0
0.406564 0.274106 0.31933
0.171097 0.412997 0.415906
0.104004 0.144795 0.7512
0.837983 0.162017 0
0.0632879 0.0848692 0.851843
0.215121 0.309161 0.475719
0.630888 0.114272 0.254841
0.57014 1.67775e-05 0.429844
0.216251 0.460421 0.323328
0.147338 0.179847 0.672815
0.372761 0.627239 0
0.666477 0.00136114 0.332162
0.278609 0.000529597 0.720861
0.025581 0.637693 0.336726
0.369739 0.0500651 0.580196
0.463468 0.199806 0.336726
0.0664248 0.467188 0.466387
0.336575 0.663425 0
0.0735168 0.676215 0.250268
0.60107 0.39893 0
0.736676 0.263324 0
0.37838 0.367319 0.254301
