0.75 0 0.25
0.55185 0.0220287 0.426121
0.299786 0.248444 0.45177
0.130931 0.869069 0
0.211531 0.278442 0.510026
0.269163 0.331159 0.399678
0.382866 0.617134 0
0.884535 0.115465 0
0.121345 0.105444 0.77321
0.269851 0.730149 0
0.310745 0.689255 0
0.966187 0.033813 0
0.794427 0.205573 0
0.14905 0.235356 0.615593
0.0240811 0.678769 0.29715
0 1 0
0.241385 0.447337 0.311279
0.21331 0.00762759 0.779062
0 0 1
0.365089 0.203643 0.431267
0.70718 0.29282 0
0.0186995 0.20809 0.77321
0.341682 0.283164 0.375154
0.381231 0.012471 0.606298
0.327065 1.80868e-06 0.672934
0.501966 0.110443 0.38759
0.0903856 0.645685 0.263929
0.245116 0.0289152 0.725969
0.0691052 0.144522 0.786372
0.166649 0.833351 0
0.848157 0.151843 0
0.194511 0.406787 0.398702
0.031638 0.42374 0.544622
0 0.509541 0.490459
0.381112 0.310426 0.308462
0.00735395 0.567352 0.425294
0.145773 0.32659 0.527637
0.0841064 0.242009 0.673885
0.527432 1.36928e-06 0.472567
0.188716 0.372619 0.438665
0.560468 0.188577 0.250955
0.275981 0.139163 0.584856
0.509232 0.490768 0
0.330652 0.161456 0.507892
0.0894273 0.0559697 0.854603
0.928742 0.0712583 0
0.622921 0 0.377079
0.164556 6.59642e-05 0.835378
0.227222 0.198274 0.574504
0.321011 0.0755818 0.603407
0.413587 0.230316 0.356097
0.0038746 0.398379 0.597746
0.139581 0.190827 0.669593
0.0865213 0.574296 0.339183
1 0 0
0.0401786 0.959821 0
0.542227 0.457773 0
0.00374244 0.0594392 0.936818
0.0834442 0.505157 0.411399
0.698183 0.0082605 0.293557
0.0618867 0.456555 0.481558
0.568068 0.0977981 0.334134
0.212867 0.13694 0.650193
0.665498 0.0845019 0.25
0.0826477 0.917352 0
0.19493 0.0808808 0.724189
0.341977 0.408023 0.25
0.461255 0.538745 0
0.745609 0.254391 0
0.230331 0.769669 0
0.0702199 0.3611 0.56868
0.00218833 0.273622 0.724189
0.465399 0.167522 0.367079
0.0622035 0.304657 0.633139
0 0.625036 0.374964
0.3426 0.6574 0
0.192352 0.551638 0.25601
0 0.346972 0.653028
0.481888 0.0629046 0.455208
0.14495 0.404111 0.45094
0.262527 0.486518 0.250955
0.60987 0.125822 0.264308
0.462062 1.99795e-05 0.537918
0.421782 0.327263 0.250955
0.286038 0.371919 0.342043
0.582305 0.417695 0
0.508963 0.182576 0.308462
0.420253 0.119131 0.460616
0 0.145397 0.854603
0.0796978 0.00170744 0.918595
0.618618 0.381382 0
0.65882 0.34118 0
0 0.75 0.25
0.271804 0.0648709 0.663325
0.167898 0.481508 0.350594
0.138019 0.611981 0.25
0.196372 0.803628 0
0.417208 0.582792 0
0.378156 0.0916627 0.530182
0.481451 0.268549 0.25
