0.159912 0.590088 0.25
1.2451e-20 0.601292 0.398708
0.203352 0.131713 0.664935
0.892303 0.107697 0
0.0190463 0.648656 0.332298
0.0741312 0.453077 0.472791
0.48898 0.100026 0.410994
0.194305 0.494764 0.310931
0.276151 0.217033 0.506816
0 1 0
0.368403 0.181266 0.450331
0.0919744 0.371405 0.53662
0.423455 0.19762 0.378925
0.05382 0.00465875 0.941521
0.0784573 0.226926 0.694617
0.346804 0.101686 0.55151
0.75 0 0.25
0.781614 0.218386 0
0.636871 0.00191006 0.361219
0.165061 0.312209 0.52273
0.126476 0.557443 0.316081
0.0977605 0.282758 0.619482
0.412035 0.270116 0.317849
0.33242 0.66758 0
0.195297 0.249389 0.555314
0.156599 0.462051 0.381349
0.484549 0.265451 0.25
0.443129 0.556871 0
1.55303e-20 0.75 0.25
0.585437 0.0822651 0.332298
0.172177 6.31696e-05 0.82776
0.0837621 0.916238 0
0.676516 0.0388916 0.284592
0.309998 0.384178 0.305824
0.00155092 0.406464 0.591985
0.126625 0.154693 0.718682
0 0.0918312 0.908169
0.300144 0.449856 0.25
0.402727 0.0659492 0.531324
0.0782182 0.58304 0.338742
0.0693869 0.528961 0.401652
0.0714431 0.353436 0.575121
0.560568 0.439432 0
0.238344 2.24032e-11 0.761656
0.0962982 3.75868e-05 0.903664
0.0313778 0.112931 0.855692
0.644465 0.105535 0.25
0.219359 0.367945 0.412696
0.412354 0.113327 0.474319
0.404424 0.595576 0
0.250499 0.0711876 0.678314
4.27242e-05 0.477227 0.52273
0.261247 0.738753 0
0.045799 0.164833 0.789368
0.630644 0.369356 0
0.228002 0.521324 0.250674
0.183887 0.816113 0
0.591888 0.408112 0
0.131782 0.421099 0.447119
0.391503 0.000117498 0.60838
0 0.27307 0.72693
0.66819 0.33181 0
1 0 0
0.476111 0.191591 0.332298
0.164102 0.20716 0.628738
0.926846 0.0731541 0
0.0376665 0.962333 0
0.225876 0.774124 0
0.178623 0.0637797 0.757597
0.822323 0.177677 0
0.35907 0.39093 0.25
0.745679 0.254321 0
0.427099 0.322901 0.25
0.00325054 0.703336 0.293413
0.490987 0.0305075 0.478505
0 0 1
0.0050337 0.537481 0.457485
0.480687 0.519313 0
0.352454 0.31537 0.332175
0.549886 0.200114 0.25
0.239521 0.428181 0.332298
0.325789 0.0028996 0.671311
0 0.32764 0.67236
0.276078 0.136858 0.587064
0 0.202059 0.797941
0.85662 0.14338 0
0.0947362 0.655264 0.25
0.160112 0.839888 0
0.551825 0.148433 0.299743
0.444933 0.00118966 0.553877
0.565161 5.82896e-10 0.434839
0.966144 0.0338561 0
0.23566 0.313419 0.450921
0.364981 0.635019 0
0.518909 0.481091 0
0.706589 0.293411 0
0.119538 0.079985 0.800477
0.122316 0.877684 0
0.308847 0.278029 0.413124
0.300241 0.699759 0
