0.0518708 0.00260912 0.94552
0.635211 0.114789 0.25
0.27857 0.000256272 0.721173
0.0132459 0.228797 0.757957
0.315954 0.102723 0.581323
0.613365 0.386635 0
0.300389 0.23569 0.46392
0.178178 0.00162754 0.820195
0.415661 0.0798022 0.504537
3.29831e-06 0.351082 0.648914
0.00877428 0.060676 0.93055
0.0963587 0.258034 0.645607
0.457094 2.60528e-05 0.54288
0.100413 0.566586 0.333001
0.358831 0 0.641169
0.199631 0.336449 0.46392
0.215628 0.237378 0.546995
0.363359 0.386641 0.25
0.84764 0.15236 0
0.156232 0.166083 0.677686
0.666003 0.0540839 0.279913
0 1 0
0.706171 0.293829 0
0.0328777 0.967122 0
0.565452 0.434548 0
0.888688 0.111312 0
0.175946 0.207957 0.616097
0.460562 0.12642 0.413018
0.310068 0.291992 0.397941
0.553006 0.130558 0.316436
0.186555 0.813445 0
0.504039 0.495961 0
0.924892 0.0751075 0
0.000447525 0.693028 0.306524
0.495915 0.205226 0.298859
0.0426629 0.541944 0.415393
0.482039 0.0509236 0.467038
0.585168 0.075792 0.33904
0.00396342 0.532116 0.46392
0.195464 0.554438 0.250098
0.147426 0.422756 0.429817
0.11762 0.510487 0.371893
0.408355 0.00969652 0.581949
0.106162 0.893838 0
0.296898 0.453102 0.25
0.0945761 0.169499 0.735925
0.0763691 0.673614 0.250017
0.0685327 0.931467 0
0.432286 0.567714 0
0.393436 0.606564 0
0.80683 0.19317 0
0.561088 0 0.438912
0.338819 0.157381 0.503801
0.419337 0.20877 0.371893
0.197176 0.448142 0.354682
0.192337 0.0625326 0.74513
0.000699914 0.481742 0.517558
0.777885 0.222115 0
0.554217 0.195636 0.250147
1 0 0
0 0.75 0.25
0.308363 0.691637 0
0.637825 0.362175 0
0.397893 0.148983 0.453124
0.514517 0.0998472 0.385636
0.292645 0.0578216 0.649534
0.0322921 0.383858 0.58385
0.240658 0.476125 0.283217
0.242339 0.35243 0.405231
0.275366 0.724634 0
0.426199 0.323801 0.25
0.346228 0.653772 0
0.645217 0.00349776 0.351286
0.962292 0.0377081 0
0 0.628107 0.371893
0.149182 0.297578 0.55324
0.238094 0.105152 0.656754
0.0896663 0.394746 0.515588
0.459077 0.272376 0.268547
0.243357 0.756643 0
0.75 0 0.25
0 0 1
0.674623 0.325377 0
0.271472 0.389489 0.33904
0.0755095 0.0486799 0.875811
0.744004 0.255996 0
0.246797 0.271421 0.481782
0.370635 0.304894 0.324471
0.00382354 0.116449 0.879728
0.255051 0.158185 0.586764
0.535394 0.464606 0
0.0809356 0.456686 0.462379
0.141133 3.03186e-05 0.858837
0 0.164337 0.835663
0.114026 0.617427 0.268547
0.472478 0.527522 0
0.100811 0.330213 0.568976
0.00487433 0.29639 0.698736
0.150544 0.849456 0
0.108017 0.100494 0.791489
