0.231093 0.118706 0.650201
0.75 0 0.25
0.301975 0.236035 0.46199
0.512131 0.0836943 0.404175
0.489459 0.145558 0.364983
0.392664 3.68589e-06 0.607333
0.101388 0.310151 0.588461
0.476123 0.00543797 0.518439
0.0511353 0.0142947 0.93457
0.00326782 0.589096 0.407636
0 0 1
0.202779 0.0741574 0.723064
0.44463 0.0820459 0.473324
0.298462 0.389843 0.311695
0.182914 0.465006 0.35208
5.1766e-21 0.75 0.25
0.428067 0.571933 0
0.661998 0.00560817 0.332394
0.152321 0.847681 2.87713e-07
0.674387 0.325613 0
1.0223e-17 0.182695 0.817305
0.0947448 0.202295 0.70296
0.539254 0.208842 0.251904
0.532919 0.467081 4.71311e-08
0.571136 0.0992428 0.329621
0.0832521 0.639386 0.277362
0.494435 0.505565 0
0.00347708 0.100019 0.896504
0.134549 1.83986e-12 0.865451
0.0847829 0.367793 0.547424
0.371437 0.318325 0.310239
0.238222 0.761778 0
0.170083 0.172505 0.657412
1 0 0
0.114971 0.885031 2.87713e-07
0.291986 0.317268 0.390746
1.18842e-19 0.682672 0.317328
0.185975 0.521679 0.292346
0.0564341 0.693566 0.25
0.397645 0.352355 0.25
0.599793 0.400207 0
0.525985 4.93737e-06 0.47401
0.445347 0.232059 0.322594
0.349268 0.650732 0
0.0484649 0.608002 0.343534
0.121936 0.142345 0.735719
0.106302 0.0404358 0.853263
2.81053e-17 0.502272 0.497728
0.275672 0.724328 0
0.236448 0.00294968 0.760602
0.481105 0.268895 0.25
0.417641 0.178328 0.404031
0.164216 0.417473 0.418311
0.312473 0.687527 0
0.778571 0.221429 0
0.0399896 0.210945 0.749065
0.922072 0.0779278 0
0.618358 0.131642 0.25
0.162354 0.0473422 0.790304
2.00654e-17 0.433314 0.566686
0.335365 0.157364 0.507272
0.392538 0.0729199 0.534542
5.59563e-17 1 0
0.0685027 0.9315 3.58826e-07
0.138783 0.236746 0.624471
0.129158 0.397518 0.473324
0.102953 0.489411 0.407636
0.148033 0.601967 0.25
0.963782 0.0362177 0
0.250648 0.214808 0.534544
0.193381 0.806619 0
0.71546 0.28454 0
0.287672 0.125518 0.58681
0.633064 0.366939 3.65941e-07
0.251709 0.383308 0.364983
6.27911e-20 0.360696 0.639304
0.461389 0.538611 0
0.0606067 0.287075 0.652318
0.8831 0.1169 0
0.000180577 0.276756 0.723064
0.246774 0.501322 0.251904
0.218213 0.344082 0.437705
0.179826 0.308006 0.512168
0.0310394 0.968961 0
0.520348 0.167003 0.312649
0.749399 0.250601 0
0.566222 0.43378 3.65941e-07
0.0672168 0.118384 0.814399
0.608417 0 0.391583
0.385957 0.614043 0
0.309371 0 0.690629
0.301647 0.0590497 0.639304
0.693368 0.0405653 0.266067
0.811727 0.188273 0
0.219389 0.192285 0.588326
0.114 0.553606 0.332394
0.31934 0.43066 0.25
0.353591 0.253681 0.392728
0.0553925 0.482618 0.46199
0.849359 0.150641 0
