0.46078 0.0460684 0.493151
0.0798902 0.233663 0.686446
0.337625 0.166633 0.495743
0.898233 0.101767 0
0.15311 0.180144 0.666747
0 0.75 0.25
0.190736 0.10687 0.702394
0.234545 0.515455 0.25
0.258886 0.324917 0.416196
0.0516889 0.610614 0.337698
0.485831 0.514169 0
0.178135 0.35955 0.462315
0.0976891 0.0832731 0.819038
0.317242 0.239111 0.443647
0.110823 0.639177 0.25
0.108903 0 0.891097
0.75 0 0.25
0.364738 1.42721e-09 0.635262
0.703837 0.296163 0
1 0 0
0.381049 0.618951 0
0.0861367 0.156031 0.757832
0.297934 0.129336 0.57273
0.661077 0.0889225 0.25
0.167217 0.582783 0.25
0.596851 0.14335 0.259799
0.203362 0.485865 0.310773
0.123063 0.876937 0
0.119808 0.387041 0.493151
0.962433 0.0375669 0
0.566902 0.00743928 0.425659
2.70792e-06 0.292264 0.707733
0.0799019 0.920098 0
0.000845337 0.098968 0.900187
0.412419 0.587581 0
0.0679625 0.48181 0.450228
0.234551 0.765449 0
0.428664 0.00283975 0.568496
0.190092 0.228139 0.581769
0.682098 0 0.317902
0.223643 0 0.776357
0.501293 0.0739712 0.424736
0.674606 0.325394 0
0.634008 0.365992 0
0.0385426 0.0354354 0.926022
0.616672 2.12164e-11 0.383328
0.298413 0.448327 0.25326
0.00110705 0.50192 0.496972
0.214002 0.290256 0.495743
0.110008 0.272463 0.61753
0.785254 0.214746 0
0.230868 0.393459 0.375673
0.198541 0.801459 0
0.153958 0.44911 0.396932
0.566977 0.433023 0
0 1 0
0.00209762 0.36141 0.636492
0.408692 0.160442 0.430867
0.228127 0.154343 0.61753
0.559134 0.190866 0.25
0.157215 0.0353968 0.807388
0.454255 0.219858 0.325888
0.0475835 0.681799 0.270617
0.0749227 0.531153 0.393924
0.0585911 0.3615 0.579909
0.0419464 0.118985 0.839069
0.16314 0.83686 0
0.447925 0.552075 0
0.0585536 0.302905 0.638542
0.273015 0.726985 0
0 0.591584 0.408416
0.505951 0 0.494049
0.301774 0.36818 0.330046
0.488527 0.144297 0.367176
0.0391812 0.960819 0
0.467673 0.282327 0.25
0.398524 0.0893081 0.512168
0.000405135 0.444592 0.555002
0.302816 0.0709534 0.62623
0.929771 0.070229 0
0.271536 0.198444 0.53002
0.287197 0.00507014 0.707733
0.376182 0.325396 0.298422
0.13413 0.517388 0.348482
0.81808 0.18192 0
0.000255846 0.213675 0.78607
0.310869 0.689131 0
0.254992 0.0603486 0.684659
0.14498 0.312046 0.542974
0.506706 0.208263 0.285031
0.744798 0.255202 0
0.525778 0.474222 0
0.364336 0.270229 0.365435
0 0 1
0.59986 0.40014 0
0.854597 0.145403 0
6.27679e-06 0.67745 0.322544
0.390751 0.359249 0.25
0.583456 0.0784815 0.338062
0.346031 0.653969 0
