0.777282 0.222718 0
0.190165 0.375148 0.434687
0.0387687 0.961231 0
0.124056 0.000385126 0.875559
0 0.271047 0.728953
0.737654 0.262346 0
0.476286 0.0555675 0.468146
0.123913 0.876087 0
0.159562 0.450868 0.389571
0.960631 0.0393686 0
0.382362 0.074212 0.543426
0.176372 0.823628 0
0.1327 0.294593 0.572707
0.459514 0.290486 0.25
0.124864 0.625136 0.25
0.489664 0.097514 0.412822
0.354904 0.645096 0
0 0.124289 0.875711
0.451582 0.00686755 0.54155
0.41963 0.58037 0
0.0741992 0.378957 0.546843
0.270629 0.175654 0.553717
0.247477 0.752523 0
0.574086 0.154512 0.271402
0.315272 0.264296 0.420431
0.628208 0.000271367 0.37152
0.0649982 0.625478 0.309524
0.421261 0.116484 0.462255
0.046635 0.0248745 0.92849
0.133176 0.537716 0.329109
0 1 0
0.602722 0.073102 0.324176
0.189265 0.277701 0.533034
0.303628 0.389004 0.307369
0.0570504 0.553379 0.389571
0 0.353375 0.646625
0.0783519 0.482923 0.438725
0.0768651 0.923135 0
0.187463 0.558001 0.254536
0.357888 0.160759 0.481354
0.266998 0.225829 0.507173
0.04553 0.447786 0.506684
0.354358 0.293846 0.351796
0.0588561 0.690024 0.25112
0.0280256 0.150773 0.821201
0.216866 0.32088 0.462255
0.509715 1.03359e-08 0.490285
0.5825 0.4175 0
0.197186 0.118935 0.683879
0 0.41638 0.58362
0.32198 0.67802 0
0.445847 0.554153 0
0.216711 0.478648 0.304641
0.101351 0.148777 0.749872
0.663389 0.0387059 0.297905
0.254939 0.374235 0.370826
0.551445 0.448555 0
0.259137 0.00441819 0.736445
0.381293 0.368707 0.25
0 0.210064 0.789936
0.158508 0.0642977 0.777195
0.923909 0.0760909 0
0.327552 0.103331 0.569117
0.211364 0.788636 0
0.417762 0.26211 0.320128
0.239716 0.145691 0.614593
0.654462 0.345538 0
0.579076 0.00810191 0.412822
0.278602 0.0696296 0.651769
0.0964076 0.100149 0.803443
0.181681 0.240002 0.578316
0.383425 0.198268 0.418307
0.848746 0.151254 0
0.51682 0.23318 0.25
0.0874978 0.290797 0.621705
0.889837 0.110163 0
0.382319 0.617681 0
0.141467 0.393146 0.465387
0.0755564 0.232113 0.69233
0.808387 0.191613 0
0.284501 0.465499 0.25
0 0.75 0.25
0.317877 3.17223e-08 0.682123
0 0.678853 0.321147
0 0.492827 0.507173
0.75 0 0.25
0.513042 0.1236 0.363358
0.681539 0.0684614 0.25
1 0 0
0.147984 0.198886 0.65313
0.37013 0.000284581 0.629585
0.461174 0.202309 0.336517
0.515764 0.484236 0
0.00283867 0.587065 0.410096
0.619521 0.380479 0
0.488832 0.511168 0
0.19056 0 0.80944
0.285063 0.714937 0
0 0 1
0.695238 0.304762 0
