0.212235 0.280655 0.50711
0.13974 0.593394 0.266866
0.503005 0.22483 0.272165
0.0635837 0.403924 0.532492
0.138299 0.460302 0.401399
0.414476 0.257195 0.328328
0 0.378195 0.621805
0.257189 0.32933 0.413481
0 0.672857 0.327143
0.791553 0.208447 0
0.300576 0.0206918 0.678732
0.0834945 0.916505 0
0.468071 0.0322222 0.499707
0.379682 0.329074 0.291244
0.599861 0.0981243 0.302015
0.456879 0.293121 0.25
0.897362 0.102638 0
0.347031 0.316509 0.33646
4.61571e-05 0.252108 0.747846
0.0146231 0.525774 0.459603
0 0 1
0.75 0 0.25
0.182819 0.225114 0.592067
0.285763 0.714237 0
0.178366 0.821634 0
0.362122 0.0592353 0.578643
0.000123714 0.171912 0.827964
0 1 0
0.369213 0.00126887 0.629518
1 0 0
0.177443 1.83119e-05 0.822539
0.229067 0.374544 0.396388
0.115105 0.884895 0
0.625467 0 0.374533
0.477172 0.140947 0.381881
0.933442 0.0665577 0
0.272097 0.195329 0.532574
0 0.75 0.25
0.280554 0.465677 0.253769
0.214409 0.535577 0.250014
0.527774 0.141395 0.330831
0.23372 0.175507 0.590774
0.0823451 0.0673058 0.850349
0.141309 0.350158 0.508533
0.144976 0.855024 0
0.319275 0.680725 0
0.253821 0.423003 0.323176
0.121719 0.248763 0.629518
0.10485 0.00020465 0.894946
0.859418 0.140582 0
0.137917 0.0891351 0.772948
0.0747715 0.471034 0.454194
0.161552 0.163882 0.674566
0.0938069 0.194136 0.712057
1.28628e-06 0.0991264 0.900872
0.264809 9.30933e-07 0.735191
0.362091 0.127422 0.510488
0.160254 0.391915 0.447831
0.0888463 0.661154 0.25
0.647923 0.352077 0
0.353503 0.646497 0
0.249796 0.750204 0
0.722043 0.277957 0
0.435596 0 0.564404
0.511209 0.488791 0
0.685948 0.314052 0
0.0768924 0.32475 0.598358
0.430187 0.0982387 0.471574
0.0653803 0.134526 0.800093
0.430488 0.569512 0
0.171309 0.500349 0.328342
0 0.467235 0.532765
0.215901 0.0759768 0.708122
0.0394565 0.0459383 0.914605
0.525379 0 0.474621
0.0767486 0.564086 0.359165
0.310752 0.225976 0.463272
0.351205 0.398795 0.25
0.326433 0.282923 0.390644
0 0.601061 0.398939
0.0569567 0.636473 0.306571
0.0416408 0.958359 0
0.326044 0.114736 0.55922
0.545682 0.454318 0
0.541187 0.059812 0.399001
0.470804 0.529196 0
0.587531 0.162469 0.25
0.0241879 0.317105 0.658707
0.757864 0.242136 0
0.966644 0.0333555 0
0.384086 0.205427 0.410487
0.612926 0.387074 0
0.687906 0.0104348 0.301659
0.583513 0.416487 0
0.215295 0.784705 0
0.392006 0.607994 0
0.665853 0.083899 0.250248
0.264393 0.106089 0.629518
0.041611 0.265631 0.692758
0.82118 0.17882 0
