0.0701326 0.42032 0.509547
0.551531 0 0.448469
0.0225671 0.385904 0.591528
0.601336 0.398664 0
0.231715 0.135482 0.632803
0.35059 0.0249883 0.624422
0.171323 0.135281 0.693396
0.144178 0.855822 0
2.65345e-06 0.253898 0.746099
0.0849999 0.664628 0.250372
5.47433e-21 0.530293 0.469707
0.187607 0.0838297 0.728563
0.0234654 0.699036 0.277499
0.17233 0.442182 0.385488
0.434116 0.315512 0.250372
0.271344 0.728656 0
0.571129 0.428871 0
0.303833 0.696167 0
0.468965 0.0246774 0.506357
0.248646 0.362782 0.388572
0.155937 0.218816 0.625247
0.373187 0.349047 0.277766
0.42813 0 0.57187
0.0374127 0.559256 0.403331
0.322137 0.427863 0.25
0.024313 0.185044 0.790643
0.330475 0 0.669525
0.374193 0.625807 0
0.328923 0.317817 0.35326
0.263971 0 0.736029
0.213263 0.536737 0.25
0.523031 0.226969 0.25
0.306461 0.293992 0.399547
1.5834e-20 0.75 0.25
0.109613 0.0616517 0.828735
0.535762 0.464238 0
0.534574 0.101808 0.363618
0.691163 0.308837 0
0.273998 0.0389385 0.687064
0.336928 0.663072 0
0.354602 0.20788 0.437518
1 0 0
0.389507 0.0922875 0.518206
0.763593 0.236407 0
1.34738e-20 0.638204 0.361796
0.59632 0.153307 0.250372
0.0245255 0.30762 0.667855
0.896449 0.103551 0
1.03232e-20 1 0
0.100871 0.473056 0.426073
0.690019 0 0.309981
0.500243 0.0672715 0.432485
0.972894 0.0271057 0
0.103787 0.145638 0.750575
0.13049 0.533405 0.336105
0.449475 0.550525 0
1.47059e-05 0.145838 0.854148
8.54751e-17 8.11126e-17 1
0.185614 0.814386 0
4.83365e-06 0.366935 0.63306
0.496683 0.503317 0
0.104335 0.306859 0.588806
0.307395 0.173473 0.519133
0.414032 0.222295 0.363673
0.219949 0.780051 0
0.333777 0.0876243 0.578599
0.643798 0.356202 0
0.106317 0.893683 0
0.615976 0 0.384024
0.185369 0.265367 0.549263
0.0757776 0.607992 0.316231
0.75 0 0.25
0.792321 0.207679 0
0.659913 0.0900873 0.25
0.466058 0.23755 0.296392
0.23529 0.462987 0.301724
0.488431 0.159642 0.351927
0.311457 0.367305 0.321238
0.0855282 0.21496 0.699512
0.130317 0.349079 0.520604
0.861484 0.138516 0
0.285267 0.255563 0.45917
0.155507 0.594493 0.25
0.530689 0.165998 0.303313
0.0910748 0 0.908925
0.418595 0.12556 0.455845
0.155894 0.39422 0.449885
0.636325 0.0648429 0.298832
0.00022539 0.096175 0.9036
0.411258 0.588742 0
0.930909 0.0690907 0
0.828073 0.171927 0
0.180333 0.00261266 0.817055
0.0331149 0.0338683 0.933017
0.213902 0.306214 0.479883
0.21495 0.199482 0.585567
0.068361 0.931639 0
0.726004 0.273996 0
0.000258077 0.468276 0.531466
0.032873 0.967127 0
