0.169449 0.314122 0.516429
0.0381265 0.961874 0
0.567129 0.056127 0.376744
0.597164 0.402836 0
0.237238 0.0611314 0.701631
0.134571 0.474826 0.390602
0.526004 0.00380223 0.470194
0.292281 0.707719 0
0.873874 0.126126 0
1 0 0
0.449106 0.14486 0.406034
0.147914 0.107042 0.745044
0.0864375 0.440405 0.473158
0.280585 0.213838 0.505576
0.0568179 0.239114 0.704069
0.83065 0.16935 0
0.205329 0.794671 0
0.653281 0.346719 0
0.297405 0.0909367 0.611658
0.000558633 0.129771 0.86967
0.247928 0.752072 0
0.407127 0.592873 0
0.618707 0.117508 0.263786
0.487028 0.208362 0.30461
0.50477 0.49523 0
0.279536 0.267341 0.453123
0.221509 0.407876 0.370615
0.393384 0 0.606616
0.73526 0.26474 0
0.14811 0.0544557 0.797434
0.0726788 0.102563 0.824758
0.218475 0.0106308 0.770894
0.794396 0.205604 0
0.402334 0.271756 0.32591
0.144797 0.605203 0.25
0.00944894 0.544715 0.445837
0.318773 0.149973 0.531254
0.233516 0.335573 0.430911
0.0767703 0.626134 0.297096
0.183933 0.134199 0.681868
0.182959 0.364041 0.453
0.285956 0.000506867 0.713537
0.164067 0.835933 0
0.343375 0.0236972 0.632928
0.119819 0.880181 0
0.000736428 0.171073 0.828191
0.167728 0.207344 0.624929
2.92558e-21 0.75 0.25
0.0356631 0.05911 0.905227
0.765113 0.234887 0
0.569804 0.180196 0.25
0.100651 0.328422 0.570926
0.0674813 0.554395 0.378124
0.244894 0.450936 0.30417
0 1 0
0 0 1
0.405348 0.104509 0.490142
0.114263 0.240713 0.645024
0.900439 0.0995611 0
0.307604 0.442143 0.250253
0.14402 0 0.85598
0.0810186 0.00377141 0.91521
0.486532 0.263468 0.25
0.936934 0.0630661 0
0.0482839 0.69964 0.252076
0.62145 0.0591004 0.31945
0.683459 0.0120853 0.304456
0.968468 0.0315315 0
0.217944 0.265627 0.516429
0.50916 0.0578989 0.432942
1.57837e-21 0.404631 0.595369
0.533375 0.122471 0.344154
0.0174223 0.208465 0.774113
0.0850917 0.162555 0.752354
0.369744 0.630256 0
0.214959 0.535041 0.25
0.358995 0.19595 0.445055
0.412352 0.0455936 0.542054
0.350941 0.251483 0.397576
0.692572 0.307428 0
0.409768 0.340232 0.25
0.0428485 0.415056 0.542095
2.51693e-21 0.645238 0.354762
0.035407 0.311765 0.652828
0.474157 0.525843 0
0.75 0 0.25
0.00133577 0.288673 0.709991
0.551203 0.448797 0
0.289882 0.331854 0.378263
0.682887 0.0661329 0.25098
0.332428 0.667572 0
0.0839253 0.916075 0
0.336703 0.385454 0.277844
0.107169 0.562893 0.329938
0.441773 0.558227 0
0.199676 0.483489 0.316834
0.468131 0.000614766 0.531254
0.623162 9.37565e-05 0.376744
0.244547 0.148837 0.606616
0.000708332 0.493715 0.505576
