0.452831 0.063481 0.483688
0.632276 0.0598665 0.307857
0.211311 0.000747284 0.787941
0.113454 0.595608 0.290938
0.314948 0.384229 0.300823
0.504304 0.495696 1.38268e-08
0.302421 0.242255 0.455324
0.569335 0.430665 0
0.196589 0.085377 0.718034
0.286359 0.13655 0.57709
0.513962 0.000118884 0.485919
0.152085 0.847915 5.21516e-12
0.957458 0.0425423 3.90799e-14
0.483918 0.26608 0.250002
0.0989393 0.40709 0.49397
0.272493 0.328124 0.399383
3.8195e-06 0.455564 0.544432
0.134084 0.0687245 0.797192
0.806947 0.193053 2.11153e-12
0.45895 0.54105 0
0.424471 0.112821 0.462708
0.249265 0.260731 0.490004
0 0 1
0.597231 1.88838e-05 0.402751
0 1 0
0.649343 0.350657 9.15201e-12
0.0860329 0.538312 0.375655
0.377111 0.622889 2.62013e-14
0.133239 0.234817 0.631944
0.337926 0.662074 0
0.2564 0.483878 0.259722
0.0972628 0.183554 0.719183
1.09027e-20 0.749998 0.250002
0.539543 0.113456 0.347001
0.367059 0 0.632941
0.00117497 0.693172 0.305653
0 0.366398 0.633602
0.152065 0.277573 0.570361
0.281661 6.51508e-05 0.718274
0.231271 0.203979 0.56475
0.525031 0.474969 0
0.00791414 0.237251 0.754835
0.117644 0.882356 3.90799e-14
0.294901 0.054409 0.65069
0.158443 0.434469 0.407089
0.0332198 0.619936 0.346844
0.102047 0.482843 0.41511
0.238738 0.761262 3.3773e-13
0.0535034 0.461741 0.484756
0.656339 0.0936581 0.250002
0.31862 0.166154 0.515226
0.172925 0.168111 0.658965
0.25756 0.108811 0.633629
0.0788121 0.671186 0.250002
0.243603 0.444129 0.312269
0.428645 0 0.571355
0.71474 0.28526 5.25897e-09
0.433295 0.248604 0.318101
0.000220945 0.109221 0.890558
0.329533 0.420464 0.250002
0.0391143 0.277575 0.683311
1 0 0
0.368286 0.198882 0.432832
0.681794 0 0.318206
0.125128 2.89432e-05 0.874844
0.419376 0.580624 1.3578e-12
0.392165 0.346595 0.261241
0.0355342 0.0341936 0.930272
0.462551 0.133161 0.404289
0.2646 0.7354 2.11153e-12
0.366749 0.28625 0.347001
0.0710411 0.098356 0.830603
0.178397 0.489186 0.332417
0.00256041 0.534809 0.462631
0.240259 0.379191 0.38055
0.159705 0.320668 0.519627
0.000266538 0.321089 0.678644
0.84277 0.15723 1.16684e-13
0.118441 0.12083 0.760729
0 0.187337 0.812663
0.177846 0.572151 0.250002
0.594981 0.155017 0.250002
0.523655 0.226343 0.250002
0.0525289 0.376448 0.571023
0.193886 0.806114 1.3578e-12
0.749998 0 0.250002
0.0599019 0.333538 0.60656
0.51349 0.17922 0.30729
0.684546 0.315454 2.12441e-12
0.296289 0.703711 2.11153e-12
0.914927 0.0850733 3.90799e-14
0.0752492 0.924751 0
0.187822 0.342842 0.469336
5.18998e-06 0.592509 0.407486
0.751962 0.248038 1.38975e-10
0.0298289 0.970171 1.09296e-11
0.361701 0.098894 0.539405
0.528032 0.0570836 0.414885
0.609613 0.390388 5.33525e-08
0.882848 0.117152 5.21226e-08
