0.28481 0.71519 0
0.00319352 0.217773 0.779034
0.252173 0.747827 0
0.615016 0.384984 0
0.146697 0.0238749 0.829428
0.658538 0.0914618 0.25
0 0 1
0.268886 0 0.731114
0.0525559 0.947444 0
0.650655 0.349345 0
0.227145 0.415039 0.357816
0.405665 0.344335 0.25
0.581263 0.418737 0
9.92726e-05 0.364848 0.635053
0 1 0
0.902484 0.0975159 0
0.0854516 0.914548 0
0.831861 0.168139 0
0.356738 0.299373 0.343889
0.108043 0.347146 0.544811
0.506302 0.197014 0.296684
0.181842 0.818158 0
0.341938 0.658062 0
0.34255 0.00191076 0.655539
0.0619654 0.480042 0.457992
0.26203 0.48797 0.25
4.31486e-17 0.75 0.25
3.71156e-17 0.645136 0.354864
0.47091 0.0766404 0.45245
0.0908794 5.78433e-07 0.90912
0.718773 0.281227 0
0.194092 3.93345e-08 0.805908
0.0289464 0.254093 0.716961
0.0346546 0.390406 0.57494
0.47569 0.52431 0
0.0659545 0.0679741 0.866071
0.213505 0.277421 0.509074
0.121298 0.614633 0.264069
0.289697 0.322027 0.388276
0.0926584 0.224226 0.683116
0.00974103 0.0381248 0.952134
0.787102 0.212898 0
0.130789 0.453953 0.415258
0.319585 0.124225 0.55619
1 0 0
3.01601e-17 0.524237 0.475763
0.20459 0.0717281 0.723682
0.29769 0.0699485 0.632362
0.246949 0.17318 0.579872
0.397619 0.114007 0.488373
0.0213425 0.590382 0.388276
0.600521 0.0573733 0.342106
0.321365 0.215678 0.462957
0.183661 0.356152 0.460187
0.478155 0.271845 0.25
0.761108 0.238892 0
0.515647 0.109611 0.374742
0.976401 0.0235992 0
0.442341 0.557659 0
0.0960777 0.419946 0.483976
0.443557 0.000798068 0.555645
0.139812 0.860188 0
0.51016 0.48984 0
0.0365036 0.309465 0.654032
0.379943 0.620057 0
0.383143 0.0346832 0.582174
0.26687 0.299072 0.434058
0.00280567 0.455511 0.541683
0.393006 0.223472 0.383522
0.21855 0.78145 0
0.111312 0.269366 0.619322
0.150299 0.29351 0.55619
0.578306 0.171694 0.25
0.414826 0.585174 0
0.683412 0.00126878 0.31532
5.80293e-18 0.133929 0.866071
0.866629 0.133371 0
0.546104 0.453896 0
0.201159 0.129676 0.669166
0.684515 0.315485 0
0.188479 0.561521 0.25
0.445655 0.239026 0.31532
0.0856469 0.135319 0.779034
0.263652 0.227274 0.509074
0.209788 0.468294 0.321918
0.54475 0.033102 0.422148
0.567274 0.117406 0.31532
0.435603 0.155413 0.408984
0.327128 0.422872 0.25
0.503288 0 0.496712
0.317309 0.682691 0
0.180695 0.188792 0.630513
0.298978 0.394746 0.306276
0.115465 0.529671 0.354864
0.939735 0.0602648 0
0.139907 0.117949 0.742145
0.0857212 0.664279 0.25
0.75 0 0.25
0.0197239 0.698708 0.281568
0.625258 0 0.374742
