0.396209 0.0970696 0.506722
0.662921 0.0223947 0.314684
0 0.75 0.25
0.463899 0.536101 0
0.0794294 0.580097 0.340474
0 1 0
0.575702 0.10844 0.315858
0.230466 0.267475 0.502059
0.0673974 0.932603 0
0.0538874 0.180449 0.765663
0.152064 0.435454 0.412482
0.399388 0.174485 0.426127
0.576829 0.423171 0
0.150732 0.849268 0
0.357793 0.253565 0.388643
0.158483 0.503961 0.337556
1.67954e-14 0.133298 0.866702
0.471512 0.0889987 0.439489
0.352669 0.0730482 0.574282
0.00169359 0.339646 0.658661
0.287814 0.283625 0.428561
0.516339 9.44862e-06 0.483652
0.038871 0.259985 0.701144
0.845738 0.154262 0
0.569266 0.180418 0.250317
0.244412 0.349445 0.406143
0.659439 0.0905611 0.25
0.552653 0.0589249 0.388422
0.0165271 0.67181 0.311663
1.79331e-13 0.0669448 0.933055
0.114556 0.163829 0.721615
0.22527 0.77473 0
0.169764 0.572552 0.257685
0.134489 0.0918291 0.773682
0.541326 0.458674 0
0.0756554 0.308339 0.616006
0.440574 0.232531 0.326895
0.611236 0.388764 0
0.237711 0.197439 0.56485
0.286219 0.0731919 0.640589
0.164314 0.261741 0.573945
2.14449e-09 0.523248 0.476751
0.622986 4.83432e-10 0.377014
0.0349386 0.965061 0
0.961937 0.0380633 0
0.143121 0.314639 0.54224
0.461448 0.155722 0.38283
0.283001 0.378848 0.338151
0.359029 9.17255e-10 0.640971
0.0615049 0.0037877 0.934707
0.399374 0.350626 0.25
0.107676 0.000246921 0.892077
0.160321 0.012113 0.827566
0.461923 0.0360182 0.502059
0.282778 0.0116288 0.705593
0.77153 0.22847 0
0.180027 0.819973 0
0.885814 0.114186 0
0.310427 0.162532 0.527041
0.214768 0.000134278 0.785098
0.174985 0.171168 0.653846
0.730644 0.269356 0
0.921925 0.0780749 0
0.428994 3.32896e-10 0.571006
0.377356 0.622644 0
0.0291957 0.57023 0.400575
0.809103 0.190897 0
0 0 1
0.130503 0.230975 0.638522
0.177414 0.363451 0.459135
0.343241 0.656759 0
2.65838e-09 0.234337 0.765663
1 0 0
0.505911 0.494089 0
0.409099 0.297402 0.293498
0.0525529 0.4741 0.473347
0.117484 0.4955 0.387016
0.258824 0.741176 0
0.0988475 0.391308 0.509845
0.509552 0.240448 0.25
0.681354 0.318646 0
0.417324 0.582676 0
0.312721 0.436691 0.250588
0.122035 0.627965 0.25
0.237437 0.441013 0.321551
0.299712 0.21309 0.487199
0.210331 0.0790399 0.710629
0.0637787 0.102165 0.834057
0.298521 0.701479 0
0.341585 0.339991 0.318424
0.0378021 0.370921 0.591277
0.243658 0.504008 0.252334
0.525807 0.138808 0.335385
3.19318e-09 0.629788 0.370212
0.252084 0.133047 0.614869
0.640088 0.359912 0
0.10785 0.89215 0
0.0542504 0.69575 0.25
0.75 0 0.25
5.54258e-10 0.43515 0.56485
