0.403107 0.0054126 0.591481
0.912756 0.0872444 0
0.844457 0.155543 0
0.100596 0.413755 0.48565
0.156979 0.183035 0.659986
0.21722 0.13444 0.648339
0.878793 0.121906 0.000139114
0.415622 0.584378 0
0.321174 0.0947516 0.584074
0.554745 8.61778e-09 0.445255
0.206795 5.2067e-11 0.793205
3.40425e-21 0.75 0.25
0.0808136 0.581154 0.338033
0.0235871 0.544852 0.431561
0.160169 0.0929839 0.746847
0.663071 1.03006e-08 0.336929
0.132323 0.460734 0.406943
0.37966 0.20012 0.42022
0.515446 0.484554 0
0.207539 0.792461 0
0.584443 0.415557 0
0.675242 0.0747579 0.25
0.0716672 0.928333 0
0.330049 0.419951 0.25
0.22229 0.408388 0.369321
0.0936527 1.80662e-12 0.906347
0.245409 0.754591 2.22045e-16
0.267986 0.341466 0.390548
0.277371 0.722629 6.08846e-13
0.592523 0.0316944 0.375783
0.207147 0.542853 0.25
0.341912 0.300461 0.357627
0.320623 7.83586e-10 0.679377
0.323105 0.676895 3.79696e-13
0.108134 0.891866 7.36522e-13
0.445669 0.554331 7.65388e-13
0 1 0
0.0936477 0.226976 0.679377
0.207291 0.248788 0.543921
0.461937 0.104363 0.4337
0.973259 0.0267408 0
0.00238157 0.599244 0.398375
0.617551 0.382449 0
0.75 0 0.25
0 0.426378 0.573622
0.296841 0.183718 0.519441
0.142057 0.857943 0
0.0650972 0.186448 0.748455
0.935109 0.064891 0
2.13992e-05 0.219414 0.780564
0.105651 0.638072 0.256277
0 0 1
0.0392499 0.96075 0
0.17596 0.486513 0.337527
0.645622 0.354378 0
0.320364 0.23695 0.442686
0.694274 0.305726 0
0.254695 0.0352072 0.710098
0.406207 0.0719193 0.521874
0.000231388 0.141158 0.85861
0.770831 0.229169 0
0.0771747 0.356854 0.565971
0.0104419 0.051079 0.938479
0.547975 0.0952939 0.356731
0.352383 0.0387354 0.608882
0.151125 0.330353 0.518522
0.532328 0.217672 0.25
0.00140501 0.38399 0.614605
0.486696 0.513304 0
0.0688116 0.116811 0.814378
0.425027 0.244951 0.330022
0 0.6672 0.3328
0.491087 0.0366253 0.472288
0.729808 0.270192 0
0.131731 0.285497 0.582772
0.0857511 0.0612367 0.853012
0.619164 0.100807 0.280028
0.256033 0.463815 0.280152
1.91629e-12 0.496559 0.503441
0.140978 0.558536 0.300486
0.448173 0.301827 0.25
0.547459 0.452541 0
0.367007 0.632993 0
0.234427 0.174092 0.591481
0.0380609 0.324507 0.637432
0.205852 0.348893 0.445255
0.250479 0.270301 0.47922
0.576711 0.173289 0.25
0.0691027 0.670758 0.26014
0.298078 0.38286 0.319063
0.156304 0.00766403 0.836032
3.07522e-05 0.289502 0.710467
0.470277 1.21268e-08 0.529723
1 0 0
0.170566 0.829434 0
0.380258 0.140523 0.47922
0.0614167 0.493539 0.445044
0.375269 0.336718 0.288013
0.489857 0.169184 0.34096
0.806334 0.193666 2.22045e-16
