0.241043 0.244796 0.514161
0.0370543 0.314726 0.64822
0.671612 0 0.328388
0.310687 0.434589 0.254724
0.591662 0.408338 0
0.962985 0.0370151 0
0.164917 0.435455 0.399629
0.538056 0.100466 0.361478
0.75 0 0.25
0.600951 0.149049 0.25
0.191704 0.465103 0.343193
0.398303 0.0281196 0.573577
0.800183 0.199817 0
0.0807326 0.0939761 0.825291
0.291957 0.708043 0
0.358309 0.0935269 0.548164
0.0563082 0.451549 0.492143
0.569539 0.430461 0
0.765036 0.234964 0
0.107611 0.892389 0
0.000583624 0.582785 0.416631
0.0418084 0.680404 0.277788
0.213784 0.786216 0
0.666609 0.333391 0
0.341665 0 0.658335
0.461257 0.288743 0.25
0.409179 0.191192 0.399629
0.32884 0.226686 0.444474
0.376681 0.298975 0.324345
0.245033 0.00294802 0.752019
0.0179268 0.079231 0.902842
0.176811 0.209347 0.613842
0.141854 0.123414 0.734733
5.55654e-17 1 0
0.417586 0.582414 0
0.0421244 0.00904132 0.948834
0.307295 0.0725127 0.620193
0.619577 0.0726881 0.307735
0.45255 0.54745 0
0.527071 0.472929 0
0.0877262 0.231183 0.681091
0.313402 0.338982 0.347616
0.226315 0.390922 0.382763
1 0 0
0.128019 0.621981 0.25
3.36105e-06 0.505614 0.494383
0.536736 0.213264 0.25
0.438072 0.248439 0.313489
0.0354009 0.964599 0
0.511158 0.166779 0.322063
0.263632 0.0605125 0.675856
0.624286 0.375714 0
0.100362 0.567868 0.33177
0.241401 0.181163 0.577436
5.92979e-06 0.365208 0.634786
0.149866 0.177444 0.67269
0.920317 0.0796832 0
0.124885 0.296055 0.57906
0.0865198 0.513728 0.399752
0 0.151706 0.848294
0.0480837 0.377976 0.573941
0.694055 0.0500665 0.255879
0.284204 0.395897 0.319899
2.06171e-06 0.289262 0.710736
0.0453183 0.606185 0.348496
0.126487 0.357807 0.515706
0 0.75 0.25
0.0714362 0.928564 0
0.000549119 0.223389 0.776062
0.145642 0 0.854358
0.324972 0.675028 0
0.433986 0.072114 0.4939
0.107442 0.462765 0.429793
0.257316 0.742684 0
0.230507 0.519493 0.25
0.884027 0.115973 0
0.383436 0.616564 0
0.841159 0.158841 0
0.477423 0 0.522577
0.490418 0.509582 0
0.0746956 0.0377386 0.887566
0.161606 0.0515358 0.786858
0.191264 0.334112 0.474624
0.374312 0.375688 0.25
0.057913 0.159703 0.782384
0.280869 0.291123 0.428008
0.48441 0.0853482 0.430242
0.140502 0.859498 0
0.000135658 0.436206 0.563658
0.610088 0.0184205 0.371491
0.167113 0.832887 0
0.167489 0.556027 0.276483
0.377296 0.150555 0.472149
0.569127 0.00107961 0.429793
0.321327 0.173223 0.505451
0.000179165 0.65759 0.34223
0.714692 0.285308 0
0.234613 0.123734 0.641653
0.354085 0.645915 0
0 0 1
