0.0557576 0.679998 0.264244
0.0188089 0.595003 0.386188
0.438695 0.243818 0.317488
0 0.660156 0.339844
0.586289 0.0875962 0.326115
0.275508 0.398787 0.325705
0.833285 0.166715 0
0.237243 0.376584 0.386174
0.576514 0.423486 0
0.799743 0.200257 0
0.503164 0.198712 0.298124
0.362387 0.25743 0.380183
0.194542 0 0.805458
0.132726 0.617274 0.25
0.300611 0.268276 0.431113
9.52926e-17 7.12951e-17 1
0 0.75 0.25
0.379206 0.175728 0.445067
0.506933 3.5318e-05 0.493031
0.246077 0.174807 0.579116
0.195089 0.364684 0.440227
0.646677 0.103323 0.25
0.555273 0.0071637 0.437563
0.444614 0.00111284 0.554273
0.382316 0.367682 0.250002
0.0749887 0.528998 0.396013
0.213742 0.141291 0.644968
0.643094 0.356906 0
0.449182 0.550818 0
0.46926 0.15195 0.37879
0.000229566 0.129557 0.870214
0.51254 0.48746 0
0.0685095 0.115952 0.815539
0.48465 0.51535 0
0.68196 0.0149358 0.303105
0.0880375 1.68839e-05 0.911946
0.0882255 0.25113 0.660644
0.146182 0.547684 0.306134
0.395844 0.328342 0.275814
0.162815 0.474036 0.363149
0.232315 0.767685 0
0.0743425 0.198714 0.726944
0.216204 0.246485 0.537311
0.0911771 0.296692 0.61213
0.10858 0.89142 0
0.572757 0.177243 0.25
0.681329 0.318671 0
0.15931 0.0856229 0.755067
0.122477 0.0402393 0.837284
0.252512 0.441363 0.306125
0.213399 0.536599 0.250002
0.408017 0.0980758 0.493907
0.761015 0.238985 0
0.0136885 0.0605251 0.925786
0.0638399 0.360552 0.575608
0.154096 0.21844 0.627463
0.0442584 0.955742 0
0.288467 0.46153 0.250003
0.75 0 0.25
0.119296 0.448805 0.431899
0.023721 0.254194 0.722085
0 0.31006 0.68994
0.296237 0.0817169 0.622047
0.723402 0.276598 0
0.0743532 0.925647 0
0.0878419 0.420583 0.491575
0.151186 0.341937 0.506877
0.299894 0.700106 0
0.410095 0.589905 0
0.264131 0.735869 0
0.866869 0.133131 0
0.351486 0.299011 0.349503
0.544315 0.455685 0
0.240533 0.294959 0.464508
1 0 0
0.901233 0.0987668 0
0.151582 0.848418 0
0 0.529963 0.470037
0.336946 0.663054 0
0.000267066 0.45635 0.543382
0.377484 0.622516 0
0.380421 0.0327486 0.58683
0.604446 0.395554 0
0 0.205596 0.794404
0.315703 0.138137 0.54616
0.298385 0.201005 0.50061
0.93314 0.0668596 0
0.189907 0.810093 0
0 0.385771 0.614229
0.275961 6.28311e-05 0.723976
0.235726 0.0730932 0.691181
0.32849 0.00265879 0.668851
0.477551 0.272449 0.25
0.504601 0.0819247 0.413474
0.966389 0.0336107 0
0.345156 0.376052 0.278792
0 1 0
0.0742895 0.609576 0.316135
0.622755 0 0.377245
0.136408 0.169445 0.694147
