0.118616 0.113868 0.767516
0.182948 0.137273 0.679779
1.38407e-05 0.0769142 0.923072
0.963576 0.0364241 0
0.112572 0.887428 0
0.68848 0.31152 0
0.649562 0.350438 0
0.183795 0.456014 0.360191
0.131084 0.221149 0.647766
0 0.352114 0.647886
0.410072 0 0.589928
0.483957 0 0.516043
0.525535 0.474465 0
0.477524 0.0735639 0.448912
0.469199 0.280801 0.25
0.0707135 0.929287 0
0.15105 0.417136 0.431814
0.75 0 0.25
0.852809 0.147191 0
0.316852 0.0541829 0.628965
0 0.75 0.25
0.172888 0.577112 0.25
0.532659 0.119128 0.348213
0.60988 0.00231817 0.387802
0.229769 0.360006 0.410226
0.0100301 0.170704 0.819266
0.26365 0.73635 0
0.377012 0.622988 0
0.671884 0 0.328116
0.00799373 0.282798 0.709208
0.256088 0.408221 0.335691
0.813665 0.186335 0
0.150647 0.849353 0
0.181353 0.818647 0
0.60953 0.39047 0
0.0864503 0.406392 0.507158
0.273163 0.476837 0.25
0 0 1
0.256576 0.107332 0.636092
0.0455469 0.954453 0
0.334291 0 0.665709
0.122149 0.286978 0.590873
0.4097 0.2544 0.3359
0.353692 0.236136 0.410172
0.0892711 0.500503 0.410226
0.0578947 0.692105 0.25
0.201338 0.515089 0.283573
0.586892 0.413108 0
0.315016 0.250838 0.434147
0 1 0
0.192484 0.247455 0.560061
0.614895 0.0780698 0.307035
0.476235 0.197991 0.325774
0.425534 0.165097 0.409368
0.537053 0.211689 0.251258
0.226382 0.282825 0.490792
0.33518 0.306672 0.358148
0 0.53071 0.46929
0.268104 0.0121447 0.719752
0.298822 0.701178 0
0.0813431 0.252948 0.665709
0 0.224695 0.775305
0.122793 0.537107 0.3401
0.15912 0.00709629 0.833784
0.0498735 0.0132464 0.93688
0 0.590376 0.409624
0.399245 0.350755 0.25
0.0952643 0.160797 0.743939
0.0011517 0.472883 0.525965
0.226595 0.773405 0
0.416054 0.0717927 0.512153
0.105805 0.634995 0.259199
0.339678 0.398713 0.261609
0.0832414 0.0621926 0.854566
0.194144 0.0575501 0.748306
0.0548668 0.37413 0.571003
0.0668436 0.603536 0.32962
0.731892 0.268108 0
0.337506 0.662494 0
0.5821 0.144918 0.272982
1 0 0
0.775025 0.224975 0
0.290293 0.185964 0.523743
0.92431 0.0756901 0
0.231218 0.164941 0.603841
0.414562 0.585438 0
0.658097 0.0919028 0.25
0.221787 0 0.778213
0.153765 0.352229 0.494006
0.439751 0.560249 0
0.346276 0.0991327 0.554591
0 0.127201 0.872799
0.556355 0.443645 0
0.111241 7.39552e-05 0.888685
0.562238 0.00361588 0.434147
0 0.650359 0.349641
0.887833 0.112167 0
0.3644 0.146912 0.488688
0.485208 0.514792 0
0.313294 0.367743 0.318963
