0.418078 0.0901997 0.491723
0.440057 0.559943 0
0.454381 0.295619 0.25
0.00190862 0.486984 0.511108
0.685769 0.314231 0
0.111544 0.220725 0.667731
0 0.428176 0.571824
0 0.286925 0.713075
0.48423 0.0622252 0.453545
0.229268 0.337591 0.433141
0.0387046 0.629432 0.331863
0.112818 0.427402 0.459781
0.474605 0.525395 0
0.647293 0 0.352707
0.214618 0.0673463 0.718036
0 0.75 0.25
0.573909 0.0117562 0.414334
0.142884 0.490941 0.366175
0.545117 0.454883 0
0.356335 0.317984 0.325681
0.87931 0.12069 0
0.971161 0.0288389 0
0.458992 0.0217455 0.519262
0.0359467 0.964053 0
0.174428 0.00528166 0.82029
0.176809 0.434388 0.388804
0.354146 0 0.645854
0.395362 0.34984 0.254797
0.332398 0.197226 0.470376
0.841266 0.158734 0
0.491286 0.184917 0.323797
0 1 0
0.136413 0.330538 0.533049
0.242021 0.21295 0.545029
0.223757 0.000381819 0.775861
0.0966563 0.567771 0.335572
0.931906 0.0680936 0
0.140393 0.10128 0.758327
0.287914 0.378707 0.333378
0.393057 0.228016 0.378926
0.75 0 0.25
0.114995 0.885005 0
0.580276 0.419724 0
0.516553 0.111446 0.372001
0.324613 0.425387 0.25
0.0471214 0.536247 0.416632
0.608441 0.0525229 0.339036
0.293881 1.4455e-05 0.706105
0.212988 0.523273 0.263739
0.193241 0.806759 0
0.510696 0.489304 0
0.332042 0.667958 0
0 0 1
0.36241 0.63759 0
1 0 0
0.403439 0.012056 0.584505
0 0.184597 0.815403
0.464494 0.241465 0.294041
0.204 0.300384 0.495616
0.161137 0.838863 0
0.0104621 0.036431 0.953107
0.11987 0.0230773 0.857053
0.543513 0 0.456487
0.691132 0.0340911 0.274777
0.320501 0.269079 0.41042
0 0.368298 0.631702
0.000472332 0.112068 0.88746
0.255345 0.457318 0.287337
0.803678 0.196322 0
0.174026 0.256248 0.569726
0.112247 0.637753 0.25
0 0.603163 0.396837
0.7617 0.2383 0
0.306797 0.0656799 0.627523
0.44306 0.148916 0.408024
0.161164 0.40587 0.432966
0.0878045 0.480017 0.432179
0.256549 0.743451 0
0.0873225 0.372373 0.540305
0.400161 0.599839 0
0.190604 0.559396 0.25
0.0820402 0 0.91796
0.225431 0.774569 0
0.0629817 0.318817 0.618201
0.298018 0.167898 0.534084
0.345855 0.0908489 0.563296
0.724468 0.275532 0
0.292396 0.707604 0
0.0424555 0.199218 0.758327
0.0791113 0.920889 0
0.556912 0.136958 0.30613
0.212415 0.156806 0.630778
0.633816 0.366184 0
0.909339 0.0906605 0
0.561215 0.188629 0.250157
0.0590433 0.120673 0.820283
0.00257881 0.694997 0.302425
0.139556 0.157611 0.702834
0.636249 0.113751 0.25
0.259923 0.0545581 0.685518
