0.000590192 0.116135 0.883275
0.0669624 0.682631 0.250406
0.36636 0.0899321 0.543708
0.078237 0.552934 0.368829
0.0139994 0.432607 0.553394
0.175469 0.0137971 0.810734
1.07981e-16 5.86612e-17 1
0.25454 0.121097 0.624362
0.510792 0.168933 0.320275
0.75 0 0.25
0.0896591 0.910341 0
0.555666 0.194334 0.25
0.34155 0.65845 0
0.182482 0.122782 0.694736
0.601057 0.148943 0.25
0.128189 0.492284 0.379527
0.0132317 0.656172 0.330596
0.0489016 0.496515 0.454583
0.342397 0.407197 0.250406
0.649459 0.350541 0
0.420435 0.329565 0.25
0.493148 0.256445 0.250406
0.263723 0.736277 0
0.866388 0.133612 0
0.588796 0 0.411204
0.0406193 0.959381 0
0.111976 0.197038 0.690985
0.328387 0.0270389 0.644574
0.0868037 0.342227 0.570969
0.162377 0.837623 0
0.1966 0.8034 0
0.764274 0.235726 0
0.207187 0.240205 0.552608
0.374607 0.318593 0.306799
0.450969 0.001703 0.547328
0.00181791 0.594368 0.403814
0.729578 0.270422 0
0.129189 0.870811 0
0.0649984 0.0153618 0.91964
0.312721 0.0964527 0.590826
0.265628 0.484372 0.25
1.84262e-20 1 0
0.146251 0.347559 0.50619
0.934634 0.0653659 0
0.0654295 0.404727 0.529843
0.522738 0 0.477262
0.409788 0.590212 0
0.169699 0.403281 0.42702
5.10525e-21 0.277064 0.722936
0.148997 0.543744 0.307259
0.198971 0.472845 0.328184
0.474585 0.525415 0
1.38197e-20 0.75 0.25
0.302547 0.00271681 0.694736
0.0578834 0.111123 0.830994
0.401893 0 0.598107
0.122253 1.546e-05 0.877731
9.51893e-21 0.516596 0.483404
0.110749 0.452575 0.436676
0.0190225 0.0423244 0.938653
0.2221 0.300204 0.477696
0.24757 0.326428 0.426002
0.0586481 0.27104 0.670311
1 0 0
0.271251 0.416371 0.312378
0.58248 0.41752 0
0.419967 0.256081 0.323952
0.201296 0.182167 0.616537
0.66722 0.0823732 0.250406
0.220577 0.0680326 0.711391
0.441378 0.558622 0
0.601383 0.0857323 0.312885
0.1164 0.0751143 0.808486
0.964695 0.0353054 0
0.904573 0.0954267 0
0.418419 0.0769493 0.504632
0.365287 0.174893 0.45982
0.680957 0.000386309 0.318656
0.835301 0.164699 0
0.421754 0.198719 0.379527
0.79932 0.20068 0
0.690907 0.309093 0
0.533895 0.0811901 0.384914
0.460028 0.104603 0.435369
0.502331 0.497669 0
0.149783 0.259391 0.590826
0.628195 0.371805 0
0.291062 0.352158 0.35678
3.94815e-21 0.214268 0.785732
0.306207 0.283143 0.410651
0.363966 0.636034 0
6.79467e-21 0.368749 0.631251
0.140539 0.609055 0.250406
0.29816 0.70184 0
0.247673 0 0.752327
0.232606 0.767394 0
0.217029 0.526996 0.255975
0.544908 0.455092 0
0.0901592 0.15926 0.750581
0.289949 0.207952 0.502099
