2.86427e-21 0.140897 0.859103
0.54421 0.0753739 0.380416
0.391953 0.0119682 0.596079
0.687599 0.312401 0
0.299704 0.181081 0.519214
0.325643 0.243693 0.430665
0.766795 0.233205 0
0.289674 0.327589 0.382737
0.00815824 0.316971 0.67487
0.799001 0.200999 0
0.147399 0.852601 0
0.57202 0.42798 0
0.970675 0.0293254 0
0.47009 0.00112463 0.528786
0.149286 0.335546 0.515168
0.498318 0.501682 0
0.387113 0.299995 0.312893
0.532173 0.467827 0
0.75 0 0.25
0.51256 0.142146 0.345294
0.697496 0.000115389 0.302388
1.52466e-20 0.75 0.25
0.456682 0.543318 0
0.155783 0.560108 0.284109
0.102112 0.897888 0
0 0 1
0.279831 0.00014547 0.720023
0.473621 0.0957147 0.430665
0.0382803 0.233215 0.728504
0.424316 0.325684 0.25
0.262382 0.737618 0
0.214485 0.136201 0.649314
0.200578 0.0160489 0.783373
0.880821 0.119179 0
0.241329 0.28623 0.472441
0.191602 0.495505 0.312893
0.508432 0.241568 0.25
0.644682 0.355318 0
0.351371 0.648629 0
0.0106123 0.182079 0.807309
0.185952 0.814048 0
0.237212 0.406644 0.356144
0.00429053 0.413317 0.582393
0.535985 0.183885 0.280129
4.82702e-21 0.237448 0.762552
0.310058 0.689942 0
0.266642 0.11696 0.616398
0.337767 0.412233 0.25
0.099044 0.246886 0.65407
0.370814 0.271846 0.35734
0.411259 0.0978952 0.490845
0.0313672 0.683511 0.285122
0.424705 0.575295 0
0.219329 0.530662 0.250008
0.184314 0.199658 0.616028
8.18217e-05 0.0775422 0.922376
0.330079 0.091471 0.57845
0.730105 0.269895 0
0.0822311 0.548297 0.369472
0.592204 0.0820211 0.325774
0.051332 0.352166 0.596502
0.352557 8.55787e-10 0.647443
0.391309 0.608691 0
0.0763065 0.596473 0.327221
0.0272769 0.512445 0.460278
0.370736 0.190027 0.439238
0.602828 0.00419653 0.392976
0.13004 0.292288 0.577673
0.052991 0.0145165 0.932492
0.154371 0.112028 0.7336
0.166651 0.460456 0.372893
1 0 0
9.66837e-21 0.4756 0.5244
0.109066 6.14258e-11 0.890934
0.534977 5.93944e-17 0.465023
0.927112 0.0728879 0
0.25331 0.0662535 0.680436
0.604088 0.145912 0.25
0.0851454 0.425649 0.489206
0.448738 0.16929 0.381972
1.31924e-20 0.64895 0.35105
0.605524 0.394476 0
0.108166 0.641834 0.25
0.463412 0.207635 0.328954
0.32163 0.363756 0.314614
0.224316 0.775684 0
0.0908032 0.47882 0.430377
0.262642 0.469402 0.267956
0.679019 0.0655668 0.255414
0.0741668 0.0890558 0.836777
0.0687408 0.931259 0
0.145413 0.164427 0.690159
0.0358233 0.964177 0
2.27051e-06 0.58193 0.418068
0.211896 0.220354 0.56775
0.147687 0.0450042 0.807309
2.03288e-20 1 0
0.0854812 0.164569 0.74995
0.839032 0.160968 0
0.197167 0.379586 0.423247
