0.0702548 0.587641 0.342104
0.0827372 0.102639 0.814624
0.333434 0.666566 0
0.108584 0.150922 0.740493
0.359789 0.212897 0.427314
0.393816 0.107827 0.498358
0.554756 0.445244 0
0.000322259 0.126812 0.872865
0.188426 0.162539 0.649035
0.311746 0.372426 0.315827
0.340027 0.0846992 0.575273
0.0848816 0.665118 0.25
0.882321 0.117679 0
0.235434 0.341685 0.422881
0.000119718 0.356781 0.643099
0.135713 0.289644 0.574643
0.9223 0.0777098 2.1665e-06
0.186526 0.563474 0.25
0.261445 0.738555 0
0.141206 0.0552685 0.803525
0.482048 0.517952 0
0.0854623 0.366927 0.54761
0.78026 0.21974 0
0.424689 0.174741 0.40057
0.318267 0.431542 0.250191
0.515719 0.484281 0
0.105142 0.407097 0.487761
0.332459 0.174557 0.492984
0.105221 0.894779 0
0.36926 0.0270927 0.603647
0.553602 0.196398 0.25
0.179656 0.820344 0
5.57551e-17 1 0
0.222074 0.454597 0.323329
0.594368 0.0600612 0.345571
0.1665 0.450067 0.383433
0.685075 0.0541631 0.260762
0.375301 0.624699 0
0.443259 0.556741 0
0.00656573 0.175428 0.818006
0.142372 0.857628 0
0.256591 0.487382 0.256028
0.691206 0.308794 0
0.205387 0.402567 0.392046
0.42598 0.000361798 0.573659
0.0106416 0.690533 0.298826
0.384717 0.300895 0.314388
0.0641485 0.268318 0.667533
0.494511 0.25538 0.250109
0.50433 0.00606372 0.489606
7.98235e-05 0.26586 0.73406
0.104196 0.213264 0.68254
0.733725 0.266531 5.74196e-05
0.627132 0.372868 0
0 0 1
0.631209 0.118615 0.250175
0.844741 0.155259 0
0.0315597 0.0288056 0.939635
0.467373 0.107499 0.425129
0.315255 0.0199591 0.664786
0.0161638 0.469961 0.513876
0.675015 0.00166615 0.323319
0.393341 0.242977 0.363682
0.16652 0.231448 0.602032
0.00104729 0.41212 0.586832
0.0507417 0.196466 0.752792
0.195376 0.0709718 0.733652
0.447511 0.0541317 0.498358
0.299691 0.301164 0.399145
0.75 0 0.25
0.224462 0.279731 0.495807
0.390059 0.359765 0.250175
0.962051 0.037949 0
0.54102 0.0338518 0.425129
0.130064 0.590969 0.278966
0.516894 0.121611 0.361495
0.0896839 0.496234 0.414082
0.559004 0.13371 0.307287
0.0312766 0.968723 0
0.283208 1.96974e-05 0.716773
0.278938 0.241742 0.47932
0.0769811 0.923019 0
0.655735 0.344265 0
3.96183e-10 0.638505 0.361495
0.205993 0.00870089 0.785306
0.591427 0.408573 0
0.000123916 0.558911 0.440965
0.472257 0.211915 0.315827
0.121762 0.00104573 0.877193
0.168838 0.337522 0.49364
0 0.75 0.25
0.258001 0.119519 0.62248
0.59935 4.24691e-05 0.400608
1 0 0
0.271816 0.175732 0.552452
0.307891 0.692109 0
0.225672 0.774328 0
0.414146 0.585854 0
0.116512 0.537806 0.345683
0.810596 0.189404 0
