0.145304 0.0611613 0.793534
0 0.647905 0.352095
0.553983 0 0.446017
0.730905 0.269095 0
0.913477 0.0865232 0
0.0909075 0.506933 0.40216
0 0 1
0.000808263 0.2807 0.718492
0 0.217065 0.782935
0.248482 2.98924e-05 0.751488
0.357873 0.145848 0.496279
0.533329 0.466671 0
0.131004 0.299034 0.569961
0.270135 0.729865 0
0.0285368 0.387614 0.583849
0.205444 0.794556 0
0.146217 0.234596 0.619187
0.0901567 0.38529 0.524553
0.236295 0.513705 0.25
0.285404 0.304254 0.410342
0.510861 0.0630325 0.426107
0 0.475532 0.524468
0.0979376 0.557697 0.344365
0 0.75 0.25
0.424954 0.0933154 0.481731
0.665078 1.09942e-05 0.334911
0.618085 0.131405 0.25051
0.530592 0.219408 0.25
0.466494 7.62267e-05 0.53343
0.75 0 0.25
0.161605 0.11555 0.722845
0.634229 0.365771 0
0.0812405 0.310221 0.608539
0.268539 0.37657 0.354892
0.39577 0.00559377 0.598636
0 1 0
0.424093 0.325907 0.25
0.355467 0.394533 0.25
0.157582 0.364585 0.477833
0.385323 0.228911 0.385766
0.311496 0.13419 0.554314
0.474963 0.244211 0.280826
0.169097 0 0.830903
0.182395 0.41634 0.401265
0.316248 5.1676e-05 0.683701
0.462025 0.190303 0.347672
0.323941 0.225149 0.45091
0.606936 0.393064 0
0.178446 0.527751 0.293803
0.215595 0.44985 0.334555
0.398978 0.1626 0.438421
0.0302206 0.690531 0.279249
0.308678 0.441074 0.250248
0.84792 0.15208 0
0.230868 0.083083 0.686049
0.179724 0.820276 0
0.24096 0.230346 0.528694
0.662177 0.337823 0
0.609355 0.0952618 0.295383
0.603193 0.0189471 0.37786
0.124958 0.597001 0.27804
0.215216 0.18891 0.595874
0.0789765 0.243212 0.677812
0.0930686 0 0.906931
0.284893 0.0900184 0.625088
0.0402677 0.959732 0
0.463968 0.536032 0
0.342042 0.345227 0.312732
0.707348 0.0323522 0.2603
0.0854128 0.914587 0
0.0604909 0.139803 0.799706
0.00891881 0.0472137 0.943868
0.196245 0.146118 0.657637
0.420259 0.579741 0
0.000469065 0.361484 0.638046
0.958804 0.0411958 0
0.766096 0.233904 0
0.302557 0.697443 0
0.336988 0.663012 0
0.697697 0.302303 0
0 0.578554 0.421446
0.497455 0.137699 0.364845
0.127665 0.872335 0
0.878506 0.121494 0
0.810521 0.189479 0
0.502547 0.497453 0
0.561012 0.438988 0
0.380987 0.0467189 0.572294
0.0742662 0.0876334 0.8381
0.546496 0.172678 0.280826
0.237015 0.762985 0
1 0 0
0.0930114 0.656989 0.25
0.0910176 0.17983 0.729152
0.218094 0.300969 0.480937
0.0148747 0.490698 0.494427
0.376438 0.623562 0
0.0776764 0.457872 0.464452
0.000279963 0.11508 0.88464
0.361902 0.290426 0.347672
