0.0864309 0.3857 0.52787
0.37049 0.184555 0.444955
0.0671095 0 0.932891
0.107905 0.532425 0.35967
0.5121 0.170438 0.317462
0.389281 0.232702 0.378017
0 0.75 0.25
0.380246 0.000625209 0.619129
0.188315 0.484116 0.327569
0.438423 0.154165 0.407412
0.892593 0.107407 0
0.48851 0.0725494 0.43894
0.0931838 0.906816 0
0.163915 0.361523 0.474563
0.475247 0.214122 0.31063
0.626146 0.0133955 0.360459
0.164679 0.118462 0.716859
0.524432 0.225568 0.25
0.446791 0.289605 0.263604
0.817031 0.182969 0
0 0 1
0.264472 0.142413 0.593114
0.440211 0.559789 0
0.92159 0.0784098 0
0.243565 0.076012 0.680423
0.856415 0.143585 0
0.39922 0.35078 0.25
0.388413 0.063039 0.548548
0.298521 0.302828 0.398651
0.276726 0.220216 0.503057
2.34231e-05 0.419275 0.580701
0.124413 0.210246 0.665341
0.623608 0.376392 0
0.559749 0.440251 0
0.141905 0 0.858095
0.261264 0.488736 0.25
0.194854 0.555146 0.25
0.10328 0.0500971 0.846623
0.200462 0.159113 0.640425
0.132257 0.5838 0.283943
0.306262 0.385156 0.308581
0.0691504 0.341202 0.589647
0.363413 0.636587 0
0.0353063 0.229843 0.734851
0.590941 0.409059 0
0.480257 0.519743 0
0.176297 0.221711 0.601992
0.135475 0.0694733 0.795052
0 0.643583 0.356417
0.312144 0.0732179 0.614638
0.665628 0.334372 0
0.242 0.408956 0.349045
0.0540557 0.608236 0.337708
0.419716 0.10374 0.476544
0.277054 0.262475 0.460471
0.56551 7.31987e-07 0.434489
0.575135 0.116376 0.308488
0.247133 0.752867 0
6.09224e-05 0.214533 0.785406
0.607502 0.142498 0.25
0.351311 0.320138 0.32855
0.304928 0 0.695072
0.0384234 0.478405 0.483172
0.0654453 0.934555 0
0.696898 0.303102 0
0.100767 0.165776 0.733457
0.322479 0.677521 0
0.510834 0.489166 0
0.207276 0.262149 0.530575
0.0335999 0.9664 0
0.736064 0.263936 0
0.328834 0.152995 0.518171
0.20123 0.387618 0.411152
0.776103 0.223897 0
0.103377 0.273516 0.623107
0.0139794 0.709731 0.276289
0.126621 0.465366 0.408014
0.532494 0.0790814 0.388425
0.0203679 0.551883 0.427749
0.474763 0.000597097 0.52464
0.0674022 0.113903 0.818695
0.128698 0.871302 0
0.000613883 0.501699 0.497687
0.676251 0.060049 0.2637
0.0176774 0.0731801 0.909142
0.167652 0.832348 0
0.22578 0.00362146 0.770599
0.284675 0.715325 0
1.00723e-05 0.124221 0.875769
0.0118958 0.350121 0.637983
0.0851406 0.664859 0.25
0.672119 0.000311715 0.327569
0.330006 0.417369 0.252625
2.60543e-05 0.321324 0.67865
5.92923e-21 1 0
1 0 0
0.409774 0.590226 0
0.965606 0.0343937 0
0.211104 0.788896 0
0.75 0 0.25
