0.305648 0.393914 0.300438
0.443771 0.556229 0
0.503999 0.106558 0.389443
0.749999 0 0.250001
0.0601881 0.689811 0.250001
0 0.358647 0.641353
0.118445 0.601388 0.280167
0.301525 0.104654 0.593821
0 0.513779 0.486221
0.621409 0.128587 0.250003
0.155939 0.524052 0.320009
0.223077 0.776923 0
0.17527 0.0904574 0.734272
0.150062 0.849938 0
0.000527141 0.586199 0.413274
0.035217 0.964783 0
0.259143 0.490853 0.250003
0.254399 0.304778 0.440823
0.236585 0.373972 0.389443
0.172893 0.0192776 0.807829
0.413079 0.586921 0
0.639514 0.360486 0
0.0769788 0.535646 0.387376
0.0994224 0.289986 0.610592
1 0 0
0.743899 0.256101 0
0.240063 0.144473 0.615464
3.85902e-17 0.684649 0.315351
0.0483197 0.622528 0.329152
0.0894648 0.0910205 0.819515
0.108586 0.891414 0
0.18034 0.353869 0.465791
0.520599 0.167703 0.311698
0.675348 0.324652 0
0.168253 0.240839 0.590908
0.126199 0.340823 0.532978
0.471169 0.278828 0.250003
5.6365e-17 1 0
0.396304 0.190184 0.413512
0.963747 0.0362528 0
0.465251 0.0516673 0.483082
0.711307 0.288693 0
0.329129 0.670871 0
0.241719 0.0012412 0.75704
0.014048 0.037875 0.948077
0.0533836 0.0613893 0.885227
0.456693 0.228308 0.314999
0.814381 0.185619 0
0.227973 0.431812 0.340216
0.777594 0.222406 0
0.072491 0.927509 0
0.337431 0.273126 0.389443
0.29318 0.337147 0.369674
0.550002 0 0.449998
0.420384 0.127635 0.451981
0.442966 2.07517e-05 0.557014
0.668724 0.064365 0.266911
0.371195 0.312926 0.315879
0.85805 0.14195 0
0 0.29801 0.70199
0.188403 0.302349 0.509248
0.166821 0.178102 0.655076
0.0933165 0.44974 0.456943
0.560881 0.439119 0
0.0823746 0.236295 0.681331
0.18673 0.81327 0
0.681272 0 0.318728
7.95541e-05 0.132124 0.867796
0 0 1
0.626293 0.00406823 0.369638
0.398477 0.351522 0.250001
0.152452 0.437315 0.410233
0.0543299 0.361898 0.583772
0.00315855 0.416895 0.579946
0.0402707 0.439637 0.520093
0.296731 0.703269 0
0.322145 0.427854 0.250001
0.889089 0.110911 0
0.179854 0.570145 0.250001
0.257481 0.209541 0.532978
0.376677 0.623323 0
0.29507 0 0.70493
0.291603 0.241478 0.46692
0.265272 0.734728 0
0.47961 0.52039 0
0 0.214334 0.785666
0.514546 0.485454 0
0.102256 0.163472 0.734272
0.110775 5.1895e-06 0.88922
0.364608 0.0896857 0.545706
0.472709 0.149868 0.377423
0.540592 0.209407 0.250001
0.346658 0.162261 0.491081
0.926638 0.073362 0
0.222453 0.086171 0.691376
0.586208 0.0845515 0.32924
0.600225 0.399775 0
0.35526 0.0150256 0.629714
0 0.749999 0.250001
0.0213548 0.170816 0.807829
