0.691144 0.308856 0
0.155317 0.0906411 0.754042
0.4039 0.13771 0.45839
0.109774 0.890226 0
0.320104 0.375408 0.304489
0.618254 0.381746 0
0.00649879 0.269573 0.723928
0.0651719 0.355603 0.579226
0.295521 0.257901 0.446578
0.911826 0.088174 0
0.632682 4.64768e-10 0.367318
0.958647 0.0413526 0
0.127884 0.186282 0.685834
0.120755 0.365531 0.513714
8.6174e-21 0.504738 0.495262
0.861533 0.138467 0
0.182927 0.471547 0.345526
0.103114 0.421362 0.475524
0.286716 0.0853864 0.627897
0.754922 0.245078 0
0.0832932 0.628462 0.288244
0.596501 0.153499 0.25
0.553889 0.118967 0.327144
1.01645e-20 0.595356 0.404644
1 0 0
0.576452 0.423548 0
0.281041 0.321381 0.397577
0.215582 0.532014 0.252404
0.819077 0.180923 0
0.486981 0.104596 0.408423
0.391081 0.608919 0
1.63998e-09 0.235916 0.764084
0.330711 0.669289 0
0.54466 0.000312675 0.455027
0.19683 0.152131 0.651039
0.494641 0.000283961 0.505075
0 1 0
0.175474 0.824526 0
0.690907 0.0151147 0.293978
0.082264 0.249646 0.66809
0.0783112 0.13814 0.783549
0.536799 0.463201 0
0.0607308 0.00895548 0.930314
1.28048e-20 0.75 0.25
0.16604 0.21793 0.61603
0.421233 0.578767 0
0.384965 0.313949 0.301085
0.387482 0.000222444 0.612295
1.16258e-20 0.680949 0.319051
0.0744691 0.925531 0
0.166657 0.428765 0.404578
0.241876 0.0469964 0.711128
0.220376 0.000126512 0.779497
0.0668565 0.534861 0.398283
1.72801e-09 0.39255 0.60745
0.244336 0.432131 0.323532
0.132485 0.281624 0.58589
0.33148 0.163835 0.504685
0.654069 0.345931 0
0.784902 0.215098 0
0.75 0 0.25
1.80351e-21 0.105635 0.894365
0.420355 0.0903594 0.489285
0.664234 0.0812463 0.25452
7.85309e-21 0.459971 0.540029
0.0802837 0.473138 0.446578
0.452893 0.547107 0
0.465099 0.284901 0.25
0.0721996 0.6778 0.25
0.722219 0.277781 0
0.492991 0.507009 0
0.000543642 0.336048 0.663409
0.115483 0.560984 0.323532
0.366836 0.633164 0
0.451073 0.00288733 0.54604
0.276621 0.469324 0.254055
0.15057 0.84943 0
0.275951 0.155664 0.568385
0.36761 0.38239 0.25
0.508692 0.220346 0.270962
0.0766908 0.0770237 0.846286
0.42382 0.227205 0.348975
0.0577252 0.187719 0.754556
0.457266 0.161893 0.380841
0.297353 0.702647 0
0.24777 0.206564 0.545667
0.36281 0.232546 0.404644
0.139328 4.28225e-08 0.860672
0.353146 0.0612862 0.585568
0.209079 0.286236 0.504685
0.20717 0.79283 0
0 0 1
0.0399623 0.960038 0
0.25254 0.74746 0
0.00366307 0.155211 0.841126
0.195924 0.376208 0.427867
0.147453 0.602547 0.25
0.612212 0.0832992 0.304489
0.32272 0.000185265 0.677095
0.563987 0.0449305 0.391082
