0.238011 0.143267 0.618722
0.473644 0.195837 0.330519
0 0.445423 0.554577
0.871256 0.128744 0
0 1 0
0.596476 0.0963545 0.30717
0.164876 0.00099493 0.834129
1.07968e-11 0.181007 0.818993
0.24895 0.490294 0.260756
0.117307 0.882693 0
0.528179 0.12534 0.346481
0.0738583 0.082434 0.843708
0.0654225 0.593222 0.341355
0.423743 0.269511 0.306746
0.15024 0.84976 0
0.346098 0.0131772 0.640725
0.711024 0.288976 0
0.521023 0.228977 0.25
0.175984 0.210583 0.613433
0.285122 0.714878 0
0.162893 0.310884 0.526223
0.055424 0.239126 0.70545
0.636936 0.113064 0.25
0.279959 0.17806 0.541981
0.371321 0.246909 0.381771
0 0.598246 0.401754
0.391375 0.0707842 0.53784
0.172438 0.577562 0.25
0.473932 0.526068 0
0.0996818 0.271409 0.628909
0.267064 0.0611745 0.671761
0 0.111362 0.888638
0.828528 0.171472 0
0.443154 0.3039 0.252946
0.149371 0.434487 0.416142
0.458006 0.0206522 0.521341
0.432822 0.567178 0
0.91472 0.0852799 0
0.0746147 0.34327 0.582116
0.28162 0.377798 0.340582
0.600941 0.000144636 0.398914
0.0326189 0.967381 0
0.351638 0.157333 0.491029
0.00731829 0.324715 0.667966
0.12591 0.545303 0.328786
1 0 0
0.0348911 0.483879 0.48123
0.0772154 0.922785 0
0.553343 0.446657 0
0.234792 0.269324 0.495883
0.25501 0.74499 0
0.13016 0.197337 0.672503
0.75 0 0.25
0.204043 0.245002 0.550956
0.314875 0.685125 0
0.0492399 0.417462 0.533298
0 0 1
0.633791 0.366209 0
9.50292e-12 0.540946 0.459054
0.593065 0.406935 0
0.792536 0.207464 0
0.0731341 0.139312 0.787554
0.0964425 4.76455e-06 0.903553
2.28092e-07 0.38297 0.61703
0.00733462 0.0530428 0.939623
0.54059 2.67068e-05 0.459384
0.76172 0.23828 0
0.215567 0.0204647 0.763968
0.224185 0.775815 0
0.655677 0.00336687 0.340956
0.958187 0.0418127 0
0.153752 0.0950941 0.751154
0 0.659044 0.340956
0.671377 0.328623 0
0.188048 0.811952 0
0.115591 0.397953 0.486456
0.376286 0.373714 0.25
0.346413 0.326049 0.327537
0.312452 0.230377 0.457171
0.415071 1.88372e-10 0.584929
0.190823 0.109983 0.699194
0.51513 0.48487 0
0.274665 0.319814 0.405521
0.0977061 0.652294 0.25
0.000162512 0.256853 0.742984
0.416645 0.175851 0.407504
0.201528 0.356857 0.441615
0.112272 0.503995 0.383734
0.201784 0.462208 0.336009
0 0.75 0.25
0.302372 3.2385e-13 0.697628
0.555579 0.170857 0.273564
0.0383345 0.687181 0.274484
0.349401 0.650599 0
0.393629 0.606371 0
0.453872 0.0826652 0.463463
0.32081 0.0889724 0.590218
0.679547 0.0468896 0.273563
0.500498 0.0905202 0.408981
0.315467 0.434532 0.25
