0.325337 0.223452 0.451211
0.464727 0.188693 0.34658
0.197108 0.243474 0.559418
0 1 0
0.110557 0.889443 0
0.182147 0.817853 0
0.34024 3.09598e-11 0.65976
0.586468 0.413532 0
0.441625 0.558375 0
0.0881274 0.660714 0.251158
0.164818 0.187374 0.647808
0.54897 0.45103 0
0.129406 0.392889 0.477705
0.212324 0.307062 0.480614
0.958999 0.0410005 0
0.254312 0.0530948 0.692593
0.000434286 0.450071 0.549495
0.00119436 0.38792 0.610885
0.278087 0.721913 0
0.30332 0.0903945 0.606286
0.675389 0.0518678 0.272743
0.290208 0.194942 0.514849
0.077949 0.628814 0.293237
0.49155 3.90621e-06 0.508446
0.1585 0.5915 0.25
0.000153698 0.601492 0.398354
0.20608 0.466623 0.327297
0.435973 0.0562407 0.507786
0.169825 0.418766 0.411408
0 0 1
6.81265e-05 0.293686 0.706246
0.853236 0.146764 0
0.276595 0.472246 0.251158
0.58398 4.83819e-06 0.416015
0.00030298 0.206489 0.793208
0.0968621 0.355823 0.547315
0.0358424 0.964158 0
0.467938 0.532062 0
0.116087 0.159841 0.724072
0.31596 0.68404 0
0.365579 0.0793583 0.555063
0.00243372 0.546032 0.451534
0.75 0 0.25
0.346044 0.403956 0.25
0.448511 0.0980793 0.453409
0.0633858 0.567149 0.369465
0.362537 0.138262 0.499201
0.709699 0.290301 0
0.414326 0.159426 0.426248
0.290082 0.29851 0.411408
0.670369 0.329631 0
0.463281 0.286719 0.25
0.480223 0.130243 0.389533
0.744975 0.255025 0
0.351489 0.648511 0
0.50592 0.238412 0.255667
0.0727805 0.00661797 0.920602
0.407375 0.000432432 0.592193
0.00629081 0.0731076 0.920602
0.210216 0.527181 0.262603
0.000223903 0.140386 0.85939
0.37185 0.270256 0.357894
0.92102 0.0789805 0
0.407793 0.342207 0.25
0.888884 0.111116 0
0.577804 0.172196 0.25
0.150262 0.849738 0
0.514711 0.485289 0
0.822352 0.177648 0
0.642327 0.107673 0.25
0.396385 0.603615 0
0.158377 0.0743012 0.767321
0.0474594 0.467046 0.485495
0.102914 0.0214863 0.875599
1.75683e-11 0.680047 0.319953
0.66335 0 0.33665
0.627859 0.372141 0
1 0 0
0.114949 0.493772 0.391279
0.537255 0.0505873 0.412158
0.0861753 0.237785 0.67604
0.14922 0.515698 0.335083
0.255407 0.161761 0.582832
0.088246 0.100323 0.811431
0.784398 0.215602 0
0.593748 0.0596721 0.34658
0.537718 0.134985 0.327297
0.13244 0.270913 0.596647
0 0.75 0.25
0.244638 0.0002616 0.755101
0.288957 0.397866 0.313177
0.164985 0.000968998 0.834046
0.196753 0.124613 0.678634
0.0433789 0.331287 0.625334
0.243791 0.756209 0
0.0769884 0.923012 0
0.239686 0.371059 0.389255
0.0431857 0.218583 0.738231
0.344772 0.324278 0.330951
0.214611 0.785389 0
