0.18997 0.247616 0.562414
0.160967 0.10187 0.737163
0.381852 0.038246 0.579902
0.214587 1.85403e-06 0.785411
0.143324 0.856676 0
0.918624 0.0813758 0
0.0804639 0.239713 0.679823
0.171843 0.470636 0.35752
0.0247842 0.0298888 0.945327
0.0353701 0.627703 0.336927
1 0 0
0.310099 0.00711372 0.682787
0 0 1
0.0991893 1.04437e-06 0.90081
0.52064 0.47936 0
0.0949912 0.388616 0.516393
0.69842 0.30158 0
0.278515 0.393675 0.32781
0.627897 0.372103 0
0.160451 0.589549 0.25
0.183457 0.526796 0.289747
0.251311 0.748689 0
0.445234 0.184669 0.370097
0.216759 0.783241 0
0.285522 0.245109 0.469369
0.75 0 0.25
0.114317 0.298168 0.587515
0.000930101 0.690468 0.308601
0.948276 0.0517245 0
0.11839 0.567064 0.314546
0.0308463 0.40674 0.562414
0.229461 0.108724 0.661815
0.359509 3.55886e-09 0.640491
2.61938e-17 0.471306 0.528694
0.475906 0.524094 0
0.698886 0.0224779 0.278636
0.586893 0.0740573 0.33905
0.558143 0.441857 0
0.528483 5.56444e-06 0.471512
0.42083 0.32917 0.25
0.0833808 0.550928 0.365691
8.88935e-18 0.159947 0.840053
0.0936794 0.906321 0
0.169 0.178018 0.652983
0.505121 0.134989 0.359889
0.0932589 0.446691 0.460051
0.807393 0.192607 0
0.451533 0.00567471 0.542792
0.217113 0.287812 0.495074
0.665568 0.084432 0.25
0.083827 0.103474 0.812699
0.245776 0.502112 0.252112
0.0495315 0.192877 0.757592
0.528321 0.16855 0.30313
0.251595 0.459997 0.288408
0.593691 0.406309 0
0.00252543 0.259675 0.737799
0.286096 0.713904 0
0.000730241 0.106568 0.892702
0.333088 0.366538 0.300373
0.305682 0.190208 0.50411
0.596263 0.134229 0.269508
0.4536 0.264174 0.282226
0.0499825 0.950018 0
0.43965 0.0909818 0.469369
0.290454 0.0855765 0.62397
0.629598 0 0.370402
0.342115 0.279657 0.378228
0.101283 0.648717 0.25
0.651418 0.348582 0
0.162537 0.351894 0.485569
0.0525133 0.336346 0.61114
0.355903 0.644097 0
4.16827e-17 0.75 0.25
0.521914 0.051111 0.426975
0.323702 0.676298 0
0.012324 0.307824 0.679852
0.123343 0.14813 0.728527
0.14929 0.000997887 0.849712
0.36636 0.113991 0.519649
0.00030975 0.59862 0.40107
0.842632 0.157368 0
0.428111 0.571889 0
0.193447 0.398091 0.408462
1.87448e-20 1 0
0.7751 0.2249 0
0.256846 0.162443 0.580711
0.181076 0.818924 0
0.881322 0.118678 0
0.390266 0.609734 0
0.373172 0.191017 0.435811
0.403193 0.255681 0.341126
0.73834 0.26166 0
7.25054e-21 0.386803 0.613197
0.515998 0.234002 0.25
0.11132 0.503446 0.385234
0.231313 0.0538655 0.714821
0.330404 0.419596 0.25
0.264676 0.317865 0.417459
0.00652426 0.534446 0.45903
