0.485805 0 0.514195
0.907134 0.0928659 0
0.491764 0.225932 0.282304
0.000391986 0.235464 0.764144
0.00227704 0.531374 0.466349
0.186245 0.560448 0.253307
0.659928 0.340072 0
0.0825546 0.667445 0.25
0.010455 0.071337 0.918208
0.397717 0.0880888 0.514195
0.558741 0.0248345 0.416425
0.957444 0.0425558 0
0.139548 0.0963076 0.764144
0.108421 0.454 0.437579
0.660789 0 0.339211
0.251124 0.748876 0
0.491873 0.508127 0
0.212558 0.332764 0.454678
0.253817 0.496183 0.25
0.316006 2.19942e-07 0.683994
0.27624 0.245182 0.478578
0.618044 0.0559686 0.325987
0.193281 0.484215 0.322504
0 0.75 0.25
0.609579 0 0.390421
0.581465 0.111022 0.307513
0.534375 0.465625 0
0.49095 0.168185 0.340865
0.546644 0.203356 0.25
0.0796629 0.920337 0
0.00110549 0.309721 0.689173
0.375721 0.374279 0.25
0.399373 0.136273 0.464355
0.308466 0.438227 0.253307
0 1 0
0.698708 0.301292 0
0.401633 0.00188452 0.596482
0.27346 0.419027 0.307513
0.19671 0.114117 0.689173
0.258949 0.122992 0.618058
0.358189 0.641811 0
0.0483506 0.326663 0.624987
0.839183 0.160817 0
0.352824 0.219635 0.427542
0.468169 0.0654162 0.466415
0.222649 0.0659707 0.71138
0.101632 0.0700912 0.828277
0 0.386089 0.613911
0.872865 0.127135 0
0 0 1
0.152871 0.373509 0.47362
0.599502 0.150498 0.25
0.333616 0.666384 0
0.668842 0.0806155 0.250543
0.339004 0.140162 0.520833
0.375049 0.30242 0.322531
0.334094 0.0579859 0.60792
0.180021 0.278559 0.54142
3.44213e-05 0.628298 0.371668
0.734518 0.265482 0
0.0401613 0.549908 0.409931
0.127448 0.269344 0.603208
0.428494 0.571506 0
0.0924561 0.241508 0.666036
0.214593 2.83564e-05 0.785378
0.0907399 0.352193 0.557067
0.136953 0 0.863047
0.282518 0.717482 0
0.789549 0.210451 0
1 0 0
0.75 0 0.25
0.124848 0.609757 0.265395
0.240163 0.375979 0.383858
0.461685 0.538315 0
0.455142 0.294858 0.25
0.101213 0.5728 0.325987
0.576359 0.423641 0
0.177578 0.822422 0
0.141717 0.858283 0
0.624128 0.375872 0
0.310083 0.324793 0.365124
0.0179983 0.674088 0.307914
0.443261 0.157635 0.399104
0.222611 0.777389 0
0.0212673 0.103869 0.874864
0.394895 0.605105 0
0.0564033 0.433626 0.509971
0.397467 0.253645 0.348888
0 0.484522 0.515478
8.35449e-05 0.165284 0.834633
0.108247 0.891753 0
0.0365797 0.96342 0
0.137547 0.510868 0.351585
0.0748811 0.184428 0.740691
0.234412 0.185802 0.579786
0.0569319 0.00207227 0.940996
0.165387 0.201273 0.633341
0.166568 0.425127 0.408304
0.763624 0.236376 0
0.525895 0.0912752 0.38283
