0.835724 0.164276 0
0.562898 0 0.437102
0.322909 0.677091 0
0.236507 0.021681 0.741812
0.727287 0.272713 0
0.00998444 0.49224 0.497776
0.22046 0.229337 0.550203
0.411425 0.244379 0.344197
0.272102 0.381194 0.346705
0.267283 0.480995 0.251722
0.341638 0.334189 0.324173
0.0452206 0.622338 0.332442
0.104059 0.464511 0.43143
0.0001504 0.44548 0.55437
0.507614 0.492386 0
0.530019 0.130686 0.339295
0.187141 0.106114 0.706745
0.38488 0.16745 0.44767
0.0285493 0.206549 0.764902
0.348264 0.124436 0.5273
0.292466 0.707534 0
4.71662e-06 0.545303 0.454692
0.323742 0.222231 0.454028
0.520873 0.0651558 0.413971
0.967821 0.0321786 0
0.306602 0.0722195 0.621178
0.760532 0.239468 0
2.51219e-21 1 0
0.0588723 0.309944 0.631183
0.0712724 0.240873 0.687855
8.71789e-21 0.357882 0.642118
0.488057 0.193173 0.318771
0.576072 0.173928 0.25
0.0590352 0.428132 0.512833
0.275198 0.145244 0.579558
0.258923 0.741077 0
8.75732e-06 0.667549 0.332442
0 0 1
0.368032 0.242164 0.389804
1 0 0
0.624636 0.0801853 0.295179
0.00097648 0.193512 0.805511
0.477155 0.257676 0.265169
0.49329 0 0.50671
0.268338 0.259398 0.472264
0.357376 0.392022 0.250602
0.0713965 0.928604 0
0.13029 0.0673223 0.802388
0.168783 0.581217 0.25
0.174169 0.000345094 0.825486
0.799794 0.200206 0
0.103664 0.163241 0.733095
0.462448 0.10775 0.429802
0.870266 0.129734 0
0.0506628 0.681939 0.267398
0.223437 0.328894 0.44767
0.421839 0.20698 0.371181
0.317128 0.418172 0.2647
0.75 0 0.25
0.907987 0.092013 0
9.27575e-05 0.289927 0.709981
0.441588 0.308412 0.25
0.408037 0.0360562 0.555907
0.0320156 0.0183267 0.949658
0.175635 0.424307 0.400058
0.583283 0.416717 0
0.112137 0.887863 0
0.667566 0.332434 0
0.071989 0.550669 0.377342
0.378082 0 0.621918
0.234748 0.120749 0.644502
0.139453 0.498977 0.361569
0.0430701 0.114884 0.842046
0.625922 0.374078 0
0.144339 0.304786 0.550876
0.681229 0 0.318771
0.0327282 0.967272 0
0.114553 0.633725 0.251722
0.59216 0.040947 0.366893
0.226779 0.773221 0
0.936325 0.063675 0
1.82698e-20 0.75 0.25
0.158501 0.203547 0.637952
0.119292 0.375927 0.50478
0.311642 0.00119283 0.687165
0.0861273 0.353453 0.56042
0.675694 0.0743055 0.25
0.0943156 0.0046335 0.901051
1.9314e-21 0.0792868 0.920713
0.545187 0.454813 0
0.221304 0.464901 0.313795
0.307829 0.315619 0.376552
0.181324 0.543243 0.275434
0.19751 0.80249 0
0.70487 0.29513 0
0.417691 0.582309 0
5.20286e-06 0.601519 0.398475
0.46256 0.53744 0
0.153379 0.846621 0
0.370054 0.629946 0
