0.63373 0.0680775 0.298192
0.0665072 0.340776 0.592717
0.492923 0.507077 0
0.214716 0.396653 0.388632
0.249958 0.0245483 0.725494
0.0685346 0.931465 0
0.56881 0.0212982 0.409892
0.0739156 0.448011 0.478073
0.150855 0.489042 0.360102
0.533968 0.106735 0.359298
0.196234 0.115248 0.688518
0.331973 0 0.668027
1.13636e-05 0.231051 0.768937
0.523217 0.226694 0.250088
0.0881459 0.661766 0.250088
0.157226 0.262258 0.580516
0.00473984 0.407874 0.587386
0.323636 0.265239 0.411125
0.491641 0.187952 0.320408
0.654074 0.345926 0
0.258832 0.293806 0.447361
0.338338 0.411198 0.250464
0.556987 0.443013 0
0 0.47064 0.52936
0.295832 0.0832109 0.620957
0.489869 0.060646 0.449485
0.141773 0.608138 0.250088
0.432893 0.257293 0.309813
0.0368074 0.963193 0
0.452402 0.547598 0
0.621301 0.378699 0
0.152487 0.000197615 0.847315
0.812561 0.187439 0
0.059363 0.287971 0.652666
0.00146579 0.0825281 0.916006
0.156008 0.843992 0
0.152504 0.411952 0.435543
0.371002 0.0896355 0.539363
0.270503 0.729497 0
0.193733 0.806267 0
0.970902 0.0290984 0
0.280747 0.354604 0.364649
0.403444 0.346556 0.25
0.246976 0.435771 0.317253
0.586652 0.163348 0.25
0.439427 0 0.560573
0 0 1
0.0711864 0.517688 0.411125
0.0596334 0.0853893 0.854977
0.0989489 0.102176 0.798875
0.370452 0.0316368 0.597911
0.664216 0.0857842 0.25
0.0595088 0.173518 0.766973
0.103094 0.35693 0.539976
0.181394 0.334272 0.484333
0.137888 0.169625 0.692486
0.234483 0.765517 0
0 0.142763 0.857237
0.20929 0.54071 0.25
0.893152 0.106848 0
1 0 0
0.10992 0.575324 0.314756
0.735421 0.264579 0
0.346653 0.653347 0
0.30615 0.17621 0.51764
0.641317 0 0.358683
0 0.75 0.25
0.00167512 0.714287 0.284038
0.934483 0.0655174 0
0.185946 0.181854 0.6322
0.530804 0.469196 0
0.0587267 0.00515107 0.936122
0.360143 0.32554 0.314317
0.000677382 0.320057 0.679266
0.242615 0.235517 0.521868
0.705426 0.0192611 0.275313
0.697217 0.302783 0
0 0.609167 0.390833
0.0463123 0.240235 0.713453
0.307842 0.692158 0
0.416672 0.583328 0
1.16922e-05 0.650667 0.349321
0.528303 0 0.471697
0.259384 0.490616 0.25
0.858432 0.141568 0
0 1 0
0.587678 0.412322 0
0.434395 0.0490799 0.516525
0.112974 0.887026 0
0.270076 0.142497 0.587427
0.427401 0.162707 0.409892
0.467971 0.278764 0.253265
0.223085 1.09805e-05 0.776904
0.776613 0.223387 0
0.394558 0.222097 0.383345
0.170775 0.0662209 0.763004
0.0013124 0.533208 0.46548
0.377664 0.151095 0.471241
0.75 0 0.25
0.382226 0.617774 0
