0.311079 0.0087589 0.680162
0.776961 0.223039 0
0.524727 0.0705156 0.404758
0.590585 0.409415 0
0 0 1
0.0797268 0.343647 0.576627
0.75 0 0.25
0.549653 0 0.450347
0.15979 0.288761 0.55145
0.372341 0.361755 0.265904
0.188023 0.464204 0.347773
0.414628 0.0499529 0.535419
0.284663 0.715337 0
0.0645226 0.679828 0.255649
0.465346 0.0529471 0.481707
0.429693 0.320307 0.25
0.958514 0.0414861 0
0.599968 0.150032 0.25
0.675473 0.000420051 0.324107
0 0.694926 0.305074
0.130883 0.543709 0.325408
0.238387 0.25646 0.505154
0.000225002 0.634926 0.364849
0.294161 0.455839 0.25
0.517929 0.482071 0
0.455694 0.212939 0.331367
0.0461374 0.953863 0
0.270586 0.417436 0.311978
0 1 0
0.202519 0.357429 0.440052
0.121813 6.07871e-08 0.878187
0.0335351 0.479658 0.486807
0.615313 0.000239783 0.384447
0.179281 0.00912037 0.811599
0.670482 0.329518 0
0.106095 0.0907651 0.80314
0.287044 0.305566 0.40739
0.188068 0.150737 0.661195
0.326558 0.348034 0.325408
0.000447647 0.545376 0.454176
0.255688 0.119955 0.624357
0.0512306 0.567376 0.381394
0.380414 0.00203647 0.617549
0.0774324 0.170793 0.751775
0.00030669 0.211742 0.787952
0.0808916 0.60713 0.311978
0.0785675 0.0696215 0.851811
0.215171 0.0755662 0.709263
0.392645 0.174251 0.433105
0.149606 0.600394 0.25
0.152933 0.437455 0.409613
0.224744 0.525256 0.25
0.533646 0.120519 0.345835
0.222789 0.307242 0.469969
0.919651 0.0803488 0
0.0910302 0.464983 0.443987
0.145022 0.11112 0.743858
1.90719e-11 0.444139 0.555861
0.128857 0.871143 0
0.481224 0.121382 0.397393
0.456152 0.543848 0
0.109517 0.2578 0.632682
0.814416 0.185584 0
0.0128266 0.377139 0.610034
0.627783 0.372217 0
0.744374 0.255626 0
0.000392745 0.320714 0.678893
0.551466 0.198534 0.25
0.280495 0.16873 0.550775
0.689988 0.0600122 0.25
0.258467 2.86956e-17 0.741533
0.0398093 0.0177624 0.942428
0.217036 0.782964 0
0.0220013 0.146663 0.831335
0.3883 0.6117 0
0.419471 0.580529 0
0.885369 0.114631 0
0.0369982 0.249027 0.713975
0.601365 0.0820283 0.316607
0.3413 0.0802583 0.578442
0.55638 0.44362 0
0.850998 0.149002 0
0.376394 0.269695 0.353911
0.190437 0.225499 0.584064
0.468152 0 0.531848
0.35591 0.64409 0
0.490478 0.243399 0.266122
0.0891163 0.910884 0
0.375603 0.126267 0.49813
1.94947e-06 0.0992727 0.900725
0.494476 0.505524 0
0.705826 0.294174 0
0.320707 0.679293 0
0.243237 0.756763 0
0.173769 0.826231 0
0.11718 0.202658 0.680162
0.117959 0.39029 0.491751
0.327538 0.224847 0.447614
0 0.75 0.25
1 0 0
