0.133054 0.118849 0.748097
0.241329 0.362522 0.396149
0.147555 0.591633 0.260812
0 0 1
0.143091 0.224769 0.63214
0.293985 0.244576 0.461439
6.37581e-06 0.404477 0.595517
3.93249e-05 0.64866 0.351301
0.160127 0.529135 0.310738
0 1 0
0.0825658 0.473963 0.443471
0.461354 0.159074 0.379572
0.593289 0.106029 0.300681
0.00374274 0.480881 0.515377
0.600646 0.399354 0
0.134729 0.00539283 0.859878
0.501778 0.06882 0.429402
0.963412 0.0365879 0
0.478657 0.271343 0.25
0.175771 0.157005 0.667224
0.799438 0.200562 0
0.17589 0.82411 0
0.133923 0.493425 0.372652
0.30532 0.375962 0.318718
0.425707 0.574293 0
0.293581 0.706419 0
0.0983424 0.320411 0.581247
0.163256 0.295371 0.541372
0.216248 0.455906 0.327847
0.0766015 0.209868 0.71353
0.389042 0.610958 0
0.284589 0.44599 0.26942
0.0545385 0.138916 0.806546
0.260913 0.00447025 0.734617
0.361995 0.241856 0.396149
0.593998 0.0264307 0.379572
1 0 0
0.305239 0.177782 0.51698
0 0.75 0.25
0.927637 0.0723627 0
0.000331778 0.576176 0.423493
0.0649595 0.935041 0
0.543716 0.456284 0
0.720935 0.279065 0
0.659881 0 0.340119
0.360405 0.389595 0.25
0.294583 0.313761 0.391656
0.0375762 0.692198 0.270225
0.0755876 0.2649 0.659513
0.641817 0.358183 0
0.330592 0.669408 0
0.572462 0.427538 0
0.110745 0.639255 0.25
0.543597 0.206403 0.25
0.508184 0.181078 0.310738
1.57611e-05 0.259977 0.740007
0.0605917 0.543259 0.396149
0.242765 0.507235 0.25
0.286925 0.108908 0.604167
0.104515 0.895485 0
0.494773 0.505227 0
0.439043 0.234836 0.326121
5.18775e-06 0.329107 0.670888
0.00139452 0.179173 0.819433
0.0321719 0.967828 0
0.353248 0.0942172 0.552535
0.488404 0 0.511596
0.216947 0.309024 0.474029
0.624306 0.123002 0.252692
0.237648 0.762352 0
0.145792 0.854208 0
0.204278 0.795722 0
0.0806097 0.591544 0.327847
0.144257 0.367439 0.488304
0.35901 0 0.64099
0.222894 0.190134 0.586972
0.08749 0.404703 0.507807
0.386799 0.14181 0.471391
0.75 0 0.25
0.190403 0 0.809597
0.760787 0.239213 0
0.184037 0.414146 0.401817
5.29408e-06 0.0873253 0.912669
0.421671 0.0143043 0.564025
0.434213 0.0595534 0.506233
0.835407 0.164593 0
0.354564 0.645436 0
0.216715 0.0861667 0.697118
0.68878 0.0369573 0.274262
0.53833 0 0.46167
0.095556 0.0853539 0.81909
0.464008 0.535992 0
0.313209 0.0478391 0.638951
0.685094 0.314906 0
0.417741 0.332259 0.25
0.878192 0.121808 0
0.529829 0.11076 0.359412
0.359962 0.307057 0.332981
0.253456 0.234386 0.512158
0.0834409 0.0105087 0.90605
