0 0 1
0.354459 0.645541 0
0.0246148 0.356241 0.619144
0.374971 0.0408101 0.584219
0.441709 0.558291 0
0.380928 0.0995548 0.519517
0.143152 0.856848 0
0.161704 0.106188 0.732108
0.525907 0.129938 0.344155
0.649773 0.350227 0
0.614612 0.385388 0
0.58104 0.41896 0
0.594602 0.155398 0.25
0.22609 0.440631 0.333279
0.125402 0.372651 0.501946
0.442852 0.25559 0.301559
0 0.75 0.25
0.342632 0.25458 0.402788
0.918455 0.0815451 0
0.0906467 0.575632 0.333721
0.376875 0.319517 0.303608
0.041195 0.958805 0
0.120977 0.20649 0.672533
0.269918 0.730082 0
0.617891 0.0703664 0.311743
0.316086 0.305024 0.378889
0.0638866 0.406016 0.530098
0.605195 0.00230394 0.392501
1 0 0
0.0034501 0.051714 0.944836
0.295877 0.134856 0.569266
0.511836 0.488164 0
0.0899763 0.111457 0.798567
0.273135 0.256519 0.470347
0.211143 0.28297 0.505888
0 0.439231 0.560769
0.526702 0.0618766 0.411422
0.684726 0.315274 0
0.000664222 0.153871 0.845465
0.387245 0.612755 0
0.08596 0.280895 0.633145
0.0689485 0.931051 0
0.00105096 0.320085 0.678864
0.878671 0.121329 0
0.101672 0.648328 0.25
0.470548 0.529452 0
0.665436 6.81283e-06 0.334557
0.037596 0.698598 0.263806
0.194824 0.379696 0.425481
0.226923 0.773077 0
0.258738 0.343825 0.397437
0.025408 0.262216 0.712376
0.833722 0.166278 0
0.103704 0.3246 0.571696
0.347624 0.180882 0.471494
0.413753 0.336247 0.25
0.195403 0 0.804597
0.422916 1.28005e-05 0.577071
0.229386 0.498951 0.271663
0.433362 0.145306 0.421332
0.240025 0.0645715 0.695404
0.348795 0 0.651205
0.529653 0 0.470347
0.160908 0.491851 0.347241
0.0296372 0.601349 0.369013
0.139101 0.583014 0.277885
0.269873 0 0.730127
0 1 0
0.200902 0.162275 0.636823
0.0738321 0.520204 0.405964
0.664988 0.0850116 0.25
0.18463 0.81537 0
0.193509 0.556491 0.25
0.104922 0.895078 0
0.30585 0.44415 0.25
0.459785 0.0687212 0.471494
0.75 0 0.25
0.103217 0.164675 0.732108
0.548513 0.451487 0
0.481383 0.0029967 0.51562
0 0.213681 0.786319
0.0349005 0.0858286 0.879271
0.724815 0.275185 0
0.314945 0.685055 0
0.166048 0.244257 0.589695
0.801877 0.198123 0
0.259553 0.20702 0.533427
0.0697885 0.00635187 0.92386
0.531546 0.218454 0.25
0.499331 0.181701 0.318968
0.273986 0.0743866 0.651627
0.0677096 0.477066 0.455224
0.138334 0 0.861666
0.401563 0.235501 0.362935
0.95998 0.0400202 0
0.761416 0.238584 0
0.145699 0.432968 0.421332
0 0.66423 0.33577
0.00181452 0.537072 0.461114
0.294074 0.400893 0.305032
