0.287506 0.712494 0
0 1 0
0.146645 0.149847 0.703507
0.285051 0.327508 0.38744
0.415069 0.15745 0.42748
0.390191 0.359804 0.250005
0.276369 0.404395 0.319236
7.66614e-21 0.75 0.25
0.663395 0.0865997 0.250005
0.144204 0 0.855796
0.0830088 0.287929 0.629062
0.119097 0.604521 0.276382
0.187078 0.0857207 0.727201
6.86409e-21 0.671533 0.328467
0.75 0 0.25
0.530152 0.183229 0.286619
0.874164 0.125836 0
0.700237 0.299763 0
0.160863 0.0351185 0.804019
0.0372435 0.962756 0
0.619774 0 0.380226
0.158973 0.406299 0.434728
0.266242 0.223835 0.509923
0.133329 0.206619 0.660052
0.742385 0.257615 0
0.650577 0.349423 0
0.847745 0.152255 0
0.476841 0.0407426 0.482417
0.940343 0.059657 0
0 0 1
0.0620878 0.0808272 0.857085
0.0624031 0.937597 0
0.239284 0.00361366 0.757102
0.122423 0.877577 0
0.0909112 0.909089 0
0.191648 0.185122 0.623231
0.455563 0.544437 0
0.549594 0 0.450406
0.102354 0.64764 0.250005
0.30362 0.115786 0.580594
0.765482 0.234518 0
0.612272 0.387728 0
0.0219897 0.269696 0.708315
0.158507 0.273804 0.567689
0.4964 0.13465 0.368949
0.233792 0.228634 0.537574
0.802624 0.197376 0
0.164995 0.492526 0.342479
0.0723811 0.492891 0.434728
0.00147346 0.223543 0.774984
0.155056 0.33711 0.507834
6.03551e-05 0.516091 0.483849
0.307067 0.258158 0.434775
0.0994273 0.534204 0.366369
0.452272 0.205324 0.342404
0.0868211 0.112988 0.800191
0.572682 0.427318 0
0.448507 5.70785e-08 0.551493
0.0336065 0.44015 0.526244
0.519329 0.230671 0.25
3.22651e-09 0.337766 0.662234
1 0 0
0.538834 0.461166 0
0.599965 0.15003 0.250005
0.221905 0.30864 0.469456
0.157838 0.842162 0
0.459247 0.290753 0.25
0.283033 0.00865189 0.708315
3.97847e-09 0.416485 0.583515
0.0648449 0.634193 0.300962
0.394413 0.239041 0.366545
0.112133 0.397532 0.490335
0.06234 0.357066 0.580594
0.254812 0.745188 0
0.201098 0.798902 0
0.332168 0.667832 0
0.373753 0.307389 0.318857
0.189936 0.560059 0.250005
0.378635 0 0.621365
0.520865 0.0808467 0.398288
0.230951 0.113997 0.655052
0.969244 0.0307557 0
0.599969 0.0761484 0.323883
0.0777672 0.194697 0.727536
0.238074 0.500515 0.26141
0.412312 0.587688 0
0.314622 0.0507675 0.634611
0.402919 0.0905063 0.506575
0.906652 0.093348 0
0.286165 0.162342 0.551493
0.700568 0.0128138 0.286619
6.04882e-21 0.591772 0.408228
0.344606 0.180693 0.474701
0.369849 0.630151 0
0.00867545 0.063088 0.928237
0.318233 0.431767 0.25
0.0951214 0 0.904879
6.42482e-09 0.150551 0.849449
0.215538 0.419094 0.365368
0.491221 0.508779 0
