0.915754 0.0842463 0
0.52662 0 0.47338
0.0970707 0 0.902929
0.14798 0.259426 0.592594
0.373251 0.193551 0.433198
0.70248 0.29752 0
0.0379751 0.962025 0
0.190192 0.809808 0
0.835386 0.164614 0
7.72996e-18 0.138917 0.861083
0.0408342 0.402586 0.55658
0.10343 0.89657 0
0.144428 0 0.855572
0.475211 0.243562 0.281227
0.367694 0.370629 0.261677
0.30936 0.0324409 0.658199
0.253606 0.368682 0.377711
0.145625 0.854375 0
0.138 0.167776 0.694225
0.21143 0 0.78857
0.628138 0.371862 0
0.130436 0.0823242 0.787239
0.282336 0.312996 0.404668
0.00171555 0.199644 0.79864
0.206165 0.44817 0.345666
0.18747 0.187587 0.624942
0.735895 0.264105 0
0.251402 0.492345 0.256253
0.770016 0.229984 0
0.3951 0.109554 0.495346
0.48065 0.51935 0
0.223737 0.141211 0.635052
0.75 0 0.25
0.661282 0.0887181 0.25
0.178358 0.375846 0.445795
0.456764 0.543236 0
0.690639 0.0274197 0.281941
8.19578e-06 0.554197 0.445795
1.81084e-18 0.48797 0.51203
0.284978 0.1694 0.545623
0.404557 0.261925 0.333517
0.447509 0.302252 0.250239
0.349895 0.330547 0.319558
0.0570405 0.0982915 0.844668
0.443915 0 0.556085
0.0609828 0.187571 0.751446
0.879565 0.120435 0
0.319637 0.0886292 0.591734
0.38108 0.61892 0
0.66428 0.33572 0
0.954423 0.0455766 0
0.463668 0.13965 0.396681
0.18899 0.549011 0.261999
0.233488 0.224968 0.541544
0.318984 0.431016 0.25
0.0683983 0.592903 0.338699
0.226213 0.773787 0
0.455154 0.0513594 0.493486
0.599058 0.0232304 0.377711
5.56442e-17 1 0
9.22372e-19 0.248554 0.751446
0.411628 0.588372 0
0.593609 0.144168 0.262223
0.0957722 0.246029 0.658199
0.178414 0.100551 0.721035
0.252257 0.0464661 0.701277
0.337895 0.662105 0
0.0167245 0.05501 0.928266
0.520009 0.0931258 0.386865
0.361369 0.233963 0.404668
0.293772 0 0.706228
2.14512e-17 0.385506 0.614494
0.107452 0.368064 0.524484
0.592926 0.407074 0
0.515463 0.484537 0
0.0938921 0.496061 0.410047
0 0.75 0.25
0.0866327 0.451124 0.462244
0.546276 0.203724 0.25
1 0 0
0.798515 0.201485 0
0.20562 0.300894 0.493486
0.505242 0.166421 0.328337
0.282937 0.393473 0.32359
0.267249 0.732751 0
0.0133104 0.313973 0.672717
0.295933 0.24195 0.462118
0.378746 0.00225656 0.618997
0.656137 0 0.343863
0.0800239 0.919976 0
0.579536 0.0917339 0.32873
7.58161e-17 9.15305e-17 1
0.55572 0.44428 0
0.138349 0.611651 0.25
0.153655 0.515503 0.330842
0.0583195 0.69168 0.25
0 0.672341 0.327659
0.0133153 0.59982 0.386865
0.0741792 0.318929 0.606892
0.297855 0.702145 0
