0.151738 0.524252 0.324009
0.0921614 0.361737 0.546101
0.0603944 0.689433 0.250173
0.36605 0.63395 0
0.116575 0.000329657 0.883095
0.380154 0.252049 0.367797
0.068309 0.931691 0
0 1 0
0.156363 0.330733 0.512904
1 0 0
0.192145 0.557855 0.25
0.905855 0.0941454 0
0.23905 1.24521e-05 0.760937
0.180886 0.00416733 0.814947
0.640054 0.359946 0
0.817473 0.182527 0
0.332618 0.391284 0.276098
0.0533095 0.448698 0.497993
0.177381 0.192233 0.630386
0.223145 0.308947 0.467908
0.214951 0.785049 0
0.181228 0.387285 0.431487
0.434324 0.565676 0
0.438266 4.71318e-09 0.561734
0.223623 0.472998 0.303379
0.578389 0 0.421611
0 0 1
0.403883 0.596117 0
0.000393112 0.322734 0.676873
0.503149 0.00455737 0.492294
0.225632 0.0865472 0.687821
0.0261757 0.361608 0.612216
6.55772e-08 0.220054 0.779945
0.401557 0.17966 0.418784
0.0131899 0.600768 0.386042
0.000726861 0.655342 0.343931
0.565488 0.049122 0.38539
0.682332 0.317668 0
0.599233 0.0786445 0.322123
0.167053 0.113035 0.719912
0.0143842 0.123102 0.862514
0.936398 0.0636021 0
0.792265 0.207735 0
0.75072 0.24928 0
0.608032 0.391968 0
0.960643 0.0393571 0
0.483297 0.19458 0.322123
0.538559 0.461441 0
0.0462568 0.626094 0.327649
0.546492 0.148028 0.305481
0.0998413 0.900159 0
0.30083 0.44917 0.25
0 0.75 0.25
0.874165 0.125835 0
0.191341 0.434171 0.374489
0.308204 0.245176 0.44662
0.0382388 0.270926 0.690835
0.035762 0.964238 0
0.35679 0.0597915 0.583418
0.615541 0.134251 0.250207
0.693228 0.0549783 0.251793
0.137997 0.862003 0
0.574525 0.425475 0
0.138286 0.611714 0.25
0.123161 0.216394 0.660445
0 0.524198 0.475802
0.345806 0.308864 0.345331
0.0920724 0.0878174 0.82011
0.264517 0.353219 0.382265
0.398188 0.351812 0.25
0 0.100815 0.899185
0.0426499 0.0129939 0.944356
0.305137 0.135287 0.559576
0.447695 0.288607 0.263699
0.516144 0.233856 0.25
0.327497 0.672503 0
0.4684 0.105928 0.425672
0.182277 0.817723 0
0.846226 0.153774 0
0.237186 0.157259 0.605555
0.11045 0.421642 0.467908
0.266803 0.224846 0.508351
0.3327 0 0.6673
0.75 0 0.25
0.28111 0.0471089 0.671781
0.506837 0.493163 0
0.0970047 0.290303 0.612693
0.290557 0.709443 0
0.397256 0.0898391 0.512904
0.476438 0.523562 0
0.713995 0.286005 0
0.059441 0.178285 0.762274
0.250354 0.749646 0
0.341568 0.166429 0.492003
0.141424 0.0587842 0.799791
0.0651602 0.557648 0.377192
0.662293 0.0019093 0.335797
0.192976 0.251809 0.555215
0.102434 0.502173 0.395393
0 0.4162 0.5838
