0.427176 0.200452 0.372372
0.123029 0.386471 0.490499
0 0 1
0.730353 0.269647 0
0.191891 0.808109 0
0.0960331 0.235437 0.66853
0.233907 0.766093 0
0.128019 0 0.871981
0.34466 0.218103 0.437237
1 0 0
0.622197 0.127802 0.250001
0 1 0
0.239627 0.0281663 0.732206
0.417005 0.332994 0.250001
0.855592 0.144408 0
0.927063 0.0729366 0
0.180365 0.309488 0.510147
0.526081 0 0.473919
0.0753745 0.924625 0
0.793946 0.206054 0
0.0251193 0.26955 0.70533
0.534381 0.0535104 0.412109
0 0.337908 0.662092
0.345595 0.654405 0
0.214569 0.367094 0.418337
0.347751 0.102817 0.549432
0.218427 5.59696e-14 0.781573
0.21752 0.0965702 0.68591
0.0691929 0.316692 0.614115
0.336061 0.413109 0.25083
0.392415 0.276585 0.331
0.530345 0.469655 0
0.0168909 0.388352 0.594757
0.219619 0.230065 0.550316
0.513736 0.166479 0.319785
0.00322789 0.0787941 0.917978
0.392392 0.144214 0.463394
0.169096 0.580903 0.250001
0.000114485 0.537808 0.462077
0.055715 0.4702 0.474085
0 0.648318 0.351682
0.269729 0.730271 0
0.496126 0.503874 0
0.560445 0.0875121 0.352043
0.465787 0.534213 0
0.0379643 0.962036 0
0.250129 0.397828 0.352043
0.427831 0.572169 0
0.249842 0.258825 0.491333
0.766121 0.233879 0
0.331713 0.0517962 0.616491
0.481809 0.125429 0.392762
0.162124 0.0320631 0.805813
0.689117 0.310883 0
0.0939933 0.079911 0.826096
0.152187 0.25586 0.591953
0.112572 0.887428 0
0.306752 0.315911 0.377337
0.625678 1.93444e-12 0.374322
0.426411 0 0.573589
0.0248968 0.691212 0.283891
0.305703 0.694297 0
0.149162 0.43873 0.412109
0.0968068 0.588139 0.315055
0 0.462737 0.537263
1.1732e-20 0.749999 0.250001
0.0546557 0.142047 0.803297
0.502041 0.24713 0.25083
0.105173 0.644826 0.250001
0.101568 0.342277 0.556155
0.567642 0.182357 0.250001
0.0708867 0.187955 0.741158
0.891048 0.108952 0
0.0500901 0.00136781 0.948542
0.00344631 0.227681 0.768872
0.249172 0.13258 0.618248
0.323027 8.95489e-08 0.676973
0.432891 0.0856125 0.481496
0.264777 0.445199 0.290024
0.691258 0.00213883 0.306603
0.061145 0.539374 0.399481
0.96376 0.0362401 0
0.355592 0.360517 0.283891
0.821827 0.178173 0
0.749999 0 0.250001
0.167154 0.184765 0.648081
0.388245 0.611755 0
0.570591 0.429409 1.11022e-16
0.118501 0.50074 0.380759
0.279267 0.287605 0.433127
4.52496e-07 0.168789 0.831211
0.659836 0.0574858 0.282678
0.226348 0.523651 0.250001
0.612171 0.387829 1.11022e-16
0.482186 0 0.517814
0.64743 0.35257 1.11022e-16
0.187786 0.486846 0.325368
0.295551 0.181855 0.522595
0.147736 0.117972 0.734292
0.153404 0.846596 0
