0.0935289 0.21181 0.694661
0.552367 0.106637 0.340996
5.55654e-17 1 0
0.665486 0.334514 0
1.42733e-06 0.668947 0.331052
0.801114 0.198886 0
0.0560394 0.155652 0.788309
0.726393 0.273607 0
0.536044 0.0417045 0.422252
0.319997 0.0834062 0.596597
0.25607 0.0664139 0.677516
0.18024 0.56976 0.25
0.42194 0.147036 0.431024
0.086713 0.000593333 0.912694
0.480961 0 0.519039
0 0.366776 0.633224
0.133635 0.12832 0.738045
0.597843 0.402157 0
0.278922 0.721078 0
0.108043 0.531272 0.360685
0.33475 0.41525 0.25
0.0965759 0.0651808 0.838243
0.00161864 0.287776 0.710606
0.603731 0.0634137 0.332856
0.390898 0.104107 0.504995
0.0829144 0.667086 0.25
0.127088 0.59465 0.278261
0.767004 0.232996 0
0.363996 0.36335 0.272654
0.402312 0.281804 0.315884
8.95858e-05 0.494916 0.504995
0.139886 0.401108 0.459006
0.269346 0.473554 0.257101
0.143941 0.351064 0.504995
0.197526 0.500512 0.301962
0.556905 0.169173 0.273921
0.219274 0.275731 0.504995
0.530334 0.469666 0
0.203305 0.796695 0
0.0170223 0.606367 0.376611
0.134563 0.228618 0.636819
0.49419 0.50581 0
0.167653 0.832347 0
0.416026 0.0154826 0.568492
0.244626 0.18821 0.567164
0.510905 0.239095 0.25
0.212575 0.435214 0.352211
0 0 1
0.957637 0.0423631 0
0.491823 0.145536 0.362641
0.350979 0.00221793 0.646804
0.152627 0.0590638 0.788309
5.18144e-07 0.242838 0.757161
0.372328 0.228921 0.398751
0.388411 0.611589 0
0.0784519 0.354483 0.567065
0.920645 0.0793554 0
0.0564351 0.634722 0.308843
0.447931 0.302069 0.25
0.00142624 0.439702 0.558872
0.608469 0.141531 0.25
0.307901 0.158516 0.533582
0.664929 0 0.335071
0.240628 0.759372 0
0.122028 0.877972 0
0.0632062 0.310798 0.625996
0.496889 0.0690726 0.434038
0.845769 0.154231 0
0.56675 0.43325 0
0.167552 0.25335 0.579098
0.687274 0.312726 0
0.1488 0 0.8512
0.210673 0.0271226 0.762205
0.348352 0.186662 0.464986
0.594248 0 0.405752
0.75 0 0.25
0.0377289 0.962271 0
0.317628 0.682372 0
0.0651003 0.449288 0.485611
0.884209 0.115791 0
0.296111 0.395046 0.308843
0.274473 0 0.725527
0.0816042 0.918396 0
0.426749 0.573251 0
0.347346 0.652654 0
0 0.75 0.25
1.55039e-05 0.135835 0.864149
0.629386 0.370614 0
0.457775 0.542225 0
0.243004 0.36327 0.393726
0.00271837 0.566008 0.431274
1 0 0
0.335952 0.32166 0.342388
0.00400405 0.0671709 0.928825
0.661534 0.064545 0.273921
0.45665 0.218193 0.325158
0.304316 0.262501 0.433183
0.222076 0.336697 0.441227
0.109639 0.464863 0.425498
0.201258 0.14006 0.658682
