0.622134 0.0708006 0.307065
1.6799e-19 0.516477 0.483523
0.257559 0.221345 0.521096
0.763428 0.236572 0
0.0829976 0.917002 0
2.03288e-20 0.75 0.25
0.330262 0.669738 0
0.647448 0.352552 0
5.55654e-17 1 0
0.275548 0.0725446 0.651908
0.455297 0.227002 0.317701
0.796247 0.203753 0
0.327135 0.368052 0.304813
1.23422e-10 0.671753 0.328247
0.478461 0.16515 0.356389
0 0 1
0.123102 0.525042 0.351856
0.249654 0.416346 0.333999
0.233622 0.516378 0.25
0.673804 0.326196 0
0.0419737 0.618319 0.339707
0.199167 0.113275 0.687558
0.0669568 0.683043 0.25
0.289033 0.31106 0.399907
0.111041 0.888959 0
0.107402 0.198579 0.694019
0.159072 0.240664 0.600264
0.156558 0.452166 0.391276
0.672977 0 0.327023
0.151298 0.598702 0.25
0.678932 0.0710681 0.25
0.546442 0.098363 0.355195
0.0881987 0.0594192 0.852382
0.394482 0.354063 0.251455
0.336089 0.159377 0.504533
0.470409 0 0.529591
0.0237145 0.252017 0.724268
0.911713 0.0882865 0
0.0652872 0.434842 0.499871
0.256291 0.743709 0
0.307252 0.247394 0.445353
0.00628578 0.602293 0.391421
0.57076 0.42924 0
0.837803 0.162197 0
8.29362e-21 0.305981 0.694019
0.14643 0.390289 0.463281
0.00385682 0.193618 0.802525
0.139203 3.36689e-05 0.860764
0.526344 0.473656 0
0.229827 0.0317983 0.738374
0.298673 0.00198964 0.699337
5.52503e-05 0.456402 0.543543
0.0650644 0.281659 0.653276
0.437373 0.116683 0.445944
0.127081 0.0841253 0.788794
0.234417 0.351478 0.414104
0.61077 0.38923 0
0.294566 0.705434 0
0.433341 0.566659 0
0.388863 0.197033 0.414104
0.103789 0.329612 0.566599
0.114239 0.586064 0.299698
0.508961 0.240273 0.250766
0.465043 0.534957 0
1 0 0
0.344112 2.74041e-07 0.655888
0.581514 8.36498e-05 0.418402
0.00464292 0.384684 0.610673
0.502639 0.0344362 0.462925
0.375975 0.624025 0
0.956266 0.0437338 0
0.048748 0.951252 0
0.398408 0.0865625 0.515029
0.728212 0.271788 0
0.406459 0.593541 0
0.306442 0.443558 0.25
4.71444e-06 0.102304 0.897691
0.0366878 0.540452 0.42286
0.0503786 0.166977 0.782645
0.0892416 0.473948 0.436811
0.399353 3.67283e-07 0.600647
0.224357 0.775643 0
0.151912 0.848088 0
0.187689 0.812311 0
0.291405 0.141459 0.567136
0.196199 0.496095 0.307706
0.447742 0.302258 0.25
0.173705 0.298738 0.527557
0.348264 0.0753359 0.576401
0.212955 0.31209 0.474955
0.368443 0.285334 0.346223
0.586837 0.163163 0.25
0.0454268 0.0156069 0.938966
0.874805 0.125195 0
0.201627 1.9602e-05 0.798353
0.230546 0.182957 0.586498
0.497266 0.502734 0
0.119683 0.141943 0.738374
0.75 0 0.25
0.702099 0.297901 0
