0.228174 0.520671 0.251155
0.403081 0.227438 0.369482
0.428115 0.163048 0.408837
0.444044 0.555956 0
5.55654e-17 1 0
0.324519 0.371733 0.303748
0.193538 0.806462 0
0.724191 0.275809 0
1.49661e-15 0.702652 0.297348
1 0 0
4.53378e-21 0.75 0.25
0.120483 0.879517 0
0.75 0 0.25
0.695747 0 0.304253
0.3894 0.108064 0.502537
0.186073 0.170383 0.643544
0.469912 0.530088 0
0 0 1
0.0784101 0.305327 0.616263
0.200399 0.31965 0.479952
1.37415e-17 0.247303 0.752697
0.102583 0.221334 0.676083
0.281061 0.0428556 0.676083
0.166166 0.24444 0.589394
0.926875 0.0731254 0
0.162655 0.457704 0.379641
8.34161e-19 0.295915 0.704085
0.0982176 0.00855935 0.893223
0.631462 0.368538 0
0.210385 0.380916 0.408699
0.337957 0.178927 0.483116
0.594979 0.405021 0
0.0308249 0.0365056 0.93267
0.555656 0.444344 0
0.0678435 0.10777 0.824387
0.15307 0.525365 0.321565
0.781597 0.218403 0
0.108743 0.591555 0.299702
0.0267388 0.973261 0
0.094415 0.490142 0.415443
9.48334e-18 0.17067 0.82933
0.295674 0.351812 0.352514
0.310177 0.439823 0.25
0.0159912 0.639499 0.34451
0.231581 0.0939276 0.674491
0.678295 0.321705 0
0.969039 0.0309607 0
0.282462 0.136764 0.580773
0.566721 0.183278 0.25
6.46094e-15 0.515879 0.484121
0.290138 0.709862 0
0.135242 0.398037 0.466721
0.249459 0.446793 0.303748
0.0819967 0.918003 0
0.156949 0.59305 0.25
0.00242419 0.102318 0.895258
5.44613e-15 0.434851 0.565149
0.758025 0.241975 0
0.458629 0.075925 0.465446
0.0421357 0.192887 0.764977
0.3366 0.0847061 0.578694
0.410701 0.589299 0
0.337564 0.289865 0.372571
0.0554769 0.944523 0
0.156401 0.843599 0
0.483711 0 0.516289
0.008866 0.357191 0.633943
0.0525462 0.562159 0.385295
0.529024 0.0411848 0.429791
0.0620552 0.416198 0.521747
0.509086 0.490914 0
0.426774 0.290019 0.283207
0.185681 0.0745697 0.739749
0.626109 0.123891 0.25
0.883264 0.116736 0
0.30731 0.246635 0.446055
0.249223 0.197324 0.553453
0.3962 0.352645 0.251155
0.333014 0.666986 0
0.226702 0.773298 0
0.609602 0 0.390398
0.591647 0.0886542 0.319699
0.251445 0.000326711 0.748228
0.255478 0.744522 0
0.367297 0 0.632703
0.112509 0.161434 0.726057
0.84278 0.15722 0
0.118095 0.343688 0.538217
0.810996 0.189004 0
0.371885 0.628115 0
0.681425 0.0684275 0.250148
0.181393 0.000366368 0.818241
0.516876 0.232659 0.250465
3.28558e-17 0.591301 0.408699
0.482627 0.193823 0.32355
0.220023 0.25823 0.521747
0.0834285 0.666571 0.25
0.1227 0.0924838 0.784816
0.512418 0.113855 0.373728
0.422792 0.0186749 0.558533
