0.09573 0.230813 0.673457
0.533534 0 0.466466
0 0 1
0.000427581 0.137965 0.861607
0.222108 0.105026 0.672866
0.379417 0.620583 5.10703e-15
0.000502534 0.329599 0.669898
0.0565395 0.309643 0.633818
0.33713 0.66287 0
0.45071 0.54929 2.79776e-14
0.249369 0.228709 0.521922
0.0809541 0.919046 2.22045e-16
0.420448 0.204817 0.374735
0.194978 0.805022 4.55191e-15
0.16834 0.334334 0.497326
0.623585 0.376415 0
0.720885 0.279115 0
0.161335 0.443612 0.395053
0.821364 0.178636 4.44089e-16
0.000128463 0.466888 0.532983
0.622226 0.126177 0.251596
0.0852177 0.496469 0.418313
8.03476e-21 0.663421 0.336579
0.0902521 0.33619 0.573558
0.0174085 0.245019 0.737573
0.22027 0.524998 0.254731
0.322659 0.321569 0.355772
0.953497 0.0465033 0
0.15951 0.84049 3.33067e-16
0.309396 0.12967 0.560934
0.415733 0.584267 8.54872e-15
0.000912705 0.59862 0.400467
0.120608 0.879392 3.33067e-16
0.221639 4.92335e-08 0.778361
0.156526 0.0842316 0.759242
0.373822 0.277272 0.348906
0.358629 0.0627048 0.578667
0.589768 0.00329334 0.406939
0.495284 0.504716 8.54872e-15
0.219479 0.320518 0.460004
6.46411e-21 0.533734 0.466266
0.209075 0.207797 0.583127
0.367933 0.349479 0.282588
0.495796 0.0812199 0.422984
0.683291 0.316709 0
0.426612 0.0499816 0.523406
0.263725 0.364898 0.371376
0.651159 0.093907 0.254934
0.75 0 0.25
9.08333e-21 0.75 0.25
0.573711 0.0774623 0.348827
5.5728e-17 1 0
0.0945875 0.0617546 0.843658
0.163308 0.39375 0.442942
0.749581 0.250419 0
0.0787392 0.121945 0.799316
0.333224 0.407138 0.259638
0.339467 0.201303 0.45923
0.149743 0.257393 0.592864
0.142346 0 0.857654
0.301491 0.698509 3.19744e-14
0.520981 0.178433 0.300586
0.476594 0 0.523406
0.402593 8.94295e-08 0.597407
0.105147 0.552803 0.34205
0.676793 0.0232602 0.299947
0.00232085 0.0650616 0.932618
0.405435 0.138859 0.455706
0.482134 0.259451 0.258415
0.651617 0.348383 0
0.276033 0.0550937 0.668873
0.0420724 0.957928 0
0.230871 0.769129 2.22045e-16
0.148715 0.601285 0.25
0.0523234 0.631551 0.316126
0.426204 0.323796 0.25
0.1922 0.49881 0.308991
0.639803 0 0.360197
0.250207 0.026031 0.723762
0.348715 6.24386e-09 0.651285
1 0 0
0.130405 0.167463 0.702132
0.582523 0.417477 2.22045e-16
0.0969978 0.392183 0.510819
0.0646737 0.456561 0.478765
0.256113 0.137128 0.606759
0.543672 0.206328 0.25
0.776624 0.223376 0
0.248383 0.423929 0.327689
0.490694 0.140438 0.368868
0.26543 0.73457 8.88178e-16
0.86229 0.13771 0
0.300989 0.254839 0.444171
2.38641e-21 0.197043 0.802957
0.274405 0.475595 0.25
0.0805323 0.000142511 0.919325
0.899457 0.100543 0
0.0604849 0.686665 0.25285
4.81752e-21 0.397777 0.602223
0.537265 0.462735 8.54872e-15
