0.423019 0.171865 0.405115
0.327751 0.672249 7.77156e-16
0.141321 0.858679 0
0.0936895 0.656311 0.25
0.731814 0.268186 1.11966e-12
0.047531 0.30559 0.646879
0.179688 0.570312 0.25
0.191839 0.449413 0.358748
0.110476 0.209386 0.680138
0.549599 0.183511 0.26689
0.929411 0.0705888 0
0.00223371 0.139377 0.85839
0.0156438 0.0574074 0.926949
0.0686106 0.931389 0
0.0788994 0.10163 0.81947
0.344974 0.404952 0.250074
0.186623 0.159717 0.65366
0.43954 0.56046 0
0.768963 0.231037 0
0 0 1
0.596977 0.0937441 0.309279
0.0950688 0.534066 0.370865
0.231025 0.0713349 0.69764
0.0398879 0.224077 0.736035
0.642757 0.357243 0
0.459677 0.0832326 0.45709
0.215504 0.784496 3.05866e-12
0.51344 0.158538 0.328023
0.222305 0.197096 0.5806
0.890779 0.109221 7.13873e-14
0.316769 0.277795 0.405437
5.7698e-07 0.196802 0.803198
0 1 0
0.62932 0.12068 0.25
0.127911 1.3221e-08 0.872089
0.555538 0.0747049 0.369757
0.217865 0.384312 0.397823
0.323319 0.118525 0.558156
0.359537 0.132544 0.507918
8.94203e-05 0.574487 0.425423
0.136022 0.450102 0.413876
0.189317 0.344704 0.465979
0.590477 0.000667318 0.408856
0.286355 0.463645 0.25
0.0450862 0.504114 0.450799
0.17454 0.82546 0
0.602835 0.397165 1.11022e-16
0.281887 0.000961729 0.717151
0.68686 0.0536386 0.259501
0.28537 0.0947511 0.619879
0.348832 0.194372 0.456796
0.466289 0.211799 0.321912
0.292321 0.707679 0
0.408215 0.341785 0.25
1.52011e-20 0.75 0.25
0.178382 0.102805 0.718813
1 0 0
0.075837 0.0263584 0.897805
0.397272 0.221363 0.381365
0.487514 0.512486 0
0.667052 0 0.332948
0.0736428 0.412276 0.514081
0.366436 0.633564 2.71305e-12
0.407991 0.592009 0
0.512414 0.0369869 0.450599
0.484135 0.110749 0.405115
0.131249 0.249623 0.619127
0.849702 0.150298 3.78719e-12
0.183791 0.511142 0.305067
0.682155 0.317845 2.24043e-13
0.105139 0.894861 5.18807e-13
0.0362098 0.96379 0
3.02593e-07 0.425244 0.574756
0.111531 0.57919 0.309279
0.558678 0.441322 0
0.265127 0.430057 0.304816
0.300923 0.348612 0.350465
0.162661 0.0558632 0.781475
0.0777079 0.334112 0.58818
0.100871 0.15172 0.747409
0.965741 0.0342592 1.74782e-12
0.811051 0.188949 2.13241e-12
0.412629 0.0354584 0.551913
7.53957e-05 0.484385 0.515539
1.39322e-20 0.687397 0.312603
0.152899 0.313611 0.53349
0.256775 0.743225 7.67164e-14
0.491796 0.258204 0.25
0.204412 0.274325 0.521263
0.398267 0.296917 0.304816
0.522887 0.477113 0
0.0224353 0.623397 0.354167
0.332409 0.0163038 0.651287
0.484379 3.03465e-10 0.515621
0.380873 2.38618e-10 0.619127
0.75 0 0.25
0.209559 2.16603e-08 0.790441
2.68485e-05 0.322231 0.677742
0.268582 0.227883 0.503535
0.256887 0.318783 0.42433
