0.303135 0.338714 0.358151
0.27502 0.72498 0
0.299288 0.19232 0.508392
0.441844 0.15394 0.404216
0.011285 0.343299 0.645416
0.629095 0.0397549 0.33115
0.568551 0.431449 0
0.163361 0.45624 0.380399
0.148125 0.29643 0.555444
7.51624e-05 0.562283 0.437642
0.90272 0.0972798 0
0.345136 0.654864 0
0.415395 0.334549 0.250056
0 0 1
0.0493491 0.0239491 0.926702
0.39268 0.255428 0.351892
0.00204352 0.0783407 0.919616
5.66147e-21 0.293364 0.706636
0.0771558 0.922844 0
0.461756 0.0772599 0.460984
0.000766778 0.498322 0.500912
0.75 0 0.25
0.169887 0.830113 0
0.116231 0.367305 0.516464
0.126345 0.0354739 0.838181
0.214952 0.136306 0.648742
0.5007 0.114924 0.384377
0.222245 0.0660983 0.711657
0.494497 0 0.505503
0.214002 0.512725 0.273273
0.284511 0.000186382 0.715302
0.169993 0.213998 0.616009
0.591583 0.00420072 0.404216
0.0711949 0.454466 0.474339
0.0666829 0.173385 0.759932
0.839347 0.160653 0
0.444464 0.555536 0
0.414888 0.585112 0
0.872066 0.127934 0
0.113341 0.565616 0.321043
0.288049 0.125823 0.586128
0.269215 0.0798098 0.650975
0.688993 0 0.311007
0.652416 0.347584 0
0.100532 0.00119492 0.898273
0.106656 0.264832 0.628512
0.370989 0.306553 0.322458
0.0366257 0.587378 0.375996
0.261427 0.413823 0.324751
5.59448e-17 1 0
0.611949 0.388051 0
0.938744 0.0612563 0
0.370864 0.108854 0.520282
0.247362 0.309179 0.443459
0.000985716 0.216406 0.782608
0.0612583 0.373048 0.565694
0.0911922 0.504591 0.404216
0.108327 0.634988 0.256685
0.240377 0.759623 0
0.340683 0.38067 0.278647
0.343297 0.245141 0.411562
0.0409919 0.959008 0
0.511876 0.488124 0
0.806769 0.193231 0
0.201085 0.270193 0.528721
0.117046 0.882954 0
0.381398 0.618602 0
0.313188 0.686812 0
0.349468 0.0628019 0.58773
0.339242 4.28335e-05 0.660715
0.373904 0.191751 0.434344
0.771056 0.228944 0
0.231319 0.203183 0.565498
0.16845 0.581494 0.250056
0.0395659 0.245132 0.715302
0.0275991 0.134219 0.838181
0.295553 0.454391 0.250056
0.203197 0.000107802 0.796695
0.563958 0.179116 0.256926
1.44738e-20 0.75 0.25
0.0559478 0.693996 0.250056
0.480636 0.195908 0.323456
0.496531 0.253469 0.25
0.207587 0.792413 0
0.474075 0.525925 0
0.97023 0.0297703 0
0.104528 0.112864 0.782608
0.197849 0.386932 0.415219
0.518398 0.0256246 0.455978
1 0 0
0.687116 0.312884 0
0.000504798 0.668345 0.33115
1.90679e-17 0.405699 0.594301
0.733934 0.266066 0
0.120863 0.161217 0.71792
0.426816 0.000226439 0.572958
0.64434 0.105604 0.250056
0.544006 0.455994 0
0.181272 0.32934 0.489388
0.576968 0.0945619 0.32847
