0.0705749 0.374404 0.555021
0.135331 0.596471 0.268199
0.149073 0.532432 0.318495
0.714916 0.285084 0
0 0.75 0.25
0.20118 0.106964 0.691856
2.78801e-05 0.168997 0.830975
0.0810471 0.668953 0.25
0.0502372 0.28776 0.662003
0.814409 0.185591 0
0.253447 0.0391488 0.707404
8.38265e-05 0.508121 0.491795
0.60339 0.0932165 0.303393
0.519876 0.172933 0.307191
0.141843 0.166301 0.691856
0.103814 0.896186 0
0.87924 0.12076 0
0.784974 0.215026 0
0.560395 0.439605 0
0.0604136 0.113726 0.82586
0.527076 0.472924 0
0.747142 0.253187 6.90016e-05
0.616338 0.383662 0
0.493902 0.506098 0
4.06235e-05 0.241369 0.75859
0.644318 0.105682 0.25
0.75 0 0.25
0.22286 0.463321 0.313818
0.206613 0.543387 0.25
0.540038 0.0123936 0.447569
0.193742 0.806258 0
0.419104 0.312243 0.268652
0.487616 0.262384 0.25
0.188173 0.365248 0.446579
0.152878 0.479746 0.367376
0.213105 0.149466 0.637429
0.0680957 0.931904 0
0.248098 0.20305 0.548852
0.592709 0.407291 0
0.238247 0.761753 0
0.369711 0.251621 0.378668
0.38776 0.014967 0.597273
0.214974 4.8161e-05 0.784978
0.427754 0.572246 0
0.211187 0.276588 0.512225
0.338684 0 0.661316
0.392744 0.607256 0
0.677572 0.322428 0
0.26736 0.307031 0.425609
0.490958 0.0914864 0.417555
0.00519535 0.0562385 0.938566
0.0998045 0.435287 0.464908
0.267104 0.482896 0.25
2.35005e-05 0.336273 0.663703
0.143775 0.0793565 0.776868
0.357188 0.179579 0.463233
0.60868 4.30141e-05 0.391277
0.42053 0.155323 0.424147
0.388397 0.0709174 0.540685
0.390286 0.115944 0.49377
0.233117 0.399132 0.367751
0.134412 0.00865993 0.856928
0 0 1
0.0839785 0.564083 0.351939
0.0667575 0.149621 0.783622
0.0483822 0.46628 0.485338
0.148224 0.346759 0.505017
6.94493e-05 0.420973 0.578958
0.575286 0.174714 0.25
0.000111905 0.664899 0.334989
5.67727e-17 1 0
0.0663283 0.515785 0.417886
0.314051 0.685949 0
0.46169 0.53831 0
0.0723538 0.207915 0.719731
0.300079 0.126796 0.573125
0.000921277 0.596645 0.402434
0.322119 0.330374 0.347507
0.561461 0.075207 0.363332
0.0574652 0.329162 0.613373
0.0361288 0.963871 0
0.964751 0.0352485 0
0.346926 0.653074 0
1 0 0
0.923469 0.0765313 0
0.296313 0.230689 0.472998
0.437616 0.220015 0.342369
0.84334 0.15666 0
0.481914 0.021146 0.49694
0.645979 0.354021 0
0.272758 0.727242 0
0.0947634 1.63624e-05 0.90522
0.139938 0.238663 0.621398
0.366255 0.383745 0.25
0.454991 0.000101933 0.544907
0.144669 0.855331 0
0.663245 0.0244519 0.312303
0.00165201 0.0998116 0.898536
0.310095 0.0934877 0.596417
0.31847 0.421549 0.259981
