0.215359 0.391834 0.392806
0.349832 0.400168 0.25
0.0287525 0.971247 0
0.34497 0.65503 0
0.674382 0.00790603 0.317712
0.735119 0.264881 0
0.0843695 0.51467 0.40096
0.314687 0.241823 0.44349
0.26784 0.209336 0.522824
0.0829981 0.295523 0.621479
0.609514 0 0.390486
0.427575 0.572425 0
0.691887 0.308113 0
0.00227108 0.658682 0.339047
0.163637 0.836363 0
0.393072 0.0771075 0.529821
0.231881 0.768119 0
0.75 0 0.25
0.121777 0.878223 0
0.303184 0 0.696816
0.305282 0.694718 0
0.617879 0.382121 0
0.656596 0.343404 0
0.367448 0.287226 0.345327
0.510703 0.0994858 0.389812
0.474614 0.275386 0.25
0.400579 0.599421 0
0.00576338 0.474365 0.519872
0.692553 0.0552976 0.252149
0.13536 0.468211 0.39643
0.367981 0.632019 0
0.544738 0.00923313 0.446028
0.249102 0.447235 0.303663
0.38845 0.221623 0.389926
7.57347e-05 0.169616 0.830308
0.128407 0.621593 0.25
0.303821 0.129291 0.566888
0.112929 0.225874 0.661197
0.491115 0 0.508885
0.491089 0.149201 0.359711
7.95228e-05 0.531856 0.468065
0.0835055 0.192119 0.724375
0.215892 0.0779064 0.706202
0.578724 0.421276 0
0.216218 0.290269 0.493514
0.0672995 0.00527824 0.927422
0.237719 0.179755 0.582525
0.29711 0.0608213 0.642069
0.00151004 0.247259 0.751231
0.0809362 0.372832 0.546232
0.116595 0.564415 0.31899
1.91192e-05 0.582798 0.417183
0.124028 0.325984 0.549988
0.564489 0.118479 0.317031
0.103507 0.0371918 0.859301
0.194491 0.805509 0
0.082877 0.442444 0.474679
0.367232 0.029322 0.603446
0.890647 0.109353 0
0.617296 0.132704 0.25
0 0.396773 0.603227
0.0573988 0.611615 0.330986
0.415273 0.334727 0.25
1.82294e-20 0.75 0.25
0.180464 0.484788 0.334748
0.2397 0.0165872 0.743712
0.52282 0.47718 0
0 0 1
0.547642 0.198401 0.253957
0.168435 0.24904 0.582525
0.263446 0.736554 0
0.817216 0.182784 0
0.475454 0.524546 0
0.177642 0.150414 0.671944
0.439809 0 0.560191
0 1 0
0.180221 0.000918178 0.818861
1 0 0
0.468675 0.0666527 0.464672
0.318159 0.352233 0.329608
0.136861 0.101964 0.761175
0.0678618 0.682138 0.25
0.776556 0.223444 0
0.461907 0.209457 0.328636
0 0.330435 0.669565
0.208961 0.541039 0.25
0.153755 0.368009 0.478236
0.960387 0.0396135 0
0.854968 0.145032 0
0.266441 0.47989 0.253668
0.286841 0.298632 0.414527
2.20204e-21 0.0905968 0.909403
0.625512 0.0638015 0.310687
0.925249 0.0747515 0
0.562839 0.437161 0
0.0919434 0.908057 0
0.346235 0.162079 0.491686
0.0571286 0.942871 0
0.0502283 0.138411 0.81136
0.412337 0.148795 0.438868
