0.227588 0.772412 0
0.19718 0.230868 0.571952
0.000209849 0.0666544 0.933136
0.501628 0.248372 0.25
0.842899 0.157101 0
0.11578 0.88422 0
0.254518 0 0.745482
0.463956 0.0596942 0.47635
0.416947 0.583053 0
0.178996 0.0675535 0.753451
1.43684e-20 0.64081 0.35919
0.463767 0.241362 0.294871
0.560666 0 0.439334
0.885107 0.114893 0
0.26332 0.73668 0
1.68167e-20 0.75 0.25
0.188792 0.811208 0
0.801136 0.198864 0
0.306242 0.693758 0
0.225469 0.390453 0.384078
0.151697 0.848303 0
0.0763401 0.0865525 0.837107
0.342057 0.407943 0.25
0.139877 0.209853 0.65027
0.0980737 0.0227566 0.87917
0.610828 0.134146 0.255026
0.468762 0 0.531238
0.523745 0.0576773 0.418578
0.0367259 0.963274 0
0.542312 0.457688 0
0.0786526 0.220044 0.701304
0.077246 0.424682 0.498072
0.0376321 0.707445 0.254923
0 0 1
0.3682 0.189326 0.442473
0.539775 0.206606 0.25362
0.691074 0.00346113 0.305465
0.18196 0.56804 0.25
0.592068 0.407932 0
0.373314 0.267495 0.35919
0.668671 0.331329 0
0.172325 0 0.827675
0.166396 0.449526 0.384078
0.109082 0.640918 0.25
0.000447041 0.141994 0.857559
0.423301 0.326698 0.25
0.05493 0.35568 0.58939
0.92721 0.0727898 0
0.220076 0.163126 0.616798
0.28665 0.190308 0.523042
0.6267 0 0.3733
0.429568 0.175911 0.394521
0.0942741 0.563081 0.342645
0.969681 0.0303188 0
0.19123 0.111836 0.696934
0.70304 0.29696 0
0.224305 0.453315 0.32238
0.158607 0.401438 0.439956
0.604777 0.0747767 0.320447
0.76272 0.23728 0
0.108568 0.451476 0.439956
0.356637 0.0640342 0.579329
0.390277 0.104858 0.504865
0.0274551 0.305814 0.666731
0.176603 0.514911 0.308485
0.453223 0.546777 0
0.124862 0.277128 0.59801
0.277053 0.274277 0.44867
0.00132053 0.419442 0.579238
0.312104 0.364222 0.323674
0.734899 0.265101 0
0.325427 0 0.674573
0.313675 0.123127 0.563198
0.127994 0.343577 0.52843
0.000854521 0.55919 0.439956
0.304502 0.299822 0.395676
0.631616 0.368384 0
0.673136 0.0768643 0.25
0.0953087 0.157974 0.746717
0.341863 0.658137 0
7.6787e-21 0.342459 0.657541
0.41525 0.00569131 0.579059
5.58364e-17 1 0
1.11721e-20 0.498261 0.501739
1 0 0
0.0733477 0 0.926652
0.37799 0.62201 0
0.502868 0.497132 0
0.200732 0.328947 0.470321
0.273322 0.476678 0.25
0.75 0 0.25
0.232264 0.25909 0.508645
0.0767664 0.923234 0
0.0788681 0.510683 0.410449
0.111579 0.107639 0.780783
0.0112701 0.255466 0.733264
0.529156 0.141306 0.329537
4.91535e-21 0.219217 0.780783
0.268594 0.0811365 0.65027
0.497152 0.123407 0.379441
