0.459854 0.206032 0.334114
0.11271 0.88729 0
0.0422538 0.957746 0
0 0 1
0.154796 0.845204 0
0.400065 0.123049 0.476886
0.442854 0.307145 0.250001
0.628549 0.371451 5.18308e-11
0.665638 0.0023307 0.332031
0.49962 0.13049 0.369889
0.127833 0.0374708 0.834697
0.31977 0.0226623 0.657568
0.510139 1.4011e-09 0.489861
0.137683 0.453628 0.408689
0.20702 0.395384 0.397596
0.825616 0.174384 0
0.272649 0.727351 0
0.370146 0.351414 0.27844
0.16359 0.35637 0.48004
0.347401 0.106194 0.546405
8.25408e-06 0.122278 0.877714
0.00966548 0.175644 0.814691
0.12019 0.578585 0.301225
0.385672 2.30025e-08 0.614328
0.002433 0.591257 0.40631
0.598121 0.401879 2.9855e-12
0.744492 0.255508 0
0.565426 0.434574 0
0.284305 0.16136 0.554335
0.181197 0.568803 0.250001
0.415234 0.270804 0.313962
0.0476197 0.308437 0.643944
0.09154 0.408923 0.499537
0 1 0
1.48451e-05 0.219918 0.780067
0.076033 0.19398 0.729987
0.599901 0.0993305 0.300769
0.602044 0.147955 0.250001
0.337707 0.182151 0.480141
0.251163 0.419719 0.329119
0.5303 0.168932 0.300769
0.338336 0.309383 0.352281
0.175088 0.088532 0.73638
0.0295397 0.406139 0.564321
0.780619 0.219381 0
0.271636 0.341619 0.386745
0.240636 0.051265 0.708099
0.194492 0.479164 0.326344
0.239568 0.760432 0
0.413984 0.586016 0
0.511018 0.238982 0.250001
0.913874 0.0861263 0
0.57778 0.0666755 0.355544
0.457197 0.542803 0
0.749999 0 0.250001
0.956195 0.0438048 0
0.254837 0.495162 0.250001
0.000912096 0.291108 0.70798
0.687735 0.0610293 0.251236
0.309053 0.690947 0
0.297669 0.0871058 0.615225
0.0998664 1.01039e-12 0.900134
0.25151 1.0683e-09 0.74849
0.0966429 0.339036 0.564321
0.485612 0.514388 0
0.344329 0.655671 0
0.18436 0.221066 0.594574
0.20003 0.79997 0
0.0229453 0.687229 0.289826
0.151737 0.168351 0.679912
0.150351 0.308438 0.54121
0 0.651481 0.348519
0.702665 0.297335 0
0.0130632 0.0334613 0.953475
0.418493 0.18253 0.398977
0.527097 0.472903 0
0.586759 1.51859e-08 0.413241
0.188187 0.0133369 0.798476
0.427368 0.0314219 0.54121
0.252734 0.230086 0.517181
0.870854 0.129146 0
1.68394e-20 0.749999 0.250001
1.10545e-20 0.49235 0.50765
0.0308012 0.536534 0.432665
0.0494805 0.0692599 0.88126
0.0775387 0.46973 0.452731
0.325398 0.248031 0.426571
0.117125 0.256024 0.626851
0.317878 0.432121 0.250001
0.0900585 0.126059 0.783883
0.0756731 0.924327 3.73385e-11
0.222093 0.131191 0.646716
0.240894 0.294235 0.464871
0.473501 0.0763557 0.450143
0.113923 0.636076 0.250001
1 0 0
0.666921 0.333079 0
0.00115177 0.367601 0.631247
0.0863433 0.559449 0.354208
0.384878 0.615122 0
