0.208517 0.791483 0
0.485531 0.00478045 0.509688
0.311181 0.212635 0.476184
0.194462 0.159807 0.645731
1 0 0
0.0774998 0.287624 0.634876
0.885197 0.114803 0
0.325076 0.424924 0.25
0.50951 0.49049 0
0.488108 0.113017 0.398875
0.168234 0.232925 0.598841
0.0451705 0.114218 0.840612
0.257541 0.175839 0.56662
0.155393 0.000800637 0.843807
0.138264 0.42674 0.434996
0.0379333 0.962067 0
0.163013 0.084416 0.752571
0.621261 0.0613856 0.317353
0.75 0 0.25
0.300614 0.294821 0.404565
0.439902 0.233975 0.326123
0.370392 0.150871 0.478737
0.722855 0.277145 0
0.631049 2.73563e-10 0.368951
0.362725 0.0420118 0.595264
0 0 1
0.447884 0.0759318 0.476184
0.916078 0.0839215 0
0.000402508 0.307542 0.692056
0 0.38028 0.61972
0.0723946 0.400666 0.526939
0.502963 0.224772 0.272265
0.0890627 0.126401 0.784536
0.220614 0.333192 0.446194
0.44314 0.30686 0.25
0.242924 0.757076 0
0.313492 0.686508 0
0.4289 2.1825e-05 0.571078
0 0.188254 0.811746
0.190129 0.483345 0.326526
0.189713 0.549421 0.260865
0.481161 0.518839 0
0.373117 0.344453 0.28243
0.799234 0.200766 0
0 1 0
0.163909 0.836091 0
0.279382 1.21551e-05 0.720606
0.698815 0.0139148 0.287271
0.849349 0.150651 0
2.48475e-21 0.511877 0.488123
0.222966 0.409069 0.367965
0.615669 0.384331 0
0.552626 0.447374 0
0.194891 0.294342 0.510768
0.282971 0.38896 0.32807
0.330872 0.120234 0.548895
0.410771 0.589229 0
0.236573 0.230195 0.533232
0.56239 0.000372931 0.437237
0.344594 0.655406 0
0.0921024 0.503927 0.403971
0.138391 0.169554 0.692056
0.0630116 0.234813 0.702175
0.0566374 2.66767e-05 0.943336
0.52132 0.152154 0.326526
0.345861 0.00853927 0.6456
0.954256 0.045744 0
4.84674e-05 0.0832917 0.91666
0.0578636 0.691093 0.251044
0.364609 0.290145 0.345246
0.375155 0.224047 0.400798
0.106341 0.327868 0.565791
0.134416 0.865584 0
0.0944985 0.0417871 0.863714
0.259664 0.490336 0.25
0.00875252 0.573471 0.417777
0.29258 0.074882 0.632538
0.652366 0.347634 0
0.762436 0.237564 0
0.00675666 0.442701 0.550542
0.126818 0.623182 0.25
0.074107 0.614509 0.311384
0.123766 0.558881 0.317353
0.280285 0.719715 0
0.683984 0.316016 0
0.20824 0.013354 0.778406
0.586362 0.413638 0
0.589567 0.158515 0.251918
0.376026 0.623974 0
0.235231 0.0645837 0.700185
0.00469658 0.242733 0.752571
0.449819 0.550181 0
0.651005 0.0989945 0.25
0.556609 0.0754252 0.367965
0 0.65248 0.34752
0.435552 0.176807 0.387641
0.102812 0.897188 0
0.149136 0.369125 0.481739
0.0661201 0.93388 0
3.64065e-21 0.75 0.25
