0.361798 0.111276 0.526925
0.272201 0.292342 0.435457
0.396511 0.158487 0.445002
0 0.488922 0.511078
0.159808 0.129567 0.710625
0.220203 0.239679 0.540117
0.0773749 0.3066 0.616025
0.266094 0.402772 0.331134
0.284015 0.465985 0.25
0 0 1
0 0.75 0.25
0.0865995 0.00519615 0.908204
0.00663136 0.0851643 0.908204
0.318923 0.681077 0
0.457144 0.542856 0
0.348976 0.25763 0.393394
0.151052 0.264237 0.584711
1 0 0
0.785159 0.214841 0
0.0762456 0.511203 0.412551
0.184212 0.0615467 0.754242
0.674128 0.075872 0.25
0.124147 0.625853 0.25
0.135081 0.415884 0.449034
0.227889 0.46887 0.303241
1.03434e-05 0.402106 0.597884
0.895036 0.104964 0
0.806548 0.193452 0
0.149675 0.571513 0.278812
0.147955 0.486952 0.365093
0.854718 0.145282 0
0.368261 0.307235 0.324503
0.493423 0.506577 0
0.142495 0.857505 0
0.745118 0.254882 0
0.184357 0.815643 0
0.562202 0.116822 0.320975
0.128775 0.213911 0.657314
0.678072 0.321928 0
0.417427 0.0215148 0.561058
0.56936 0.43064 0
0.217216 0.378155 0.404629
0.0137571 0.624646 0.361596
0.379233 0.00386326 0.616904
0.439042 0.253034 0.307924
0.75 0 0.25
0.211302 0.162761 0.625938
0.0488615 0.951139 0
0.000560542 0.270224 0.729215
0.643346 0.356654 0
0.0813595 0.918641 0
0.960785 0.0392146 0
0.0862091 0.368338 0.545453
0.0624185 0.229571 0.708011
0.0144411 0.204475 0.781084
0.711559 0.288441 0
0.29155 0.342624 0.365827
0.0529514 0.681622 0.265427
0.266684 0.0629492 0.670367
0.61464 0.13536 0.25
0.173869 0.327236 0.498894
0.491604 0.129447 0.378949
0.151909 1.50956e-06 0.84809
0 0.6728 0.3272
0.454056 0.295944 0.25
0.447718 0.102861 0.449421
0.606363 0.393637 0
0.0855502 0.0896021 0.824848
0.250657 0.749343 0
0.21715 0.78285 0
0.322044 0.185605 0.492351
0.491466 4.88384e-06 0.508529
0.677311 0 0.322689
0 0.143415 0.856585
0.922955 0.0770453 0
0.070406 0.59569 0.333904
0.271789 0.145895 0.582316
0.515176 0.0639983 0.420825
1.4391e-05 0.559463 0.440523
0.0665483 0.463854 0.469598
0.024672 0.0385526 0.936775
0.538415 0.461585 0
0.0887586 0.141184 0.770058
0.221812 0.528188 0.25
0.235824 0 0.764176
0.38827 0.61173 0
1.33529e-05 0.330396 0.66959
0.420644 0.21253 0.366826
0.594939 0.0481384 0.356923
0.109626 0.890374 0
0.325622 0.0682306 0.606148
0 1 0
0.528461 0.211228 0.260311
0.349701 0.650299 0
0.322037 0 0.677963
0.399095 0.350905 0.25
0.422564 0.577436 0
0.287146 0.712854 0
0.33083 0.407943 0.261227
0.595537 0 0.404463
