0.796805 0.203195 0
0.554215 0.00964452 0.436141
0.00104835 0.214163 0.784788
0.443075 1.51949e-06 0.556924
0.681868 0.318132 0
0.0338053 0.966195 0
0.366401 0.633599 0
0.270212 0.729788 0
0.233463 0.766537 0
0.095076 0.00760831 0.897316
0.154551 0.165663 0.679786
0.176514 0.257483 0.566004
0.12345 0.62655 0.25
0.39241 0.0997834 0.507807
0.668091 0.0819092 0.25
0.000405178 0.288768 0.710827
5.5623e-17 1 0
0.523924 0.476076 0
0.87625 0.12375 0
0.23894 0.28098 0.48008
0.490286 0.181866 0.327848
0.920403 0.0795967 0
0.226208 0.356796 0.416996
0.343434 0.323255 0.333312
0 0 1
0.48512 0.51488 0
0.0751004 0.3978 0.5271
5.11444e-21 0.75 0.25
0.392863 0.357137 0.25
4.33546e-21 0.635767 0.364233
0.626161 0.1051 0.26874
0.137569 0.336837 0.525594
0.0654034 0.934597 0
0.172789 0.498817 0.328394
0.152748 0.585659 0.261593
0.239257 0.413736 0.347007
7.00637e-18 0.482144 0.517856
0.0550178 0.245766 0.699216
0.34076 0.65924 0
0.0769853 0.590837 0.332178
0.4431 0.3069 0.25
0.0310255 0.51095 0.458024
0.574774 0.175226 0.25
0.525315 0.0876364 0.387048
0.0173503 0.321229 0.661421
0.385426 0.18462 0.429953
0.281149 0.0836441 0.635207
0.0212658 0.669799 0.308935
0.446588 0.140788 0.412624
0.343472 0.076869 0.579659
2.68093e-21 0.393141 0.606859
0.197181 6.47613e-08 0.802818
0.155967 0.396029 0.448004
0.324918 0.219281 0.455801
0.123041 0.464739 0.41222
0.566715 0.433285 0
0.718695 0.281305 0
1.10616e-21 0.162211 0.837789
0.140912 0.226791 0.632297
0.35965 0.0203613 0.619988
0.150568 4.94518e-08 0.849432
0.254379 0.200598 0.545023
0.312056 3.07661e-09 0.687944
0.0480788 0.0990091 0.852912
0.367628 0.247625 0.384748
0.486468 1.6683e-06 0.51353
0.757052 0.242948 0
0.085822 0.180866 0.733312
0.236338 0.151958 0.611703
0.137508 0.063854 0.798638
1 0 0
0.952436 0.0475644 0
0.627693 0 0.372307
0.683825 0.0237991 0.292376
0.109726 0.123292 0.766982
0.402908 0.597092 0
0.0898417 0.545926 0.364233
0.304103 0.695897 0
0.60638 0.39362 0
0.303819 0.151158 0.545023
0.00449647 0.582095 0.413408
0.213618 0.0384708 0.747911
0.559818 0.119024 0.321158
0.485138 0.0849086 0.429953
0.643072 0.356928 0
0.420481 0.230746 0.348773
0.000438966 0.0716659 0.927895
0.75 0 0.25
0.286342 0.306079 0.407578
0.150677 0.849323 0
0.0898942 0.290556 0.61955
0.197652 0.0980891 0.704259
0.102526 0.897474 0
0.0637465 0.683211 0.253042
0.842242 0.157758 0
0.240241 0.509759 0.25
0.193791 0.806209 0
0.30144 0.432202 0.266358
0.507583 0.230825 0.261593
0.446644 0.553356 0
