0.685285 0.314715 0
0.167685 0.0921828 0.740132
0.228764 0.771236 0
0.560662 0.439338 0
0.763272 0.236728 0
0.461244 0.101171 0.437585
0.376092 0.623908 0
0.0776924 0.553167 0.36914
0.190885 0.294265 0.51485
0.254222 0.265787 0.479991
0.598833 0.401167 0
0.16894 3.27777e-10 0.83106
0.335486 0 0.664514
0.188599 0.811401 0
0.160527 0.411445 0.428028
0.642482 0.107518 0.25
0.0408992 0.360731 0.59837
0.0985931 0.483278 0.418129
0.066523 0.683477 0.25
0.406775 0.593225 0
0.48155 0.51845 0
0.479553 0.270445 0.250002
1.37747e-20 0.667416 0.332584
0.931824 0.0681758 0
0.0965091 0.0515172 0.851974
0.52976 0.17902 0.29122
0.207354 0.219946 0.572701
0.0344037 0.965596 0
0.268536 0.480183 0.25128
0.315502 0.184222 0.500276
0.592603 0.104613 0.302784
0.000274038 0.468373 0.531353
0.300239 0.0789951 0.620765
0.0979383 0.281296 0.620765
0.717743 0.282257 0
0.209787 0.0206 0.769613
0.492877 0.01391 0.493213
0.253835 0.0628226 0.683342
5.56738e-17 1 0
0.226893 0.429798 0.343309
0.192916 0.557083 0.25
0.669826 0 0.330174
1.76094e-17 0.316297 0.683703
0.273944 9.00614e-06 0.726047
0.900069 0.0999315 0
0.441856 0.558144 0
0.093159 0.906841 0
0.400234 0.000192888 0.599573
0.963879 0.0361206 0
0.140975 0.217325 0.6417
0.694481 0.0508109 0.254708
0.194051 0.476921 0.329028
0.316929 0.110371 0.572701
0.534939 0.0584808 0.40658
1.2206e-20 0.591408 0.408592
0.0914875 5.71699e-05 0.908455
0.0669859 0.933014 0
0.0854271 0.619311 0.295262
0.441985 0.0386569 0.519358
0.158954 0.841046 0
0.559129 0.190871 0.25
9.29821e-21 8.99295e-21 1
0.0112906 0.219773 0.768936
0.207348 0.373642 0.41901
0.180459 0.154963 0.664577
0.344382 0.405616 0.250002
0.0662057 0.242023 0.691771
0.639694 0.360306 0
2.23603e-17 0.40163 0.59837
0.123153 0.876847 0
1.54791e-20 0.75 0.25
0.26487 0.73513 0
0.277748 0.315672 0.40658
0.39225 0.183326 0.424425
0.869471 0.130529 0
0.301429 0.698571 0
0.026465 0.506097 0.467438
0.000406293 0.14797 0.851624
0.34256 0.65744 0
0.135183 0.331809 0.533008
0.0816083 0.400023 0.518369
0.00842383 0.059311 0.932265
0.440258 0.204829 0.354912
0.494287 0.123943 0.381769
0.0799719 0.107836 0.812192
0.60719 0.0390742 0.353736
0.521312 0.478688 0
0.372353 0.303896 0.32375
0.349789 0.259396 0.390816
0.75 0 0.25
0.115061 0.123878 0.761062
0.253522 0.142044 0.604435
0.393874 0.108351 0.497775
0.838309 0.161691 0
0.133714 0.605469 0.260817
0.415846 0.332874 0.25128
1 0 0
0.571447 0.00106922 0.427483
0.306531 0.370953 0.322515
0.797475 0.202525 0
