0.846191 0.153809 0
0.271794 0.138994 0.589212
0.243206 0.220912 0.535882
0.324868 0.675132 0
0.0106242 0.668947 0.320429
0.35526 0.322556 0.322184
0.390322 0.241288 0.36839
0.560926 0.439074 0
0.707096 0.292904 0
0.811505 0.188495 0
0.109869 0.0727901 0.81734
0.578679 0.00812061 0.4132
0.100044 0.532723 0.367233
0.401392 0.598608 0
0.402461 0.102155 0.495384
0.021929 0.382508 0.595563
0.119766 0.404114 0.47612
0.109986 0.194005 0.696009
9.79654e-05 0.0537251 0.946177
0.144315 0.459482 0.396203
0.423007 0.165296 0.411697
0.0693195 0.930681 0
0.619054 0.130946 0.25
0.230049 0.769951 0
2.91369e-06 0.453457 0.54654
0.126023 0.324254 0.549723
0.271356 0.00444249 0.724201
0.0318045 0.968196 0
0.169745 0.232888 0.597367
0.179148 0.570388 0.250464
0.51014 0 0.48986
0.357345 0.642655 0
0.456158 0.00453747 0.539305
0.564693 0.158498 0.276809
0.0402277 0.161299 0.798474
0.20811 0.106997 0.684892
0.779149 0.220851 0
0.387539 0.0148889 0.597572
0 0 1
0.470666 0.212062 0.317272
0.0688104 0.477257 0.453933
0.247128 0.342812 0.41006
0.0517067 0.694213 0.254081
0.230923 0.495906 0.27317
0.381227 0.364882 0.253892
0.311546 0.438454 0.25
0.75 0 0.25
0.676856 0.323144 0
0.475547 0.078522 0.445931
7.26702e-21 0.75 0.25
0.191321 0.808679 0
0.255045 0.744955 0
0.206719 0.419998 0.373283
0.337784 0.196521 0.465695
9.02337e-22 0.158271 0.841729
0.95817 0.0418296 0
0.106275 0.893725 0
9.34403e-05 0.348188 0.651719
0.125679 0.150254 0.724068
0.314547 0.0679923 0.617461
0.524125 0.475875 0
3.02005e-21 0.52972 0.47028
0.0637891 0.0072846 0.928926
0.142085 0.857915 0
0.091121 0.588149 0.32073
0.278737 0.253185 0.468078
0.0887954 0.276189 0.635015
0.510537 0.144127 0.345336
0.2106 0.289616 0.499784
0.889264 0.110736 0
0.320524 0.281848 0.397627
0.193668 0.0396393 0.766693
0.925749 0.0742509 0
0.332093 0.13569 0.532217
0.530262 0.219596 0.250141
0.0287149 0.089315 0.88197
0.639861 0.360139 0
0.16135 0.50477 0.33388
0.447294 0.552706 0
5.70122e-21 1 0
0.000218427 0.633243 0.366538
0.172379 2.43189e-05 0.827597
0.74482 0.25518 0
0.174475 0.364315 0.46121
0.453853 0.296141 0.250006
0.485314 0.514686 0
0.679734 0.06889 0.251376
1.81903e-05 0.23446 0.765522
0.189418 0.172814 0.637768
0.295505 0.704495 0
0.116656 0.633344 0.25
0.0608773 0.233073 0.706049
0.605612 0.394388 0
0.282385 0.397414 0.3202
0.560918 0.0718496 0.367233
0.637428 0.0589964 0.303576
1 0 0
0.644518 1.92552e-07 0.355482
0.340621 0.000666264 0.658712
0.0157372 0.574203 0.41006
