0.400835 1.9747e-09 0.599165
0.180394 2.6051e-10 0.819606
0.2018 0.284301 0.5139
0.360768 0.130157 0.509075
1.51109e-08 0.53318 0.46682
0.0776531 0.317177 0.60517
0.236585 0.763415 0
0.0904328 0.0342457 0.875321
0.503845 0.186121 0.310035
0.533354 0.466646 0
0.0937953 0.906205 0
0.353567 0.646433 0
0.000114826 0.138186 0.861699
0.75 0 0.25
0.313733 0.686267 0
0.179929 0.391565 0.428506
0.098041 0.23024 0.671719
0.652974 3.14797e-09 0.347026
0.0571778 0.548989 0.393833
0.461525 0.538475 0
0.481965 0.12745 0.390585
6.56892e-09 0.444044 0.555956
0.619639 0.108399 0.271962
0.315489 0.185313 0.499197
0.453707 0.0932191 0.453073
0.218597 0.0715326 0.709871
0.199727 0.800273 0
0.519154 0.0241842 0.456661
0.493376 2.62189e-09 0.506624
0 1 0
0.89577 0.10423 0
0.0799874 0.406113 0.5139
3.15628e-05 0.215354 0.784615
0.252345 0.0922967 0.655358
0.502208 0.497792 0
0.14584 0.0832125 0.770947
0.725328 0.274672 0
0.310465 0.0026951 0.686839
0.230316 0.427877 0.341808
0 0 1
0.0534938 0.000732728 0.945773
0.158086 0.353987 0.487927
0.161211 0.838789 0
0.689704 0.0541846 0.256111
0.146767 0.268336 0.584897
0.0569907 0.943009 0
8.69865e-21 0.75 0.25
0.43104 0.56896 0
0.133662 0.52453 0.341808
0.283693 0.346151 0.370157
0.398353 0.601647 0
0.0274876 0.972512 0
0.439613 0.310387 0.25
0.597549 0.000500011 0.401951
0.576411 0.0842728 0.339317
0.120686 0.62821 0.251104
0.012053 0.610441 0.377506
0.589254 0.160746 0.25
0.928266 0.0717339 0
0.18729 0.561661 0.251049
0.420052 0.250239 0.329709
0.582682 0.417318 0
0.351034 0.0432467 0.605719
0.626115 0.373885 0
0.829686 0.170314 0
0.430929 0.191951 0.377121
0.963583 0.036417 0
0.859993 0.140007 0
0.317893 0.100539 0.581568
1.19719e-05 0.0893782 0.91061
0.0732499 0.17202 0.75473
1.87967e-08 0.66323 0.33677
0.406209 0.0500442 0.543747
0.384238 0.17122 0.444542
0.493975 0.237833 0.268192
0.0044185 0.376882 0.6187
0.220397 0.503594 0.276009
0.0949529 0.585902 0.319145
0.267157 0 0.732843
0.351382 0.376515 0.272103
0.0914125 0.480081 0.428506
0.247378 0.314732 0.437891
0.692871 0.307129 0
0.165132 0.459447 0.375421
0.0661475 0.683852 0.25
7.73613e-10 0.313023 0.686977
0.792711 0.207289 0
0.668283 0.331717 0
0.0683783 0.126499 0.805123
0.0319058 0.257052 0.711042
0.243671 0.190098 0.566231
0.290993 0.241517 0.467491
0.126017 0.873983 0
0.275071 0.724929 0
0.147646 0.161979 0.690375
0.303259 0.446741 0.25
1 0 0
0.756208 0.243792 0
0.178534 0.19758 0.623886
0.353938 0.255477 0.390585
