0.389185 0.360815 0.25
0.462483 0.136356 0.401161
0.27007 0.181161 0.548769
0.969123 0.0308768 0
0.310012 0.215291 0.474697
0.359824 0.256445 0.383732
0.691097 0.000119495 0.308783
0.00120579 0.266889 0.731905
0 0.75 0.25
0.66494 0.0762208 0.25884
0.116154 0.249084 0.634762
0.535972 0.214028 0.25
0.401348 0.598652 0
0.214928 0.21611 0.568961
1 0 0
0.472501 0.277499 0.25
0.190645 0.0128546 0.7965
0.75 0 0.25
0.399596 0.184931 0.415473
0.511823 0.155666 0.332511
0.250815 0.749185 0
0.825329 0.174671 0
0.107358 0.892642 0
0.477533 0.522467 0
0.271018 0.0799056 0.649076
2.02026e-06 0.153203 0.846795
0.448175 0.220073 0.331752
0.0863159 0.662936 0.250748
0.599541 0.400459 0
0.796577 0.203423 0
0.342015 0.0878702 0.570115
0.631364 0.368636 0
0.0785809 0.478743 0.442676
0.149581 0.345998 0.504421
0.441455 0.558545 0
0.211385 0.788615 0
0.00128584 0.0946613 0.904053
0.00766613 0.513543 0.478791
0.401988 0.287004 0.311008
0.150033 0.271024 0.578943
0.335862 0 0.664138
0.0986837 0.0810611 0.820255
0.76315 0.23685 0
0.37589 0.141889 0.482221
0.148392 0.44028 0.411328
0.0407251 0.0153253 0.94395
0.326812 0.350599 0.322589
0.0911094 0.414767 0.494124
0.260421 0 0.739579
0.934692 0.065308 0
0.287845 0.712155 0
0.234291 0.303309 0.462399
0.0513405 0.284522 0.664138
0.033196 0.966804 0
0.0678115 0.932189 0
0.598146 0.000103423 0.401751
0 0 1
0.440997 0.0637116 0.495291
0 1 0
0.715226 0.284774 0
0.121618 0.149616 0.728765
0.280791 0.316167 0.403041
0.402941 0.00920016 0.587859
0.857486 0.142514 0
0.635382 0.0414103 0.323208
0.0658209 0.547275 0.386904
0.096582 0.21395 0.689468
0.275349 0.412678 0.311972
0.621979 0.128021 0.25
0.666651 0.333349 0
0.890722 0.109278 0
0.00195828 0.223277 0.774765
0 0.37262 0.62738
0.242617 0.507383 0.25
0.498844 0.0585233 0.442632
4.22842e-05 0.615144 0.384814
0.109747 0.567045 0.323208
0.216397 0.399116 0.384487
0.357475 0.642525 0
0.335208 0.412964 0.251828
0.132676 0.501348 0.365975
0.514251 0.485749 0
0.192039 0.162258 0.645704
0.153294 0.596706 0.25
0.193581 0.529646 0.276773
0.201143 0.0870898 0.711767
0.0757396 0.0538149 0.870445
0.0772981 0.351695 0.571007
0.0569534 0.161156 0.781891
0.0478366 0.611173 0.34099
0.496321 0.000138586 0.503541
0.140266 0.859734 0
0.0126926 0.68074 0.306567
0.198252 0.458847 0.342901
0.142642 4.49783e-05 0.857313
0.320737 0.679263 0
0.564974 0.08963 0.345396
0.179544 0.820456 0
0 0.459478 0.540522
0.551345 0.448655 0
