0.222095 0.430873 0.347032
0.256757 0.0649964 0.678246
0.18925 0.350194 0.460556
0.063439 0.0699488 0.866612
1.41475e-17 0.3575 0.6425
0.246323 0.753677 0
0.7221 0.2779 0
0.167676 0.123571 0.708753
0.16062 0.477607 0.361773
0.106804 0.893196 0
0.687144 0.0537826 0.259074
0.358689 0.32218 0.319131
0.311727 0.431575 0.256698
0.238234 0.207177 0.554589
0.206247 0.793753 0
5.55654e-17 1 0
0.656088 0.343912 0
0.592076 0.00835849 0.399566
3.6921e-17 0.664461 0.335539
0.00239983 0.271628 0.725972
0.418131 0.581869 0
0.353879 0.646121 0
0.304337 0.263915 0.431748
0.829025 0.170975 0
0.522733 0.227267 0.25
0.389651 4.326e-17 0.610349
0.75448 0.24552 0
0.510389 0.0744542 0.415157
0.455627 0.544373 0
1 0 0
0.280821 0.719179 0
0.296122 1.26782e-08 0.703878
0.872694 0.127306 0
0 0 1
0.606109 0.393891 0
0.288275 0.376969 0.334756
0.347044 0.0176489 0.635307
0.144772 0.000234822 0.854993
0.0760797 5.43159e-10 0.92392
0.127899 0.242299 0.629802
0.0418208 0.686561 0.271618
0.403943 0.158348 0.437708
0.00114145 0.424979 0.573879
0.75 8.32667e-17 0.25
0.0705183 0.627437 0.302045
0.00915021 0.198336 0.792514
0.49056 0.50944 0
0.688423 0.311577 0
0.570584 0.429416 0
0.429189 0.243356 0.327456
0.267226 0.349284 0.38349
0.791772 0.208228 0
0.54963 0.12102 0.32935
0.10733 0.144223 0.748447
0.0239579 0.462652 0.51339
0.142051 0.857949 0
0.187893 0.179233 0.632874
0.132115 0.327593 0.540292
0.384726 0.615274 0
0.567236 0.182014 0.25075
0.32294 0.184844 0.492216
0.610101 0.0477525 0.342147
0.00199771 0.074082 0.92392
0.05496 0.284154 0.660886
0.423072 0.0808701 0.496058
0.0596618 0.347909 0.592429
0.315045 0.684955 0
0.471091 1.87399e-09 0.528909
4.26134e-05 0.53469 0.465267
0.52885 0.47115 0
0 0.75 0.25
0.0522288 0.218532 0.729239
0.459336 0.288582 0.252082
0.671821 9.99739e-05 0.328079
0.207127 1.26336e-05 0.792861
0.111546 0.568325 0.320129
0.485635 0.179947 0.334418
0.14402 0.60598 0.25
0.913911 0.0860889 0
0.281782 0.123263 0.594954
0.176457 0.823543 0
0.0838295 0.0924316 0.823739
0.382858 0.215716 0.401426
7.70572e-18 0.138678 0.861322
0.631169 0.118293 0.250539
0.0412353 0.958765 0
0.0140798 0.603471 0.382449
0.0769546 0.923045 0
0.0910653 0.406133 0.502802
0.159519 0.415513 0.424968
0.0906863 0.516049 0.393265
0.956556 0.0434444 0
0.189786 0.0649726 0.745241
0.381371 0.368629 0.25
0.244704 0.492584 0.262712
0.201246 0.548754 0.25
0.21815 0.277593 0.504257
0.356807 0.0876594 0.555533
0.0598506 0.499087 0.441062
0.532031 0.00481282 0.463156
