0.0817999 0.0898041 0.828396
0.17085 0.184991 0.644158
0.0749226 0.622882 0.302196
0.332994 0.417006 0.25
0.59204 0.0789553 0.329004
0.361124 0.638876 0
0.246177 0.0771978 0.676625
0.961071 0.0389286 0
0.313496 0.190163 0.496341
0.265393 0.396223 0.338384
0.560538 0.439462 0
0.0142085 0.292213 0.693579
0.36859 0.139987 0.491423
0.650385 6.93623e-13 0.349615
0.62599 0.12401 0.25
0.574503 0.175497 0.25
0.39699 0.170111 0.432899
0.0767755 0.923224 0
0.176038 0.511816 0.312146
0.00233178 0.112891 0.884777
0.278453 0.44463 0.276917
0.0198336 0.607355 0.372811
0.0437788 0.0193082 0.936913
0.135327 0.423927 0.440746
0.630327 0.369673 0
0.847318 0.152682 0
0.54327 3.49896e-07 0.45673
0.483843 0.103169 0.412988
0.884844 0.115156 0
0.53633 0.149284 0.314386
0.355663 0.246233 0.398103
0 0.75 0.25
0.75 8.32667e-17 0.25
0.321744 0.678256 0
0.302642 9.38883e-12 0.697358
0.775234 0.224766 0
3.24585e-12 0.181816 0.818184
0.68032 0.06968 0.25
0.196949 0.370342 0.432709
0.597439 0.402561 0
0.10168 0.562323 0.335997
0.811001 0.188999 0
0.0602294 0.682854 0.256917
0.117138 0.110743 0.772119
0.437053 0.0605844 0.502363
1.78789e-08 0.247594 0.752406
0.236441 5.81307e-06 0.763553
0.280907 0.719093 0
0.566373 0.0441095 0.389518
1 0 0
0.0648529 0.178895 0.756252
0.409578 0.278475 0.311947
0.235983 0.764017 0
0.0991852 0.237407 0.663408
0 0.670733 0.329267
0.302625 0.323974 0.373401
0.0358111 0.40601 0.558179
0.234989 0.515011 0.25
0.0323421 0.492233 0.475425
0.252014 0.285317 0.462669
0.0733031 0.329532 0.597165
0.28561 0.168529 0.545861
0.0980286 0.00385832 0.898113
0.166961 5.17961e-12 0.833039
0.506684 0.223468 0.269848
0.705021 0.294979 0
0.38039 0.354653 0.264957
0.217139 0.246549 0.536313
0.135793 0.269219 0.594988
0.2088 0.438048 0.353152
0.490297 0.509703 0
0.426803 0.573197 0
0.195614 0.0671501 0.737236
0.247454 0.141022 0.611525
0.117311 0.478557 0.404132
0.139096 0.157936 0.702968
0.152545 0.847455 0
0.393854 0.606146 0
0.352963 0.094183 0.552854
0.667435 0.332565 0
0.524746 0.475254 0
0.462675 0.287325 0.25
0.466522 0.000482488 0.532996
0.455476 0.188728 0.355796
0.742062 0.257938 0
0 0.362965 0.637035
0.11534 0.88466 0
0 0.467004 0.532996
0.034296 0.965704 0
0.00193479 0.565166 0.432899
0.146901 0.603099 0.25
0.319366 0.0472257 0.633408
0.105541 0.360359 0.534099
0.194297 0.805703 0
0 0 1
0.927895 0.0721051 0
0.395364 1.31076e-11 0.604636
0 1 0
0.173323 0.328568 0.498108
0.4597 0.5403 0
