0.0628742 0.0941463 0.84298
0.17669 0 0.82331
0.605896 0.128347 0.265757
0.124355 0.51255 0.363095
0.239201 0.338936 0.421863
0.245614 6.56843e-05 0.75432
0.0858186 0.279333 0.634848
0.495968 0.0622248 0.441807
1.94663e-20 0.75 0.25
0.39871 0.60129 0
0.640404 0.359596 0
0.176693 0.0500058 0.773301
0.553421 0.446579 0
0.361788 0.101298 0.536914
0.178487 0.821513 0
0.103713 0.399166 0.497121
0.24454 0.285478 0.469982
0.925051 0.0749491 0
0 1 0
0.484058 0.265913 0.250029
0.213397 0.476766 0.309837
0.152265 0.128821 0.718914
0.361524 0.277019 0.361456
0.324253 0.357172 0.318575
0.0580233 0.596116 0.34586
0.0701766 0.21298 0.716844
0.814551 0.185449 0
0.675364 0.324636 0
0.0231856 0.417184 0.559631
0.000798829 0.375551 0.62365
0.962004 0.0379961 0
0.776659 0.223341 0
0.691609 0.00143945 0.306951
0.0860643 0.913936 0
0.123381 0.0534627 0.823156
0.75 0 0.25
0.538892 0.000172074 0.460936
0.101545 0.00129808 0.897157
0.218621 0.0755502 0.705829
0.000209034 0.502109 0.497682
0.433095 0.234522 0.332382
0.243824 0.136761 0.619415
0.555752 0.194219 0.250029
0.140452 0.262785 0.596763
0.218579 0.250918 0.530503
0.402463 0.0137449 0.583792
0.0984328 0.339649 0.561919
0.709795 0.290205 0
0.692561 0.0574097 0.250029
0.596772 0.403228 0
0.415677 0.168347 0.415976
0.222577 0.777423 0
0.296012 0.173486 0.530503
0.160085 0.335182 0.504733
0.0343587 0.189792 0.775849
0.609423 0 0.390577
1 0 0
0.106099 0.120394 0.773507
0.0012953 0.0779698 0.920735
0.194931 0.413665 0.391404
0 0 1
0.0509229 0.014216 0.934861
0.510829 0.16565 0.32352
0.851222 0.148778 0
0.740355 0.259645 0
0.175116 0.186402 0.638482
0.299764 0.450216 0.25002
0 0.605292 0.394708
0.0106208 0.672094 0.317285
0.142234 0.576907 0.280859
0.360557 0.383794 0.255649
0.0620697 0.68793 0.25
0.889373 0.110627 0
0.372702 0.141272 0.486026
0.32288 0 0.67712
0.0478963 0.952104 0
0.410741 0.311396 0.277863
0.473349 0.526651 0
0.434342 0.565658 0
0.32208 0.67792 0
0.0180949 0.30484 0.677065
0.13915 0.441442 0.419408
0.320117 0.236796 0.443087
0.0651509 0.480221 0.454628
0.111059 0.638932 0.250009
0.349321 0.650679 0
0.511289 0.0981342 0.390577
0.512815 0.487185 0
0.000109091 0.159903 0.839988
0 0.257608 0.742392
0.119569 0.880431 0
0.607603 0.0714298 0.320968
0.145307 0.854693 0
0.052389 0.534476 0.413135
0.275693 0.370188 0.354119
0.295256 0.069896 0.634848
0.469744 0 0.530256
0.278097 0.721903 0
0.427452 0.0754276 0.497121
0.223376 0.526624 0.25
