0.396422 0.184806 0.418772
0.230577 0.430836 0.338587
0.687307 0.312693 0
0.357484 0.642516 0
0.428684 0.075299 0.496017
0.0934493 0.35064 0.555911
0.000816252 0.170293 0.828891
0.616977 0.383023 0
0.199218 0.800782 0
0.970005 0.0299953 0
0.246866 0.178583 0.574551
0.858555 0.141445 0
0 0 1
0.328772 0.117019 0.554209
2.60546e-05 0.439724 0.56025
5.56738e-17 1 0
0.34846 0 0.65154
0.081671 0.918329 0
0.437976 0.131484 0.430541
0.320341 0.679659 0
0.38107 0.314207 0.304724
0.301811 0.218657 0.479532
0.0271403 0.0882856 0.884574
0.560573 0.0935115 0.345916
1 0 0
0.375926 0.0604922 0.563581
0.148158 0.851842 0
0.0862048 0.121274 0.792521
2.08457e-08 0.0533045 0.946695
2.26077e-07 0.578104 0.421896
0.529824 0.163934 0.306243
0.0919113 0.201752 0.706336
0.16457 0.196713 0.638717
0.0118422 0.366723 0.621435
0.796948 0.203052 0
0.929369 0.0706312 0
0.219828 0.287138 0.493033
0.443558 0.001047 0.555395
0.356571 0.150396 0.493033
0.453439 0.203216 0.343345
0.308742 0.392539 0.298719
0.294024 0.292927 0.413048
0.165511 0.584489 0.25
0.580247 0.419753 0
0.282192 0.717808 0
0.0687367 0.276965 0.654298
0.278975 0.471025 0.25
0.231494 0.111952 0.656554
0.133835 0.273535 0.59263
0.51933 0.0631506 0.417519
0.89402 0.10598 0
0.677468 0.000198791 0.322334
0.177016 0.508655 0.314329
0.357874 0.258887 0.383239
0.101547 3.08376e-08 0.898453
0.121646 0.878354 0
0.169664 0.0062648 0.824071
0.606261 0 0.393739
0.524556 0.475444 0
0.0579282 0.681824 0.260248
0.155189 0.106712 0.738098
0.66686 0.0667406 0.266399
0.110533 0.0564545 0.833013
0.0914718 0.548129 0.360399
0.649225 0.350775 0
0.103564 0.388593 0.507843
0.271138 0.364799 0.364064
0.525022 0.000360901 0.474617
0.230325 0.513793 0.255882
0.307711 0.0521204 0.640168
0.477275 0.522725 0
0.82623 0.17377 0
1.15848e-05 0.660445 0.339544
0.216538 0.0701423 0.713319
0.440569 0.559431 0
0.243892 7.40648e-08 0.756108
0.176747 0.32969 0.493563
0 0.75 0.25
0.066729 0.50273 0.430541
0.75 0 0.25
0.0424374 0.957563 0
0.219872 0.232717 0.547411
0.462799 0.282339 0.254862
0.526132 0.223867 0.25
0.405138 0.344862 0.25
0.19961 0.38693 0.41346
0.624222 0.125778 0.25
1.72439e-17 0.309731 0.690269
0.721872 0.278128 0
0.15727 0.451915 0.390815
0.759073 0.240927 0
0.0115021 0.225433 0.763065
0.0622184 0.453833 0.483949
0.10726 0.642739 0.25
8.86841e-06 0.505583 0.494408
0.294961 0.000117151 0.704922
0.394621 0.605379 0
0.248522 0.751478 0
0.331031 0.418968 0.25
0.0765552 0.599914 0.32353
