0.761573 0.238427 0
0.134075 0.191369 0.674556
0.0490174 0.356127 0.594856
0.0841564 0.665844 0.25
0.348761 0.651239 0
2.55633e-17 0.459964 0.540036
0.121442 0.339171 0.539388
0.565502 6.27833e-17 0.434498
0.265467 0.27422 0.460313
0.253955 0.425656 0.32039
0.306102 0.693898 0
3.91938e-21 0.75 0.25
0.656178 0.343822 0
0.116181 0.29184 0.591979
0.68619 0.0638097 0.25
0.395607 0.280229 0.324164
0.0463796 0.12013 0.833491
0.271448 0.0667596 0.661793
0.15203 0.490206 0.357764
0.75 8.32667e-17 0.25
0.0986584 0.262213 0.639129
0.0158547 0.663756 0.32039
0.469124 0.530876 0
0.339297 0.0674866 0.593217
1.377e-17 0.247766 0.752234
2.01707e-17 0.362935 0.637065
0.250476 0.749524 0
0.302832 0.447168 0.25
0.360202 0.387531 0.252267
0.196316 0.317719 0.485965
0.298688 0.314829 0.386484
0.0654705 0.211104 0.723426
0.414543 0.00127934 0.584178
0.158028 0.591972 0.25
5.98227e-18 0.10764 0.89236
0.106337 0.583965 0.309697
0.18864 0.173529 0.63783
0.0879607 0.533818 0.378222
0.110706 0.889412 1.39445e-05
0.163481 0.374437 0.462082
0.303582 0.204015 0.492402
0.0354326 0.0157928 0.948775
0.0769394 0.411553 0.511508
0.0234382 0.976562 0
0.33094 0 0.66906
0.0120394 0.297474 0.690486
0.186099 0.423558 0.390343
0.619093 0.380907 0
0.117934 0.0806199 0.801446
0.110808 0.126957 0.762235
0.113959 1.94804e-06 0.886039
0.237034 0.178788 0.584178
0.522592 0.227408 0.25
0.428559 0.0320534 0.539388
9.79088e-18 0.176169 0.823831
0.840089 0.159911 0
0.445546 0.554454 0
0.346749 0.241065 0.412186
0.306756 0.1274 0.565844
0 0 1
5.55767e-17 1 0
0.911159 0.0888412 0
0.0343394 0.492647 0.473014
0.676484 7.51048e-17 0.323516
0.952753 0.0472474 0
0.150881 0.849119 0
0.0944803 0.459783 0.445736
0.198452 0.255457 0.546091
0.53921 0.1404 0.32039
0.875616 0.124384 0
0.491349 0 0.508651
0.201597 2.23818e-17 0.798403
0.438048 0.202008 0.359943
0.192525 0.807475 0
0.545672 0.454328 0
0.219392 0.780608 0
0.442543 0.307457 0.25
0.581072 0.418928 0
0.496755 0.117246 0.385999
0.600041 0.0721354 0.327823
0.722533 0.277467 0
3.0685e-17 0.552121 0.447879
0.379728 0.170268 0.450004
0.507439 0.492561 0
0.422196 0.105012 0.472792
0.610535 6.77829e-17 0.389465
0.389167 0.610833 0
0.697815 0.302185 0
0.606784 0.143216 0.25
0.227497 0.35883 0.413674
0.240984 0.508474 0.250542
0.240532 0.0109136 0.748554
0.00233471 0.607666 0.389999
0.494557 0.0486951 0.456747
0.321511 0.343143 0.335346
0.0756021 0.924398 0
0.802137 0.197863 0
0.189061 0.0990635 0.711876
1 0 0
0.163742 0.54399 0.292269
