0.362143 0.637857 0
1.29042e-07 0.537313 0.462687
0.258489 0.741511 0
0.130013 0.869987 0
0.669768 0.330232 0
0.483198 0.205391 0.311411
0.0947101 0.90529 0
0.0319167 0.410137 0.557947
0.40967 0.59033 0
0.190711 0.0979066 0.711383
0.000142667 0.493973 0.505885
0.651739 0.0891726 0.259088
0.291364 0.708636 0
5.55654e-17 1 0
0 0 1
1 0 0
0.436622 0.563378 0
0.0919013 0.519962 0.388137
0.260628 0.429696 0.309676
0.13966 0.610231 0.250109
0.153736 0.234797 0.611467
0.510522 0.0589235 0.430555
0.348635 0.00108898 0.650276
0.559767 0.440233 0
0.184622 0.329513 0.485865
0.212859 0.787141 0
0.365149 0.171593 0.463258
0.254694 0.124639 0.620668
0.685942 0.0333889 0.280669
0.51445 0.48555 0
0.855038 0.144962 0
0.0731341 0.341731 0.585135
0.315627 0.434265 0.250109
0.720022 0.279978 0
0.301544 0.227072 0.471384
0.75 0 0.25
0.134435 0.543196 0.322369
0.209285 0.264843 0.525873
0.384495 0.365415 0.25009
0.463662 0.167091 0.369247
0.111476 0.366122 0.522402
0.249731 0.37328 0.37699
0.0411817 0.101526 0.857292
0.231188 0 0.768812
0.0564749 0.619068 0.324457
0.423377 0 0.576623
2.13455e-09 0.0956594 0.904341
0.174016 0.825984 0
0.0627411 0.184516 0.752743
0.206413 0.541265 0.252322
0.537462 0.000430116 0.462107
0.324262 0.145478 0.53026
0.324833 0.372888 0.302279
0.0682493 0.0362457 0.895505
0.818361 0.181639 0
0.209135 0.468496 0.322369
0.382317 0.287185 0.330498
0.632875 0.367125 0
0.78129 0.21871 0
7.59938e-09 0.368548 0.631452
0.0221905 0.295963 0.681846
0.891087 0.108913 0
3.83581e-17 0.690324 0.309676
0.24037 0.205734 0.553896
0.431778 0.0806886 0.487533
0.320716 0.679284 0
0.608917 0.141083 0.25
0.391936 0.22296 0.385104
0.318451 0.291591 0.389958
0.0875659 0.652666 0.259768
0.59636 0.00590462 0.397735
0.528897 0.221103 0.25
0.254586 0.296579 0.448835
0.327702 0.0803535 0.591944
0.13842 0 0.86158
0.927666 0.072334 0
0.655987 0 0.344013
0.468508 0.00561914 0.525873
0.00047968 0.252554 0.746966
0.033411 0.00273337 0.963856
4.20597e-07 0.175467 0.824532
0.0261265 0.973874 0
0.0189179 0.596562 0.384521
0.148093 0.413748 0.438159
0.107722 0.0872496 0.805029
0.599466 0.400534 0
0.1678 0.0356678 0.796532
0.963569 0.0364306 0
0.0572334 0.942767 0
0.106125 0.203197 0.690678
0.0747973 0.463095 0.462107
0.47525 0.52475 0
0.46546 0.28454 0.25
0.454891 0.113801 0.431307
0.743266 0.256734 0
0.170459 0.173578 0.655963
0.272784 0.037323 0.689893
0.0955059 0.272548 0.631946
0 0.75 0.25
0.558776 0.105892 0.335332
