0.864123 0.135877 0
0.169401 0.830599 0
0 0.54003 0.45997
0.0796688 0.133724 0.786607
0.754983 0.245017 0
0.586248 0.413752 0
0.25676 0.158639 0.584601
0.156605 0.300762 0.542633
0.132333 0.55986 0.307807
0 0.429962 0.570038
0.283071 0.401839 0.31509
0.535222 0.214778 0.25
0.51048 0.48952 0
0.395008 0.604992 0
0.0150285 0.314409 0.670563
0.190795 0.317795 0.49141
0.207615 0.792385 0
0.14815 0.153505 0.698345
0.550509 0.449491 0
0.0750051 0.321052 0.603943
4.89324e-06 0.599457 0.400538
0.961859 0.0381414 0
0.429512 0.223292 0.347196
0.224711 0.104726 0.670563
0.686996 0.313004 0
0.297155 0.182978 0.519867
0.098134 0.651866 0.25
0.486483 0.197431 0.316086
0.568565 0.0466522 0.384783
0.0649951 0.0195598 0.915445
0.121031 0.878969 0
0.927251 0.0727492 0
0.154085 1.71069e-17 0.845915
0 0.16991 0.83009
0.686811 0 0.313189
0.619941 0.380059 0
0.0361009 0.449817 0.514082
0.277417 0.472583 0.25
0.721746 0.278254 0
0.371402 0.378598 0.25
0.409796 0.000940737 0.589263
0.351046 0.157544 0.49141
0.236494 0.032492 0.731014
0.459306 0.290694 0.25
0.541669 0.114385 0.343945
0.266239 0.733761 0
0.195798 0.00272039 0.801482
0.506119 0.0656053 0.428276
0.75 8.32667e-17 0.25
0.226324 0.523656 0.25002
0.588771 0.144747 0.266482
3.21762e-07 0.263295 0.736705
0.00387098 0.0806838 0.915445
0.081979 0.918021 0
0.0751193 0.512361 0.41252
0.571724 6.34742e-17 0.428276
0.377585 0.0802812 0.542134
0 0 1
0.201738 0.46748 0.330782
0.382988 0.276028 0.340983
0.425157 0.574843 0
0.632955 0.0279746 0.33907
0.059327 0.601603 0.33907
0.466771 0.533229 0
0.100583 0.242964 0.656453
0.310252 0.689748 0
0.144176 0.481877 0.373947
0 1 0
0.155271 0.594709 0.25002
0.654339 0.345661 0
0.827917 0.172083 0
0 0.661853 0.338147
0.44876 0.167085 0.384155
0.246962 0.247076 0.505962
0.0376358 0.962364 0
0.276548 0.276676 0.446776
0.159408 0.0716083 0.768984
0.171145 0.403359 0.425496
0.364618 0.635382 0
0.237869 0.762131 0
0.318351 0.321977 0.359672
0.353276 3.92215e-17 0.646724
0.303489 3.3694e-17 0.696511
0.486928 4.87969e-06 0.513067
0.0898426 0.0799149 0.830243
0.110956 0.370144 0.5189
0.426162 0.12379 0.450048
0 0.75 0.25
0.791901 0.208099 0
0 0.374511 0.625489
0.656025 0.0939751 0.25
0.197113 0.205588 0.5973
0.242435 0.372782 0.384783
1 0 0
0.104594 0.442029 0.453377
0.373923 0.18586 0.440217
0.892786 0.107214 0
0.296682 0.0920739 0.611244
0.0328732 0.687733 0.279394
0.056752 0.206184 0.737064
