0.265838 0.133057 0.601106
0.285137 0.179251 0.535613
0.353776 0.213973 0.432251
6.0373e-21 0.390021 0.609979
0.921232 0.0787682 0
0.152637 0.155456 0.691906
1.16096e-20 0.75 0.25
0.578043 0.0746704 0.347287
0.39365 0.232183 0.374167
0.0706059 0.23146 0.697935
0.484249 0 0.515751
0.0777188 0.513229 0.409052
0.962943 0.0370571 0
0.720491 0.279509 0
0.469906 0.530094 0
0.288269 0.461731 0.25
0.0472174 0.422107 0.530676
0.0815176 0.0830231 0.835459
0.75 0 0.25
0.0396719 0.960328 0
0.223449 0.36657 0.40998
0.292368 0.304467 0.403165
0.511539 0.488461 0
0.406274 0.133262 0.460463
0.501525 0.14831 0.350165
0.348118 0.401058 0.250825
0.625982 0.124018 0.25
0.00138752 0.473997 0.524615
0 0 1
0.330873 0.105837 0.56329
0.276097 0.0673948 0.656508
0.107725 0.892275 0
0.233095 0.423178 0.343727
0.140609 0.460942 0.398449
3.3905e-21 0.219032 0.780968
0.784199 0.215801 0
0.029767 0.0779548 0.892278
0.0968791 0.0168829 0.886238
0.177784 0.822216 0
0.0729877 0.363722 0.56329
0.0358698 0.589963 0.374167
0.439462 0.160747 0.399791
0.19909 0.179024 0.621886
0.483545 0.266455 0.25
0.145721 0.51525 0.339029
0.203018 0.54026 0.256722
0.602125 0.397875 0
0.357514 0 0.642486
2.08003e-21 0.134374 0.865626
0.556187 0.443813 0
0.855826 0.144174 0
0.466376 0.218061 0.315563
1 0 0
0.298574 0.372852 0.328575
0.690203 0.309797 0
0.215582 0.784418 0
0.419105 0.0592575 0.521638
0.140214 0.609786 0.25
0.0644538 0.182282 0.753264
1.54794e-20 1 0
0.74962 0.25038 0
0.16113 0.284821 0.554049
0.550808 0.191659 0.257533
0.307286 0.000807442 0.691906
0.350034 0.303483 0.346483
0.552359 0.000190463 0.447451
0.103581 0.587346 0.309073
0.122121 0.243361 0.634517
1.01091e-20 0.653063 0.346937
0.611392 0.00178747 0.386821
0.252182 0.747818 0
0.194641 0.308293 0.497066
0.417505 0.332495 0.25
0.116125 0.411285 0.47259
0.428309 0.00625362 0.565438
0.339939 0.660061 0
0.210742 0.216342 0.572916
0.0544041 8.88635e-05 0.945507
0.378715 0.621285 0
0.135301 0.864699 0
0.820883 0.179117 0
0.670286 0.0672057 0.262508
0.428819 0.571181 0
0.153758 7.06136e-05 0.846172
0.664923 0.00227986 0.332797
0.226064 0.487165 0.286771
0.279206 0.720794 0
0.88916 0.11084 0
0.313348 0.686652 0
0.038041 0.340073 0.621886
0.228305 0.070685 0.70101
0.233765 0 0.766235
0.148092 0.0986434 0.753264
0.488164 0.0817069 0.430129
0.074809 0.925191 0
8.5373e-21 0.551525 0.448475
0.253827 0.258609 0.487564
4.52372e-21 0.292241 0.707759
0.644603 0.355397 0
0.0688955 0.673571 0.257533
