1.11927e-22 0.578947 0.421053
2.27999e-23 0.117645 0.882355
2.50189e-25 0.000998354 0.999002
1.0163e-22 0.760002 0.239998
6.4037e-15 0.925924 0.0740761
5.97945e-23 0.611107 0.388893
7.64404e-23 0.388892 0.611108
9.60164e-23 0.840001 0.159999
5.89413e-23 0.800001 0.199999
4.73775e-23 0.187499 0.812501
8.17508e-23 0.416668 0.583332
5.874e-23 0.291667 0.708333
1.82475e-14 0.708333 0.291667
2.37175e-23 0.206898 0.793102
5.85398e-23 0.722223 0.277777
5.89776e-23 0.238096 0.761904
3.68481e-09 0.173916 0.826086
1.77696e-23 0.0769229 0.923077
6.7749e-23 0.88889 0.11111
1.65244e-14 0.5625 0.4375
6.6546e-15 0.437498 0.562502
6.17302e-23 0.25926 0.74074
5.59563e-23 0.642859 0.357141
2.59087e-23 0.142856 0.857144
1.0292e-22 0.526314 0.473686
5.96818e-23 0.692307 0.307693
1.10908e-22 0.571429 0.428571
6.54717e-23 0.6 0.4
0.204377 0.743198 0.0543876
6.29423e-23 0.851855 0.148145
5.85719e-23 0.769234 0.230766
5.57148e-23 0.473688 0.526312
5.88905e-23 0.714286 0.285714
5.5522e-23 0.555559 0.444441
5.56428e-15 0.933333 0.0666668
1.24696e-13 0.307693 0.692307
2.42189e-23 0.100001 0.899999
7.65523e-23 0.399995 0.600005
2.31036e-23 0.166666 0.833334
8.53027e-23 0.454546 0.545454
5.40897e-23 0.285719 0.714281
7.48846e-23 0.666666 0.333334
6.37346e-15 0.384616 0.615384
5.96545e-23 0.625001 0.374999
6.2964e-23 0.750002 0.249998
0.204604 0.798493 0
0.204206 0.726771 0.070153
6.01e-23 0.250006 0.749994
5.8691e-23 0.222224 0.777776
1.27305e-08 0.999924 9.26029e-05
8.34098e-24 0.0333328 0.966667
6.11008e-23 0.82758 0.17242
8.7784e-15 0.500001 0.499999
5.97834e-23 0.545453 0.454547
5.4574e-23 0.357143 0.642857
2.41535e-23 0.421052 0.578948
5.85037e-23 0.8077 0.1923
7.37057e-23 0.375001 0.624999
4.12951e-13 0.133337 0.866663
2.40684e-23 0.333333 0.666667
8.34149e-23 0.588236 0.411764
4.5579e-15 0.0689652 0.931035
7.42286e-27 9.85837e-05 0.999901
8.76799e-15 0.199999 0.800001
1.00726e-22 0.89999 0.10001
5.90244e-15 0.26667 0.73333
6.09439e-23 0.700001 0.299999
2.38241e-23 0.124997 0.875003
9.47607e-23 0.966679 0.0333207
5.42501e-23 0.444445 0.555555
7.50866e-24 0.0526319 0.947368
5.04691e-23 0.181815 0.818185
6.47959e-23 0.428572 0.571428
6.14924e-23 0.733336 0.266664
2.22453e-23 0.111111 0.888889
1.22e-13 0.299996 0.700004
5.85995e-23 0.230772 0.769228
9.69805e-23 0.866667 0.133333
6.74405e-23 0.615384 0.384616
5.9574e-23 0.347826 0.652174
6.10979e-23 0.652175 0.347825
5.65936e-25 0.0029891 0.997011
5.72273e-23 0.214281 0.785719
2.51003e-23 0.464285 0.535715
2.16011e-23 0.153846 0.846154
5.89189e-23 0.535718 0.464282
7.90499e-23 0.411765 0.588235
5.98986e-23 0.636364 0.363636
6.36481e-15 0.363637 0.636363
5.65457e-15 0.272727 0.727273
9.5719e-23 0.681821 0.318179
4.44554e-15 0.0833333 0.916667
2.33959e-23 0.0909091 0.909091
6.23355e-23 0.318182 0.681818
6.13398e-23 0.785712 0.214288
1.0443e-23 0.0416661 0.958334
9.1265e-24 0.0625003 0.9375
1.02656e-19 0.519999 0.480001
8.84607e-23 0.480006 0.519994
8.27312e-23 0.583334 0.416666
