9.46683e-22 0.8125 0.1875
9.3009e-22 0.708332 0.291668
3.51726e-22 0.291669 0.708331
2.45973e-22 0.266666 0.733334
8.95117e-22 0.206897 0.793103
9.69961e-22 0.793103 0.206897
3.48607e-22 0.363636 0.636364
9.30494e-22 0.761901 0.238099
2.28968e-22 0.238097 0.761903
9.65753e-22 0.960001 0.0399991
3.5506e-22 0.173914 0.826086
9.64681e-22 0.826087 0.173913
1.97829e-22 0.133333 0.866667
1.68541e-14 0.0769224 0.923078
9.74361e-22 0.307693 0.692307
4.51081e-19 0.437499 0.562501
9.256e-22 0.740739 0.259261
9.45765e-22 0.555555 0.444445
9.31763e-22 0.409089 0.590911
9.65688e-22 0.944447 0.0555531
5.90432e-22 0.0909084 0.909092
9.69332e-22 0.909091 0.0909089
9.45876e-22 0.478263 0.521737
9.27794e-22 0.692308 0.307692
9.60768e-22 0.636369 0.363631
9.08712e-22 0.900004 0.0999963
5.41534e-22 0.428569 0.571431
9.70647e-22 0.966666 0.0333341
9.3204e-26 9.84506e-05 0.999902
1.0067e-21 0.285713 0.714287
2.11459e-22 0.0333342 0.966666
9.27817e-22 0.464289 0.535711
9.2823e-22 0.750001 0.249999
5.33602e-22 0.1 0.9
5.65504e-22 0.566666 0.433334
4.92609e-22 0.222224 0.777776
9.46982e-22 0.249999 0.750001
2.15904e-22 0.124998 0.875002
9.71108e-22 0.714287 0.285713
2.45999e-22 0.166667 0.833333
9.30389e-22 0.769231 0.230769
9.46187e-22 0.7 0.3
6.01185e-22 0.272733 0.727267
9.30673e-22 0.366667 0.633333
8.30386e-22 0.4 0.6
3.43765e-22 0.300001 0.699999
9.86335e-22 0.8 0.2
0.117944 0.488031 0.395471
9.90289e-22 0.999901 9.92371e-05
9.28539e-22 0.2 0.8
9.86827e-22 0.833336 0.166664
6.5467e-22 0.137931 0.862069
0.117932 0.48881 0.394605
9.95927e-22 0.88235 0.11765
2.07223e-22 0.111108 0.888892
1.73489e-15 0.666665 0.333335
5.86069e-22 0.454545 0.545455
6.43669e-22 0.333334 0.666666
2.15811e-22 0.153846 0.846154
9.87577e-22 0.875 0.125
9.42579e-22 0.0689654 0.931035
9.86504e-22 0.857143 0.142857
9.33715e-22 0.933329 0.0666708
0.117934 0.507915 0.375515
9.45823e-22 0.733333 0.266667
9.8726e-22 0.518518 0.481482
3.47023e-22 0.052627 0.947373
9.46338e-22 0.818182 0.181818
9.54063e-22 0.785713 0.214287
9.46202e-22 0.916669 0.0833307
1.49685e-14 0.384613 0.615387
1.19533e-14 0.357145 0.642855
9.01721e-22 0.181817 0.818183
9.69537e-22 0.599999 0.400001
6.40455e-22 0.375 0.625
3.44509e-22 0.35 0.65
9.80741e-22 0.535711 0.464289
3.65647e-22 0.0833338 0.916666
9.8733e-22 0.260874 0.739126
9.25192e-22 0.444442 0.555558
8.14879e-22 0.416665 0.583335
9.87303e-22 0.952382 0.0476181
9.69723e-22 0.652173 0.347827
2.2825e-22 0.0416663 0.958334
3.57915e-22 0.312501 0.687499
2.38134e-22 0.23077 0.76923
9.94984e-22 0.888889 0.111111
9.87452e-22 0.99701 0.00299036
4.27501e-23 0.00298834 0.997012
9.31165e-22 0.214284 0.785716
9.71347e-22 0.846153 0.153847
9.31756e-22 0.500005 0.499995
9.46039e-22 0.777777 0.222223
9.323e-22 0.727273 0.272727
2.09731e-22 0.142858 0.857142
9.32161e-22 0.681818 0.318182
1.21831e-12 0.642857 0.357144
9.95622e-22 0.866667 0.133333
2.10276e-14 0.923079 0.0769207
2.09146e-14 0.0624997 0.9375
