4.57008e-18 0.277776 0.722224
1.97701e-24 0.368419 0.631581
1.85078e-24 0.631581 0.368419
1.9642e-24 0.461535 0.538465
3.78575e-24 0.578947 0.421053
2.0075e-24 0.117647 0.882353
6.55678e-27 0.000998091 0.999002
2.43428e-24 0.611109 0.388891
9.97649e-20 0.38889 0.61111
1.22694e-24 0.1875 0.8125
1.91412e-24 0.416666 0.583334
1.23747e-18 0.82142 0.17858
2.00874e-24 0.29167 0.70833
1.55237e-24 0.206897 0.793103
1.68261e-24 0.238095 0.761905
4.64242e-24 0.173912 0.826088
2.01471e-24 0.538464 0.461536
1.25878e-24 0.0769229 0.923077
2.12792e-24 0.437498 0.562502
2.23737e-24 0.562502 0.437498
2.6301e-24 0.259259 0.740741
2.39359e-24 0.590907 0.409093
2.015e-24 0.3077 0.6923
0.134442 0.846309 0.0233115
1.91626e-24 0.375008 0.624992
2.00994e-24 0.571442 0.428558
5.26712e-24 0.933321 0.066679
2.69658e-24 0.692309 0.307691
0.134469 0.716756 0.153026
2.43045e-24 0.599999 0.400001
1.67516e-24 0.222224 0.777776
5.46125e-16 0.0333309 0.966669
2.07673e-24 0.758621 0.241379
1.23233e-24 0.16667 0.83333
5.29767e-17 0.199993 0.800007
2.16239e-24 0.454545 0.545455
2.12092e-24 0.285715 0.714285
1.85193e-24 0.399993 0.600007
3.61862e-24 0.100002 0.899998
2.11314e-24 0.555558 0.444442
1.63084e-24 0.23077 0.76923
1.14847e-24 0.0624995 0.937501
0.135507 0.876729 0
0.134277 0.702519 0.16605
1.31864e-19 0.533318 0.466682
1.88385e-24 0.357144 0.642856
2.12107e-24 0.545454 0.454546
1.45778e-17 0.999904 9.58812e-05
2.10174e-24 0.500005 0.499995
1.94747e-24 0.250006 0.749994
2.3706e-24 0.13334 0.86666
3.47685e-24 0.615383 0.384617
1.30432e-28 9.85688e-05 0.999901
0.134295 0.784829 0.0838431
2.75877e-24 0.421053 0.578947
1.81329e-17 0.666665 0.333335
1.34298e-24 0.0689658 0.931034
3.10017e-24 0.636364 0.363636
0.134293 0.818178 0.0504925
6.42378e-18 0.333333 0.666667
2.51218e-24 0.857144 0.142856
1.91902e-24 0.34782 0.65218
2.12427e-24 0.473684 0.526316
1.49107e-18 0.799998 0.200002
1.9949e-24 0.266669 0.733331
2.09076e-24 0.125 0.875
1.54089e-23 0.444442 0.555558
1.87806e-24 0.111101 0.888899
1.47476e-17 0.0526203 0.94738
1.11713e-24 0.14285 0.85715
2.84217e-24 0.0833316 0.916668
1.78099e-17 0.900012 0.0999881
2.71843e-24 0.181813 0.818187
2.37975e-24 0.583333 0.416667
1.94048e-24 0.428571 0.571429
1.47979e-17 0.966661 0.0333393
1.1895e-24 0.153837 0.846163
2.50024e-24 0.65217 0.34783
3.94864e-12 0.625 0.375
2.06481e-24 0.521739 0.478261
1.34921e-18 0.833329 0.166671
1.4577e-24 0.299998 0.700002
2.48985e-15 0.724154 0.275846
6.7868e-19 0.384615 0.615385
2.19068e-25 0.00298885 0.997011
1.504e-24 0.214279 0.785721
2.07639e-24 0.464286 0.535714
2.71559e-24 0.411762 0.588238
3.21797e-24 0.090906 0.909094
1.93709e-24 0.363638 0.636362
6.57347e-13 0.866676 0.133324
4.48702e-18 0.272727 0.727273
2.36069e-24 0.700006 0.299994
7.94498e-25 0.681821 0.318179
6.51097e-12 0.318177 0.681823
2.86122e-24 0.0416662 0.958334
2.60386e-24 0.642859 0.357141
2.03352e-24 0.777776 0.222224
2.4212e-15 0.740738 0.259262
2.01257e-24 0.48 0.52
