9.93907e-23 0.461537 0.538463
1.35091e-14 0.578947 0.421053
5.43423e-23 0.117648 0.882352
4.10419e-18 0.633333 0.366667
7.5704e-25 0.000998203 0.999002
0.147529 0.646134 0.209854
1.04038e-22 0.857155 0.142845
1.32142e-22 0.76667 0.23333
1.77599e-20 0.740751 0.259249
2.67035e-22 0.611111 0.388889
6.98601e-23 0.388889 0.611111
2.18298e-13 0.714283 0.285718
8.65696e-23 0.187502 0.812498
1.28089e-22 0.291668 0.708332
9.22319e-23 0.206897 0.793103
2.32113e-12 0.238096 0.761904
7.41728e-23 0.173912 0.826088
1.04279e-22 0.799999 0.200001
9.85137e-23 0.538463 0.461537
5.96049e-23 0.0769229 0.923077
5.95553e-23 0.437499 0.562501
1.34964e-22 0.307692 0.692308
0.147483 0.855688 5.19805e-07
1.03806e-22 0.75862 0.24138
9.74985e-23 0.222222 0.777778
7.70331e-23 0.966679 0.0333212
6.83308e-23 0.375 0.625
9.67893e-23 0.571432 0.428568
8.6965e-23 0.533333 0.466667
3.85272e-14 0.285715 0.714285
0.147433 0.77253 0.0828724
9.5894e-23 0.703698 0.296302
5.83295e-24 0.0333339 0.966666
4.91854e-23 0.1 0.9
7.31217e-14 0.23077 0.76923
7.28033e-23 0.400001 0.599999
2.72137e-22 0.0689636 0.931036
2.69362e-13 0.899992 0.100008
7.29201e-23 0.166667 0.833333
7.15023e-23 0.454547 0.545453
5.51844e-23 0.473689 0.526311
0.148678 0.812466 0.0503045
1.12041e-22 0.8148 0.1852
7.10898e-20 0.615382 0.384618
2.20783e-20 0.555555 0.444445
1.91253e-22 0.25 0.75
7.26491e-23 0.933334 0.0666661
0.147462 0.647097 0.208497
5.669e-14 0.416664 0.583336
9.99815e-23 0.464278 0.535722
1.25868e-26 9.98578e-05 0.9999
7.63464e-23 0.5 0.5
1.3477e-22 0.99993 6.99548e-05
5.73224e-23 0.133335 0.866665
0.147472 0.74809 0.107534
9.5429e-23 0.625002 0.374998
7.33972e-23 0.421052 0.578948
1.61191e-19 0.6 0.4
9.21649e-23 0.199999 0.800001
8.08532e-23 0.590909 0.409091
6.8788e-23 0.357143 0.642857
5.39643e-23 0.214286 0.785714
5.90965e-23 0.333329 0.666671
5.50973e-23 0.111103 0.888897
0.147455 0.62822 0.227332
1.19494e-22 0.266668 0.733332
1.05646e-22 0.866663 0.133337
6.38371e-23 0.124999 0.875001
1.09791e-22 0.444444 0.555556
2.27031e-22 0.0526268 0.947373
8.89015e-23 0.545454 0.454546
1.03862e-22 0.142856 0.857144
1.43328e-14 0.666662 0.333338
4.54472e-15 0.181815 0.818185
6.90652e-23 0.0833332 0.916667
7.27559e-23 0.583334 0.416666
1.73274e-22 0.428572 0.571428
2.28078e-22 0.521736 0.478264
0.147464 0.845251 0.0103385
5.58903e-23 0.299999 0.700001
1.74865e-22 0.347826 0.652174
1.02034e-22 0.833332 0.166668
9.78171e-23 0.642858 0.357142
7.01074e-23 0.0909052 0.909095
0.147451 0.746654 0.108853
6.8983e-23 0.384616 0.615384
1.28334e-22 0.785712 0.214288
1.10408e-23 0.00299059 0.997009
8.67568e-23 0.733331 0.266669
6.85647e-23 0.153846 0.846154
7.19536e-23 0.411765 0.588235
7.01012e-23 0.363638 0.636362
3.84754e-14 0.272726 0.727274
6.18851e-23 0.318174 0.681826
1.06714e-18 0.0416669 0.958333
2.49145e-22 0.0624983 0.937502
7.85766e-23 0.48 0.52
8.61787e-23 0.689654 0.310346
1.06974e-22 0.25926 0.74074
6.95704e-23 0.562501 0.437499
