7.88534e-23 0.461538 0.538462
9.52362e-23 0.578948 0.421052
1.1096e-22 0.678571 0.321429
4.2291e-14 0.117648 0.882352
2.47658e-26 0.000995836 0.999004
0.180941 0.73829 0.0833095
2.24243e-23 0.61111 0.38889
6.82401e-23 0.388889 0.611111
2.09116e-23 0.714291 0.285709
3.16033e-23 0.187498 0.812502
4.50904e-23 0.416667 0.583333
1.21945e-22 0.821431 0.178569
3.03799e-23 0.291669 0.708331
2.13569e-23 0.206899 0.793101
1.28403e-22 0.900005 0.0999953
1.13838e-22 0.238094 0.761906
3.10032e-23 0.173916 0.826084
1.12113e-22 0.692308 0.307692
1.89122e-23 0.631583 0.368417
9.40758e-23 0.538463 0.461537
2.99052e-23 0.0769185 0.923082
9.58141e-23 0.750001 0.249999
7.9021e-23 0.473685 0.526315
6.85181e-13 0.307694 0.692306
1.67463e-23 0.933333 0.0666669
2.68383e-15 0.571429 0.428571
1.73979e-23 0.0333407 0.966659
0.180631 0.73639 0.0838094
5.37799e-23 0.0999975 0.900003
3.64132e-23 0.4 0.6
2.99756e-23 0.857144 0.142856
1.01596e-22 0.624996 0.375004
0.182054 0.661005 0.165724
7.72128e-23 0.375002 0.624998
1.62434e-23 0.999914 8.64006e-05
7.88007e-23 0.454547 0.545453
1.04453e-22 0.766663 0.233337
0.180604 0.788643 0.0314354
9.5569e-23 0.699995 0.300005
1.00255e-22 0.250003 0.749997
0.180632 0.712164 0.108039
1.56804e-23 0.896553 0.103447
1.06968e-22 0.615382 0.384618
2.01498e-27 9.84247e-05 0.999902
3.05431e-23 0.166664 0.833336
9.33563e-23 0.464286 0.535714
6.95758e-23 0.133333 0.866667
2.26278e-23 0.599999 0.400001
2.40635e-23 0.222222 0.777778
1.09011e-22 0.666666 0.333334
1.81512e-22 0.357141 0.642859
1.51971e-23 0.083332 0.916668
0.180598 0.820053 0
1.23829e-16 0.421052 0.578948
2.1235e-23 0.124999 0.875001
3.05286e-23 0.200001 0.799999
2.04832e-23 0.807697 0.192303
3.00763e-23 0.285716 0.714284
1.22559e-23 0.0689661 0.931034
2.31185e-15 0.411766 0.588234
8.86335e-23 0.53333 0.46667
0.180612 0.634813 0.185306
9.30023e-23 0.555553 0.444447
3.04674e-23 0.272728 0.727272
9.43601e-23 0.5 0.5
3.0323e-23 0.333331 0.666669
4.56474e-23 0.266673 0.733327
1.02303e-22 0.590909 0.409091
7.68477e-23 0.444442 0.555558
2.12653e-23 0.0526305 0.947369
3.41898e-23 0.142857 0.857143
7.73733e-23 0.428575 0.571425
2.12611e-23 0.96668 0.0333204
3.06375e-23 0.181819 0.818181
1.24566e-15 0.733334 0.266666
9.44628e-23 0.583334 0.416666
9.55533e-23 0.52174 0.47826
3.36355e-12 0.111109 0.888891
3.35029e-23 0.299999 0.700001
2.43635e-23 0.230773 0.769227
2.1344e-23 0.83333 0.16667
7.21612e-23 0.384615 0.615385
8.49277e-23 0.545455 0.454545
1.70241e-22 0.347825 0.652175
1.76177e-24 0.0029903 0.99701
3.04619e-23 0.214286 0.785714
3.04116e-23 0.153842 0.846158
1.84813e-22 0.363637 0.636363
1.27504e-22 0.866667 0.133333
0.180746 0.638074 0.182653
7.9138e-12 0.318182 0.681818
9.47786e-23 0.785712 0.214288
1.46492e-16 0.0416661 0.958334
9.00591e-23 0.65385 0.34615
3.06682e-23 0.062495 0.937505
1.75191e-23 0.480004 0.519996
3.53553e-23 0.0909092 0.909091
2.88738e-23 0.25926 0.74074
9.30728e-23 0.562503 0.437497
6.65785e-12 0.437501 0.562499
