5.0022e-15 0.692308 0.307692
5.04673e-18 0.9 0.1
9.22674e-19 0.38889 0.61111
2.30111e-15 0.846155 0.153845
4.53316e-21 0.800001 0.199999
1.3844e-21 0.187501 0.812499
1.09141e-16 0.583335 0.416665
8.33393e-21 0.416667 0.583333
7.72996e-21 0.821432 0.178568
1.73185e-08 0.884634 0.115373
9.86125e-17 0.291671 0.708329
8.3205e-21 0.206897 0.793103
1.11326e-12 0.720001 0.279999
8.13e-21 0.92308 0.07692
1.75887e-21 0.238096 0.761904
1.07882e-08 0.173916 0.826093
7.62343e-21 0.538461 0.461539
1.4759e-21 0.0769217 0.923078
4.6107e-21 0.562501 0.437499
3.95388e-15 0.4375 0.5625
6.7626e-21 0.259262 0.740738
1.18619e-19 0.0909071 0.909093
8.12293e-21 0.766664 0.233336
1.21977e-21 0.0625003 0.9375
1.87297e-21 0.857145 0.142855
1.03875e-15 0.384616 0.615384
1.9386e-15 0.307694 0.692306
7.50648e-21 0.374999 0.625001
7.48694e-21 0.933332 0.0666685
4.34175e-18 0.428573 0.571427
8.14892e-21 0.576922 0.423078
2.5165e-15 0.73077 0.26923
1.27117e-08 0.166671 0.833333
1.73095e-21 0.0333379 0.966662
0.222768 0.700799 0.0789661
4.16102e-15 0.285719 0.714281
1.16567e-16 0.636363 0.363637
4.06514e-18 0.571427 0.428573
1.64875e-21 0.1 0.9
4.95462e-15 0.896552 0.103448
4.32975e-21 0.250001 0.749999
1.21407e-18 0.133339 0.866661
8.16228e-21 0.679998 0.320002
8.33178e-21 0.421053 0.578947
1.83691e-15 0.2 0.8
4.53246e-21 0.333331 0.666669
1.61088e-21 0.214286 0.785714
0.222387 0.751644 0.0267786
1.80642e-21 0.999902 9.78303e-05
1.34569e-21 0.0689655 0.931035
0.222531 0.675922 0.103003
1.83694e-24 9.80474e-05 0.999902
1.31586e-16 0.222222 0.777778
7.4987e-21 0.966667 0.033333
1.10641e-16 0.608698 0.391302
1.10293e-16 0.666667 0.333333
0.222388 0.778429 0
5.86205e-19 0.500002 0.499998
8.2805e-21 0.533332 0.466668
1.80931e-21 0.357144 0.642856
8.34504e-21 0.80769 0.19231
7.86558e-21 0.473686 0.526314
4.60055e-13 0.34782 0.65218
3.91896e-13 0.454548 0.545452
8.20667e-21 0.399998 0.600002
8.32574e-21 0.555556 0.444444
8.37019e-21 0.6 0.4
0.222392 0.69248 0.0859634
4.5245e-21 0.266667 0.733333
8.32608e-21 0.125 0.875
1.16168e-16 0.444444 0.555556
8.97544e-22 0.052627 0.947373
8.80667e-19 0.142855 0.857145
2.24265e-15 0.7 0.3
3.1168e-13 0.181819 0.818181
1.38543e-21 0.624998 0.375002
2.68678e-09 0.0416665 0.958336
1.60188e-21 0.0833329 0.916667
8.33016e-16 0.652174 0.347826
8.30458e-21 0.52174 0.47826
1.26908e-18 0.11111 0.88889
4.26875e-15 0.3 0.7
0.229185 0.745586 0.0564407
1.70429e-21 0.230768 0.769232
1.82093e-21 0.833332 0.166668
4.81037e-15 0.866667 0.133333
1.09581e-16 0.588235 0.411765
8.19561e-21 0.642857 0.357143
8.32457e-21 0.545456 0.454544
9.48137e-16 0.00298953 0.99701
1.36372e-21 0.153847 0.846153
8.66589e-21 0.464276 0.535724
4.41698e-15 0.411765 0.588235
7.19553e-21 0.363636 0.636364
1.46319e-21 0.272725 0.727275
1.6244e-18 0.318181 0.681819
7.55652e-19 0.785719 0.214281
8.032e-21 0.615386 0.384614
7.3232e-13 0.749999 0.250001
6.66148e-21 0.480003 0.519997
