3.84274e-24 0.312523 0.687477
3.92614e-24 0.655179 0.344821
1.28556e-14 0.0476159 0.952384
1.52327e-13 0.449999 0.550001
9.399e-24 0.800009 0.199991
1.20056e-23 0.277779 0.722221
1.53908e-14 0.36842 0.63158
4.11865e-24 0.461539 0.538461
9.28561e-24 0.620699 0.379301
1.04999e-23 0.777777 0.222223
2.09144e-24 0.117648 0.882352
8.83095e-27 0.000997264 0.999003
8.52206e-24 0.687502 0.312498
3.44762e-24 0.3889 0.6111
9.65084e-24 0.642858 0.357142
3.13848e-24 0.187501 0.812499
2.99087e-12 0.416667 0.583333
7.77653e-14 0.291667 0.708333
8.66693e-24 0.206896 0.793104
1.04171e-23 0.86668 0.13332
0.122389 0.732688 0.151854
2.60556e-24 0.238096 0.761904
8.65659e-24 0.555563 0.444437
1.04169e-23 0.250002 0.749998
1.27276e-23 0.307691 0.692309
1.01168e-23 0.793088 0.206912
1.12532e-23 0.933337 0.0666628
0.122055 0.52642 0.355839
1.04161e-23 0.73329 0.26671
0.122161 0.856311 0.0266501
5.56756e-25 0.0333357 0.966664
1.02773e-17 0.473691 0.526309
2.69135e-18 0.100003 0.899997
6.85266e-24 0.421055 0.578945
2.32346e-23 0.399997 0.600003
7.76295e-24 0.900005 0.0999947
2.63976e-24 0.45455 0.54545
2.67855e-24 0.166665 0.833335
6.0472e-24 0.124999 0.875001
9.79205e-24 0.607143 0.392857
1.0326e-23 0.285715 0.714285
4.82029e-14 0.862046 0.137954
0.124361 0.70322 0.196282
2.38513e-19 0.222223 0.777777
1.02985e-23 0.966667 0.0333328
0.122311 0.51242 0.371657
9.47534e-24 0.999929 7.0536e-05
0.122304 0.733686 0.150291
0.13803 0.87792 1.29158e-05
0.122482 0.566767 0.318421
5.97617e-24 0.35714 0.64286
8.81904e-28 9.98079e-05 0.9999
1.02082e-23 0.714284 0.285716
1.59711e-19 0.374999 0.625001
8.61003e-24 0.692307 0.307693
3.58866e-18 0.133345 0.866655
1.00496e-23 0.666678 0.333322
0.122385 0.805152 0.0794404
7.19254e-24 0.500001 0.499999
8.71731e-25 0.0689668 0.931033
3.17004e-24 0.200001 0.799999
5.0184e-24 0.111111 0.888889
1.00965e-23 0.586209 0.413791
3.52395e-24 0.26667 0.73333
2.98196e-24 0.333333 0.666667
7.42769e-24 0.444441 0.555559
2.46521e-24 0.0526325 0.947367
2.49847e-24 0.142856 0.857144
1.03845e-23 0.750002 0.249998
1.04812e-23 0.766662 0.233338
1.09986e-23 0.181818 0.818182
7.58052e-24 0.0833296 0.91667
3.3934e-20 0.173914 0.826086
1.04105e-23 0.833332 0.166668
7.16252e-24 0.428574 0.571426
9.4747e-24 0.633339 0.366661
3.3242e-24 0.3 0.7
3.65826e-24 0.230771 0.769229
1.63506e-14 0.384616 0.615384
8.0136e-24 0.533326 0.466674
1.86749e-19 0.347827 0.652173
4.74441e-26 0.00298788 0.997012
2.3852e-19 0.214286 0.785714
2.43839e-24 0.153841 0.846159
7.85094e-24 0.464282 0.535718
3.80754e-20 0.411762 0.588238
6.35898e-24 0.363647 0.636353
2.98883e-24 0.27273 0.72727
3.45759e-24 0.318176 0.681824
8.30099e-24 0.518513 0.481487
5.84565e-15 0.0416658 0.958334
2.39448e-14 0.0624987 0.937501
1.05351e-23 0.699998 0.300002
7.73721e-24 0.479999 0.520001
1.42884e-24 0.0909059 0.909094
8.1829e-24 0.571406 0.428594
2.84936e-24 0.259259 0.740741
3.93445e-20 0.437498 0.562502
9.47416e-20 0.814819 0.185181
1.33241e-17 0.0769199 0.92308
