1.16113e-21 0.518518 0.481482
1.29513e-21 0.925942 0.0740578
1.00849e-17 0.388897 0.611103
2.47191e-21 0.611109 0.388891
6.9297e-15 0.759998 0.240002
2.118e-21 0.840001 0.159999
2.1784e-21 0.8 0.2
2.3072e-21 0.187499 0.812501
2.35235e-17 0.416667 0.583333
3.69647e-21 0.291668 0.708332
7.08963e-15 0.206901 0.793099
1.15275e-21 0.642856 0.357144
6.43645e-21 0.238096 0.761904
1.29411e-21 0.173915 0.826085
3.07159e-21 0.533333 0.466667
1.0363e-21 0.0769239 0.923076
0.241617 0.716493 0.0421773
3.83347e-21 0.437499 0.562501
6.87049e-21 0.562501 0.437499
3.18615e-21 0.259262 0.740738
5.06875e-20 0.590911 0.409089
7.4177e-20 0.0909103 0.90909
4.00178e-21 0.699998 0.300002
6.04171e-22 0.222224 0.777776
6.93089e-15 0.851856 0.148144
0.242039 0.621622 0.138381
3.62166e-21 0.3077 0.6923
1.25986e-21 0.933343 0.0666566
6.3965e-21 0.666678 0.333322
1.15008e-21 0.53846 0.46154
7.84974e-22 0.214287 0.785713
3.61491e-21 0.0333362 0.966664
4.15576e-21 0.100003 0.899997
1.24338e-21 0.375003 0.624997
7.01716e-15 0.766669 0.233331
2.31547e-21 0.807693 0.192307
1.19442e-21 0.724134 0.275866
1.2306e-21 0.166665 0.833335
6.47693e-21 0.600002 0.399998
2.76043e-21 0.285716 0.714284
0.241604 0.758632 0
6.13313e-21 0.333333 0.666667
3.17283e-21 0.892858 0.107142
1.1719e-21 0.473685 0.526315
1.16766e-21 0.653855 0.346145
1.17592e-21 0.357142 0.642858
4.91411e-20 0.999904 9.62107e-05
0.24163 0.623455 0.135258
1.18414e-21 0.142853 0.857147
1.06675e-23 0.000101001 0.999899
0.241684 0.724152 0.0347293
3.80782e-21 0.571428 0.428572
1.32915e-21 0.4 0.6
8.93493e-22 0.133336 0.866664
3.5941e-21 0.9 0.0999998
4.22207e-21 0.740755 0.259245
0.241613 0.663952 0.0947104
9.17558e-22 0.299999 0.700001
1.10098e-21 0.454546 0.545454
0.241612 0.690735 0.06792
2.87967e-21 0.500003 0.499997
1.06758e-21 0.0833321 0.916668
7.17484e-20 0.0689661 0.931034
3.72839e-21 0.680005 0.319995
1.08666e-21 0.2 0.8
2.63804e-20 0.583332 0.416668
1.20546e-21 0.421054 0.578946
6.26558e-21 0.153846 0.846154
3.63555e-21 0.250001 0.749999
3.87686e-16 0.266672 0.733328
1.00802e-21 0.555554 0.444446
3.89426e-21 0.444441 0.555559
1.35987e-21 0.966665 0.0333346
7.89019e-22 0.124996 0.875004
1.16696e-21 0.523811 0.476189
7.40493e-22 0.0526244 0.947376
1.2405e-21 0.428576 0.571424
6.87465e-21 0.633347 0.366653
3.74198e-21 0.347825 0.652175
2.2092e-21 0.18182 0.81818
0.241615 0.708119 0.0505448
0.241619 0.659307 0.099372
4.10539e-21 0.111107 0.888893
6.78454e-22 0.23077 0.76923
1.26517e-21 0.384623 0.615377
3.68684e-21 0.615385 0.384615
1.2051e-21 0.866665 0.133335
1.252e-21 0.827583 0.172417
3.83938e-18 0.00298854 0.997011
1.09668e-21 0.464285 0.535715
3.99924e-21 0.318181 0.681819
1.16928e-21 0.411765 0.588235
3.66415e-21 0.272728 0.727272
7.75429e-22 0.0625008 0.937499
6.02085e-21 0.363638 0.636362
3.6393e-21 0.545457 0.454543
6.91387e-15 0.78571 0.21429
1.59403e-13 0.0416659 0.958334
0.241604 0.756652 0.00198207
5.86585e-21 0.479999 0.520001
