2.25233e-26 0.000992635 0.999007
2.044e-24 0.866668 0.133332
3.83691e-24 0.851855 0.148145
2.03765e-24 0.388893 0.611107
2.09728e-24 0.611106 0.388894
0.158206 0.837075 0.00822187
7.29875e-19 0.1875 0.8125
3.75213e-24 0.416666 0.583334
2.1151e-24 0.777779 0.222221
3.80954e-24 0.708333 0.291667
1.48989e-24 0.291668 0.708332
1.97029e-24 0.2069 0.7931
2.20475e-24 0.761904 0.238096
1.00522e-24 0.238096 0.761904
1.5052e-24 0.173913 0.826087
3.54722e-24 0.888895 0.111105
1.02984e-24 0.076921 0.923079
1.24589e-13 0.4375 0.5625
9.94169e-17 0.5625 0.4375
5.62227e-24 0.259261 0.740739
7.04575e-20 0.740731 0.259269
0.15992 0.788333 0.0597362
1.89919e-24 0.473683 0.526317
4.47044e-24 0.526319 0.473681
3.16557e-24 0.793105 0.206895
1.66902e-24 0.444429 0.555571
1.54717e-24 0.307693 0.692307
2.55294e-24 0.692308 0.307692
4.74443e-17 0.499995 0.500005
1.83364e-13 0.599998 0.400002
1.86232e-24 0.999905 9.53353e-05
2.23519e-24 0.199997 0.800003
1.89897e-24 0.222226 0.777774
4.09826e-18 0.166673 0.833327
2.24363e-24 0.933328 0.0666719
0.158209 0.807353 0.0379618
2.18338e-24 0.54545 0.45455
7.03515e-25 0.0333306 0.966669
2.04866e-24 0.100001 0.899999
1.24516e-13 0.454547 0.545453
7.87013e-24 0.347824 0.652176
3.85557e-24 0.625001 0.374999
5.72783e-24 0.285713 0.714287
3.8362e-24 0.642857 0.357143
1.55874e-24 0.0689643 0.931036
2.68107e-24 0.714281 0.285719
2.45973e-24 0.666663 0.333337
7.2937e-23 0.25 0.75
1.13629e-28 9.99331e-05 0.9999
0.159949 0.848334 3.89951e-06
0.158027 0.77899 0.0653662
2.21715e-24 0.13334 0.86666
4.00629e-24 0.399992 0.600008
1.65964e-24 0.333325 0.666675
6.34405e-24 0.35714 0.64286
6.01336e-24 0.588235 0.411765
3.73922e-24 0.75 0.25
2.21477e-24 0.421054 0.578946
9.18106e-23 0.428565 0.571435
3.73823e-24 0.375001 0.624999
2.64766e-24 0.15384 0.84616
2.35995e-24 0.571427 0.428573
2.72281e-24 0.862057 0.137943
4.03978e-24 0.733331 0.266669
5.67918e-24 0.266667 0.733333
2.51185e-24 0.125002 0.874998
1.09859e-24 0.0526381 0.947362
1.35403e-24 0.142856 0.857144
1.86739e-24 0.181817 0.818183
1.9931e-24 0.966669 0.0333312
3.88505e-24 0.769218 0.230782
3.51313e-24 0.899999 0.100001
5.58716e-24 0.0833334 0.916667
2.1212e-24 0.555553 0.444447
2.196e-24 0.833326 0.166674
2.09022e-24 0.111107 0.888893
2.91618e-24 0.300001 0.699999
8.96698e-24 0.636362 0.363638
1.95991e-24 0.700002 0.299998
4.54722e-17 0.230776 0.769224
3.36295e-17 0.0908958 0.909104
1.82517e-24 0.615384 0.384616
8.09343e-24 0.384617 0.615383
1.94328e-24 0.652176 0.347824
3.53072e-25 0.00299107 0.997009
4.53158e-24 0.214287 0.785713
4.29482e-24 0.464284 0.535716
5.5397e-24 0.535717 0.464283
3.48823e-24 0.411773 0.588227
3.44322e-24 0.36364 0.63636
3.66938e-24 0.727271 0.272729
5.80826e-24 0.272722 0.727278
1.27999e-12 0.68182 0.31818
1.90716e-24 0.318182 0.681818
1.9513e-24 0.814815 0.185185
9.44583e-25 0.0416612 0.958339
7.48916e-24 0.0624956 0.937504
1.98987e-24 0.519998 0.480002
1.82925e-24 0.48 0.52
4.86292e-13 0.583336 0.416664
