2.55316e-23 0.529406 0.470594
3.77484e-23 0.78572 0.21428
2.27658e-23 0.607143 0.392857
1.79037e-23 0.277779 0.722221
2.15185e-23 0.368424 0.631576
9.13009e-15 0.461533 0.538467
1.20073e-16 0.578949 0.421051
1.00011e-16 0.117647 0.882353
9.25133e-26 0.000995079 0.999005
2.8612e-23 0.724141 0.275859
3.09512e-23 0.857144 0.142856
2.50708e-23 0.388892 0.611108
5.13249e-13 0.642856 0.357144
1.16321e-23 0.187499 0.812501
2.20457e-23 0.416665 0.583335
3.50487e-23 0.703709 0.296291
1.51094e-23 0.291676 0.708324
5.88763e-15 0.206899 0.793101
3.53148e-23 0.833335 0.166665
3.09826e-23 0.900003 0.0999972
1.52677e-23 0.238095 0.761905
3.53071e-23 0.173914 0.826086
3.62436e-23 0.933321 0.0666791
2.18991e-12 0.473688 0.526312
1.25814e-12 0.222224 0.777776
2.16604e-23 0.827584 0.172416
3.03651e-23 0.583335 0.416665
3.03473e-23 0.307694 0.692306
1.87288e-23 0.0333336 0.966666
1.44734e-23 0.399994 0.600006
2.54203e-23 0.533336 0.466664
3.5127e-23 0.166666 0.833334
3.12071e-23 0.1 0.9
1.55417e-23 0.299995 0.700005
8.3588e-15 0.666667 0.333333
1.81157e-23 0.285715 0.714285
2.60347e-23 0.896549 0.103451
0.147872 0.743995 0.132394
1.70035e-23 0.464269 0.535731
1.36339e-17 0.421054 0.578946
1.60244e-23 0.259261 0.740739
0.145559 0.862557 4.75868e-05
2.73152e-15 0.758621 0.241379
1.06873e-23 0.250002 0.749998
0.145996 0.642606 0.221052
7.95107e-17 0.111114 0.888886
3.03818e-27 0.000100141 0.9999
3.04892e-23 0.9999 9.97369e-05
3.06055e-23 0.620691 0.379309
0.145548 0.627871 0.232914
2.90194e-23 0.499999 0.500001
0.145509 0.78101 0.0795305
2.12162e-23 0.333333 0.666667
2.23658e-23 0.133335 0.866665
2.44554e-23 0.480011 0.519989
2.23418e-23 0.357148 0.642852
2.33217e-23 0.454545 0.545455
2.27461e-23 0.866666 0.133334
0.145054 0.592584 0.265308
3.55758e-23 0.714292 0.285708
0.145468 0.852166 0.00813271
1.89859e-23 0.199999 0.800001
4.29244e-24 0.0689651 0.931035
2.40354e-23 0.374999 0.625001
1.17224e-16 0.565209 0.434791
4.71797e-23 0.266671 0.733329
2.741e-23 0.142852 0.857148
1.01272e-16 0.124996 0.875004
5.51695e-13 0.444443 0.555558
2.53156e-23 0.545456 0.454544
1.68802e-23 0.0526328 0.947367
2.23714e-23 0.555555 0.444445
1.85333e-23 0.181819 0.818181
1.72605e-23 0.0833283 0.916672
2.89118e-23 0.799997 0.200003
4.93059e-13 0.428577 0.571423
2.52531e-23 0.966673 0.033327
2.30106e-23 0.571428 0.428572
2.87867e-23 0.52174 0.47826
3.60292e-23 0.230769 0.769231
2.52545e-23 0.689652 0.310348
1.9933e-13 0.384616 0.615384
2.11826e-23 0.347827 0.652173
1.86317e-25 0.00299113 0.997009
2.07034e-23 0.214287 0.785713
2.33472e-23 0.153838 0.846162
3.1229e-23 0.633334 0.366666
1.64611e-23 0.411764 0.588236
3.48336e-23 0.363643 0.636357
2.21558e-14 0.538463 0.461537
4.81145e-23 0.272729 0.727271
3.6788e-23 0.740739 0.259261
2.03709e-23 0.318175 0.681825
2.23535e-23 0.0416627 0.958337
2.23261e-12 0.777776 0.222224
1.99708e-23 0.0625004 0.9375
3.10092e-23 0.6 0.4
1.76842e-23 0.0909108 0.909089
2.45227e-23 0.437498 0.562502
1.77081e-23 0.0769233 0.923077
