3.17817e-23 0.461546 0.538454
5.66953e-23 0.578948 0.421052
2.68299e-22 0.678576 0.321424
2.72781e-22 0.777777 0.222223
1.69761e-22 0.117647 0.882353
1.43251e-24 0.000998147 0.999002
2.81839e-23 0.851852 0.148148
1.37133e-23 0.611108 0.388892
3.23344e-23 0.388895 0.611105
9.85375e-23 0.714285 0.285715
2.42455e-11 0.187501 0.8125
2.09218e-22 0.416668 0.583332
3.86255e-23 0.291669 0.708331
1.77829e-23 0.20691 0.79309
1.22967e-22 0.900007 0.0999927
3.0565e-16 0.86667 0.13333
2.54525e-23 0.238096 0.761904
1.55835e-23 0.173916 0.826084
1.17988e-23 0.692304 0.307696
2.64403e-22 0.538459 0.461541
3.11436e-23 0.0769209 0.923079
2.98684e-16 0.437501 0.562499
1.52833e-23 0.666667 0.333333
2.70505e-23 0.473693 0.526307
1.71468e-13 0.966678 0.0333221
2.82355e-22 0.583334 0.416666
1.30003e-17 0.571432 0.428568
3.25874e-23 0.142857 0.857143
5.9764e-24 0.22222 0.77778
2.48522e-23 0.250018 0.749982
2.55461e-17 0.533329 0.466671
2.66125e-22 0.733341 0.266659
3.77278e-16 0.375005 0.624995
2.99562e-23 0.4 0.6
1.49132e-23 0.16667 0.83333
2.71582e-16 0.125 0.875
1.72542e-23 0.0333399 0.96666
1.22477e-22 0.896566 0.103434
1.21055e-16 0.454555 0.545445
0.159185 0.698324 0.148778
0.159458 0.816209 0.0322938
3.53641e-23 0.153836 0.846164
2.29092e-23 0.285713 0.714287
1.59529e-22 0.64286 0.35714
1.26968e-22 0.33333 0.66667
6.60601e-11 0.318183 0.681818
0.168073 0.842334 0
0.157687 0.667671 0.17768
1.29287e-27 9.99945e-05 0.9999
2.52384e-23 0.0624997 0.9375
2.6246e-22 0.479999 0.520001
2.88405e-23 0.0689647 0.931035
4.98081e-23 0.6 0.4
2.59298e-22 0.499998 0.500002
1.33835e-22 0.625002 0.374998
1.31744e-15 0.999904 9.55301e-05
1.15749e-22 0.3 0.7
7.14952e-23 0.13334 0.86666
1.7965e-22 0.266669 0.733331
2.12711e-16 0.0999995 0.900001
2.11419e-22 0.421051 0.578949
2.74095e-23 0.357141 0.642859
0.159084 0.753501 0.0930651
3.10639e-23 0.307696 0.692304
1.26485e-22 0.814815 0.185185
1.43055e-23 0.200003 0.799997
5.39857e-23 0.555555 0.444445
1.17765e-22 0.86208 0.13792
1.31264e-23 0.76924 0.23076
1.90824e-15 0.444444 0.555556
1.35061e-22 0.652173 0.347827
2.71954e-23 0.0526315 0.947369
1.98107e-23 0.933331 0.0666689
2.50925e-23 0.181818 0.818182
2.80496e-23 0.214284 0.785716
9.08999e-11 0.0833296 0.916671
3.32235e-23 0.699996 0.300004
2.40244e-22 0.428572 0.571428
2.66515e-22 0.521741 0.478259
8.21919e-24 0.11111 0.88889
2.74126e-23 0.230769 0.769231
2.7023e-19 0.615383 0.384617
1.43714e-22 0.384616 0.615384
2.84624e-22 0.833348 0.166652
3.24786e-12 0.545453 0.454547
4.76298e-23 0.347826 0.652174
4.2711e-24 0.00298866 0.997011
2.83124e-22 0.793104 0.206896
5.04067e-23 0.464282 0.535718
2.91326e-23 0.411765 0.588235
1.87405e-22 0.363641 0.636359
5.70147e-11 0.636365 0.363635
0.159027 0.695659 0.150559
2.81212e-23 0.272729 0.727271
2.30521e-23 0.0416687 0.958331
9.94456e-11 0.0909059 0.909095
2.63055e-22 0.750001 0.249999
2.64438e-22 0.590907 0.409093
1.40071e-22 0.259267 0.740733
2.36061e-22 0.5625 0.4375
