1.32333e-19 0.1875 0.8125
5.58926e-23 0.416666 0.583334
1.89166e-23 0.708328 0.291672
1.68371e-24 0.206898 0.793102
3.95182e-14 0.761905 0.238095
1.97548e-24 0.238097 0.761903
1.67385e-23 0.826086 0.173914
1.57005e-23 0.727272 0.272728
1.40394e-23 0.0769238 0.923076
2.93313e-24 0.437499 0.562501
1.42355e-23 0.25926 0.74074
1.65705e-23 0.740741 0.259259
3.44149e-24 0.0909016 0.909098
1.20771e-10 0.909095 0.0909052
5.62248e-23 0.480002 0.519998
2.46233e-24 0.0624921 0.937508
1.84935e-23 0.923078 0.0769218
4.30561e-24 0.866667 0.133333
1.41142e-23 0.571428 0.428572
8.74155e-24 0.375002 0.624998
1.38162e-23 0.916667 0.0833331
1.6698e-23 0.875003 0.124997
1.75148e-23 0.777771 0.222229
1.5723e-23 0.411767 0.588233
8.79019e-24 0.222221 0.777779
1.7513e-12 0.96667 0.0333301
2.24173e-22 0.722225 0.277775
1.81978e-22 0.586212 0.413788
2.28975e-17 0.181818 0.818182
4.53196e-24 0.0333372 0.966663
7.84666e-13 0.833333 0.166667
1.41693e-23 0.291669 0.708331
1.41791e-23 0.700003 0.299997
1.66497e-23 0.100001 0.899999
2.72425e-24 0.142855 0.857145
6.25335e-24 0.166667 0.833333
1.5113e-23 0.285714 0.714286
0.118367 0.525039 0.361002
2.82289e-24 0.399999 0.600001
4.69249e-24 0.944431 0.0555687
1.65898e-23 0.421051 0.578949
9.00205e-24 0.473685 0.526315
1.69367e-23 0.857143 0.142857
6.70383e-23 0.500001 0.499999
2.81037e-24 0.357144 0.642856
1.66819e-23 0.695653 0.304347
0.118264 0.508851 0.376435
1.38326e-23 0.65385 0.34615
1.69399e-23 0.799999 0.200001
1.84269e-27 9.81397e-05 0.999902
5.64809e-23 0.428572 0.571428
6.49332e-24 0.173914 0.826086
1.73815e-23 0.896553 0.103447
1.4067e-23 0.250003 0.749997
5.68978e-12 0.0689668 0.931033
2.62002e-24 0.333332 0.666668
1.66751e-23 0.647059 0.352941
1.42785e-23 0.666666 0.333334
3.31243e-24 0.999907 9.32873e-05
2.9724e-10 0.733332 0.266669
5.86185e-13 0.133334 0.866666
7.56356e-24 0.444443 0.555557
7.73876e-24 0.454545 0.545455
1.59861e-24 0.199998 0.800002
2.55256e-24 0.307693 0.692307
1.55074e-23 0.769226 0.230774
2.77659e-10 0.749996 0.250007
1.39299e-24 0.266667 0.733333
2.24837e-24 0.124989 0.875011
1.40942e-23 0.55174 0.44826
7.54477e-23 0.0526333 0.947367
1.66295e-23 0.818181 0.181819
1.02008e-23 0.27273 0.72727
1.41825e-23 0.0833322 0.916668
1.77818e-24 0.214285 0.785715
1.7809e-12 0.933332 0.0666681
5.96043e-23 0.714286 0.285714
1.55298e-23 0.111108 0.888892
2.56873e-24 0.300001 0.699999
1.55887e-23 0.23077 0.76923
1.74537e-23 0.900002 0.0999981
9.0432e-24 0.384618 0.615382
2.85828e-24 0.684211 0.315789
1.6732e-23 0.629629 0.370371
1.75528e-23 0.88889 0.11111
5.22876e-23 0.0029907 0.997009
2.98347e-24 0.347825 0.652175
4.45462e-24 0.997012 0.0029884
5.64113e-23 0.793104 0.206896
1.67406e-23 0.785713 0.214287
2.83008e-24 0.153846 0.846154
3.98382e-24 0.846158 0.153842
1.38663e-22 0.518518 0.481482
1.75768e-23 0.956521 0.0434795
2.51332e-24 0.464286 0.535714
1.67748e-24 0.363637 0.636363
8.52769e-24 0.318174 0.681826
1.54961e-23 0.607141 0.392859
1.02915e-24 0.0416579 0.958342
3.66606e-09 0.535707 0.464298
