1.35598e-22 0.291672 0.708328
1.35333e-22 0.52381 0.47619
1.39604e-22 0.482758 0.517242
8.24954e-23 0.206897 0.793103
1.3588e-22 0.793104 0.206896
1.03077e-14 0.636364 0.363636
4.57037e-16 0.238095 0.761905
1.78368e-19 0.761905 0.238095
2.05776e-23 0.039999 0.960001
3.06654e-09 0.826095 0.173909
1.50123e-10 0.173916 0.826085
1.64455e-09 0.538463 0.46154
7.45633e-11 0.384615 0.615385
2.01229e-14 0.923077 0.0769233
1.43114e-22 0.562503 0.437497
1.3649e-22 0.74074 0.25926
1.30629e-22 0.259263 0.740737
3.05805e-11 0.59091 0.40909
2.85169e-23 0.055554 0.944446
6.29621e-23 0.0909076 0.909092
2.02029e-14 0.909094 0.0909065
3.5092e-10 0.642857 0.357144
1.18887e-22 0.26667 0.73333
1.32504e-22 0.692308 0.307692
1.6215e-09 0.545454 0.454549
1.35167e-22 0.777778 0.222222
8.42583e-23 0.307691 0.692309
7.08774e-23 0.142855 0.857145
1.40339e-22 0.100001 0.899999
2.12185e-14 0.966665 0.0333352
1.63217e-11 0.133332 0.866668
6.17157e-12 0.0333334 0.966667
3.18251e-14 0.249999 0.750001
1.97752e-14 0.633331 0.366669
2.34005e-17 0.9 0.1
2.04319e-09 0.833338 0.166664
1.437e-22 0.466664 0.533336
8.02579e-23 0.2 0.8
2.46441e-19 0.333336 0.666664
3.12436e-14 0.388893 0.611107
1.35328e-22 0.285712 0.714288
9.15214e-23 0.23077 0.76923
1.41957e-22 0.555553 0.444447
1.20289e-14 0.74999 0.25001
3.80753e-16 9.99137e-05 0.9999
0.0965057 0.416471 0.489074
1.14402e-14 0.999901 9.94829e-05
3.0662e-16 0.533331 0.466669
2.50305e-19 0.714286 0.285714
1.42253e-22 0.866665 0.133335
1.43164e-22 0.363637 0.636363
1.43396e-22 0.600005 0.399995
2.30894e-23 0.0833323 0.916668
8.49517e-23 0.117651 0.882349
1.33193e-22 0.318181 0.681819
1.54935e-17 0.400001 0.599999
2.35817e-22 0.931036 0.0689636
1.38583e-22 0.800002 0.199998
1.26316e-22 0.153846 0.846154
1.35614e-22 0.166667 0.833333
1.42158e-22 0.571431 0.428569
1.52162e-10 0.125001 0.874999
1.31609e-22 0.666665 0.333335
1.42727e-22 0.357142 0.642858
3.06315e-11 0.0666664 0.933334
1.39615e-22 0.733332 0.266668
1.43851e-22 0.875001 0.124999
1.42292e-22 0.857144 0.142856
1.43967e-22 0.947368 0.0526323
8.59899e-23 0.214285 0.785715
1.3638e-22 0.68182 0.31818
1.32982e-22 0.615384 0.384616
1.43574e-22 0.818182 0.181818
1.43373e-22 0.5 0.5
1.74913e-15 0.181818 0.818182
1.22708e-14 0.769231 0.230769
2.0168e-14 0.649997 0.350003
1.4258e-22 0.916669 0.0833308
6.72053e-11 0.375002 0.624999
1.54073e-17 0.518523 0.481477
1.43258e-22 0.583334 0.416666
8.32946e-23 0.0476107 0.952389
2.48398e-19 0.34783 0.65217
1.44527e-22 0.888889 0.111111
1.94695e-14 0.625 0.375
3.15202e-10 0.300001 0.7
1.3579e-22 0.700002 0.299998
2.22606e-17 0.43333 0.56667
1.82187e-14 0.11111 0.88889
4.7101e-24 0.00299035 0.99701
2.20325e-15 0.997018 0.00298186
1.41673e-22 0.785715 0.214285
2.49764e-15 0.846156 0.153844
6.14759e-23 0.222221 0.777779
1.35798e-22 0.727273 0.272727
2.65599e-15 0.272728 0.727272
1.82896e-14 0.958337 0.0416633
8.26968e-23 0.409091 0.590909
5.3335e-23 0.0769217 0.923078
2.64131e-11 0.937502 0.0624984
