7.24466e-23 0.884612 0.115388
1.62778e-22 0.1875 0.8125
1.85634e-14 0.8125 0.1875
1.21084e-22 0.416665 0.583335
7.24613e-23 0.291668 0.708332
4.05856e-22 0.708333 0.291667
2.27562e-13 0.7931 0.2069
6.28277e-23 0.206897 0.793103
1.30519e-22 0.761904 0.238096
7.21011e-23 0.238096 0.761904
9.60079e-15 0.826087 0.173913
1.56269e-22 0.173914 0.826086
3.53693e-23 0.0769227 0.923077
1.29767e-22 0.4375 0.5625
1.3122e-22 0.562501 0.437499
5.15458e-14 0.259259 0.740741
1.23756e-22 0.74074 0.25926
1.96198e-20 0.0909081 0.909092
1.2914e-22 0.480002 0.519998
1.47249e-22 0.519995 0.480005
5.57385e-23 0.0624998 0.9375
1.28243e-22 0.473688 0.526312
1.21186e-22 0.307698 0.692302
1.63934e-13 0.600001 0.399999
2.57093e-14 0.692307 0.307693
7.94859e-23 0.318179 0.681821
6.20871e-23 0.375006 0.624994
1.35549e-11 0.22222 0.77778
2.43319e-23 0.0333332 0.966667
1.23167e-22 0.966679 0.0333214
1.24101e-22 0.4 0.6
1.29479e-22 0.454545 0.545455
1.30939e-22 0.78572 0.21428
7.34339e-23 0.100002 0.899998
1.3013e-22 0.86666 0.13334
7.71552e-23 0.0833336 0.916666
1.28246e-22 0.714287 0.285713
2.90268e-23 0.0416675 0.958332
1.30642e-22 0.777777 0.222223
1.29919e-22 0.933339 0.0666608
7.23885e-23 0.799999 0.200001
1.78472e-13 0.625006 0.374994
0.106746 0.897349 0.000101837
7.29162e-23 0.0029896 0.99701
1.2863e-22 0.749999 0.250001
1.3001e-22 0.25 0.75
1.29917e-22 0.166666 0.833334
1.07185e-22 0.636364 0.363636
1.52501e-22 0.642857 0.357143
1.30663e-22 0.285718 0.714282
1.30311e-22 0.464279 0.535721
1.2839e-22 0.9999 9.96581e-05
1.55764e-22 0.545452 0.454548
5.07778e-20 0.500005 0.499995
1.65532e-26 9.98039e-05 0.9999
6.69824e-23 0.133333 0.866667
1.21089e-22 0.583333 0.416667
7.26602e-23 0.666671 0.333329
1.05486e-22 0.421053 0.578947
1.23046e-22 0.357144 0.642856
1.30469e-22 0.363636 0.636364
1.50576e-22 0.833327 0.166673
1.61878e-22 0.57143 0.42857
1.18294e-22 0.578948 0.421052
6.00552e-10 0.900001 0.100003
7.10175e-23 0.200001 0.799999
0.106474 0.890947 0.00425143
6.38298e-23 0.0689663 0.931034
1.05923e-13 0.588233 0.411767
1.18225e-22 0.333327 0.666673
7.67349e-23 0.526315 0.473685
1.30505e-22 0.266669 0.733331
1.30528e-22 0.733331 0.266669
6.80424e-23 0.124994 0.875006
2.98567e-22 0.555556 0.444444
1.64728e-13 0.444443 0.555557
3.77049e-23 0.0526319 0.947368
9.88416e-23 0.142857 0.857143
1.2346e-22 0.857143 0.142857
9.43461e-14 0.818183 0.181817
3.19874e-23 0.181819 0.818181
7.22172e-23 0.875004 0.124996
7.13797e-23 0.428571 0.571429
8.38584e-13 0.11111 0.88889
1.29993e-22 0.700001 0.299999
9.4432e-14 0.3 0.7
1.20334e-11 0.230769 0.769231
1.30201e-22 0.769231 0.230769
1.14415e-13 0.615382 0.384618
1.2401e-22 0.384619 0.615381
7.61965e-23 0.347815 0.652185
1.23745e-22 0.652176 0.347824
6.46233e-23 0.214283 0.785717
1.87411e-14 0.846154 0.153846
7.54003e-11 0.153846 0.846154
7.41622e-23 0.535723 0.464277
1.20622e-22 0.411765 0.588235
4.61411e-18 0.272728 0.727272
1.2848e-22 0.727271 0.272729
6.08684e-23 0.681821 0.318179
