1.1156e-22 0.578945 0.421055
3.68525e-15 0.777782 0.222218
2.53281e-23 0.117637 0.882363
1.48194e-22 0.692305 0.307695
1.39416e-22 0.851851 0.148149
8.74571e-23 0.388894 0.611106
1.85574e-15 0.714283 0.285717
4.19183e-23 0.187498 0.812502
5.41716e-23 0.416664 0.583336
5.60959e-23 0.291668 0.708332
2.30763e-18 0.206905 0.793095
1.44506e-22 0.9 0.0999995
1.71245e-22 0.866668 0.133332
3.10696e-23 0.238097 0.761903
3.88868e-23 0.173915 0.826085
3.2061e-11 0.615392 0.38461
9.45847e-16 0.53846 0.46154
8.42106e-17 0.0769216 0.923078
9.52262e-23 0.437493 0.562507
1.12963e-22 0.5625 0.4375
6.67346e-17 0.259266 0.740734
3.56968e-15 0.473683 0.526317
1.36849e-22 0.933341 0.0666586
9.68999e-23 0.6 0.4
6.50661e-23 0.375 0.625
2.09762e-15 0.53333 0.46667
3.08787e-16 0.583327 0.416673
3.84451e-23 0.22222 0.77778
1.34636e-17 0.384616 0.615384
1.09411e-22 0.636367 0.363633
1.12531e-16 0.133335 0.866665
1.35705e-16 0.733338 0.266662
5.44156e-24 0.0333324 0.966668
2.15563e-23 0.0999994 0.900001
3.90261e-23 0.166664 0.833336
2.36937e-25 0.000996511 0.999003
1.33905e-22 0.896564 0.103436
6.23473e-23 0.444443 0.555557
8.01256e-11 0.793109 0.206893
4.94725e-13 0.454549 0.545451
6.89522e-16 0.590906 0.409094
1.60686e-12 0.285716 0.714284
0.160183 0.804689 0.0394248
1.19986e-22 0.555556 0.444444
3.92554e-19 0.624993 0.375007
1.5727e-15 0.464268 0.535732
0.160037 0.69252 0.150846
1.42169e-22 0.666666 0.333334
0.160275 0.718841 0.125801
1.36704e-22 0.999905 9.5366e-05
2.0088e-20 0.357144 0.642856
6.45571e-23 0.399999 0.600001
2.34835e-15 0.333334 0.666666
1.2391e-17 0.250008 0.749992
4.50095e-19 0.611115 0.388885
0.162972 0.741792 0.117418
0.160113 0.750112 0.0936331
0.166874 0.850898 0
6.51816e-23 0.814815 0.185185
3.12186e-23 0.0909093 0.909091
9.2819e-16 0.500001 0.499999
2.42846e-18 0.0689658 0.931034
1.27005e-14 0.307698 0.692302
1.84633e-14 0.421056 0.578944
1.36982e-26 9.97766e-05 0.9999
2.46008e-18 0.199998 0.800002
1.64426e-15 0.0526311 0.947369
5.09195e-23 0.266664 0.733336
1.51984e-22 0.700002 0.299998
1.70429e-22 0.86207 0.13793
9.39923e-24 0.0416689 0.958331
7.99673e-19 0.769234 0.230766
2.25462e-19 0.571428 0.428572
4.72321e-19 0.642859 0.357141
1.80596e-15 0.124994 0.875006
2.841e-23 0.0833346 0.916665
2.06404e-15 0.142855 0.857145
1.41835e-22 0.966676 0.0333243
9.75665e-15 0.181819 0.818181
0.160294 0.809619 0.0351136
7.4699e-23 0.428575 0.571425
1.4158e-22 0.652168 0.347832
1.11435e-22 0.521736 0.478264
2.09429e-23 0.111112 0.888888
4.8926e-23 0.3 0.7
3.99342e-23 0.230769 0.769231
1.55899e-18 0.833327 0.166673
5.55244e-16 0.545457 0.454543
8.57643e-23 0.68182 0.31818
4.49692e-23 0.347823 0.652177
6.42942e-25 0.00299101 0.997009
4.66584e-23 0.214284 0.785716
9.69334e-20 0.153845 0.846155
2.04967e-15 0.411768 0.588232
5.86231e-23 0.363644 0.636356
4.30748e-23 0.272724 0.727276
4.10126e-23 0.318182 0.681818
6.89555e-17 0.0624982 0.937502
1.083e-22 0.479999 0.520001
9.97692e-23 0.749997 0.250003
