2.90362e-22 0.578947 0.421053
6.40953e-17 0.625 0.375
5.52637e-09 0.67858 0.321425
4.56223e-22 0.733332 0.266668
2.47979e-22 0.117647 0.882353
5.75742e-25 0.000995578 0.999004
3.57716e-22 0.518521 0.481479
2.7296e-22 0.388889 0.611111
2.80546e-22 0.88889 0.11111
4.73531e-22 0.833333 0.166667
4.95069e-22 0.758618 0.241382
4.60164e-12 0.187501 0.812499
2.90911e-22 0.416667 0.583333
2.77945e-22 0.291667 0.708333
3.49744e-22 0.206896 0.793104
1.63969e-22 0.238094 0.761906
6.99631e-09 0.814823 0.185187
2.8149e-22 0.173912 0.826088
4.63852e-22 0.6923 0.3077
3.59148e-22 0.533333 0.466667
4.55755e-22 0.785716 0.214284
1.69972e-22 0.0769194 0.923081
2.544e-22 0.266667 0.733333
0.191049 0.668247 0.146588
2.57704e-22 0.307693 0.692307
2.54876e-22 0.272726 0.727274
2.54618e-22 0.375001 0.624999
6.68734e-22 0.79999 0.20001
5.40767e-22 0.699998 0.300002
8.41635e-22 0.0333329 0.966667
5.25399e-12 0.555554 0.444446
2.82696e-22 0.933332 0.0666678
7.23973e-18 0.473688 0.526312
3.72629e-22 0.538461 0.461539
6.65546e-18 0.399998 0.600002
3.05586e-22 0.181818 0.818182
3.76039e-22 0.590909 0.409091
2.81474e-22 0.166666 0.833334
6.1913e-17 0.600003 0.399997
3.55346e-22 0.499997 0.500003
3.08499e-22 0.454546 0.545454
2.94217e-22 0.4375 0.5625
2.80602e-22 0.285714 0.714286
2.3655e-22 0.250001 0.749999
7.77311e-22 0.333331 0.666669
2.04058e-22 0.100007 0.899993
3.06043e-22 0.444444 0.555556
5.68144e-22 0.999904 9.5675e-05
5.14261e-22 0.666658 0.333342
1.84095e-25 9.98012e-05 0.9999
0.190138 0.62693 0.184071
5.51264e-24 0.00299051 0.997009
3.60153e-22 0.222224 0.777776
2.54994e-22 0.357142 0.642858
3.74483e-22 0.740743 0.259257
0.19014 0.728261 0.0827469
3.63642e-22 0.571429 0.428571
0.190242 0.797374 0.0140728
0.190173 0.811148 1.25621e-14
2.72803e-22 0.133333 0.866667
1.51221e-22 0.0689645 0.931035
6.36915e-22 0.421054 0.578946
5.34387e-12 0.545456 0.454545
7.41121e-09 0.857143 0.14286
2.02424e-22 0.199999 0.800001
7.70626e-09 0.900009 0.0999954
2.10401e-22 0.124997 0.875003
1.96894e-22 0.25926 0.74074
3.56811e-22 0.619047 0.380953
3.52706e-22 0.523807 0.476193
9.68624e-23 0.0526327 0.947367
3.69223e-22 0.769226 0.230774
2.46161e-22 0.142854 0.857146
4.41808e-22 0.724138 0.275862
1.04663e-17 0.966669 0.0333312
7.95352e-22 0.363637 0.636363
6.32674e-17 0.0833334 0.916667
3.01886e-22 0.583334 0.416666
3.58314e-22 0.428576 0.571424
2.88328e-22 0.61111 0.38889
4.5666e-22 0.827574 0.172426
0.192682 0.740214 0.0814775
2.05674e-22 0.111112 0.888888
3.94944e-12 0.3 0.7
6.06382e-12 0.230772 0.769229
2.91796e-22 0.384616 0.615384
3.01016e-22 0.347826 0.652174
3.5695e-22 0.214285 0.785715
2.60382e-22 0.153846 0.846154
4.32315e-22 0.464284 0.535716
6.2918e-22 0.633339 0.366661
2.90376e-22 0.411764 0.588236
3.55774e-22 0.866673 0.133327
2.5596e-22 0.318179 0.681821
4.83908e-12 0.562501 0.437499
3.57781e-22 0.0416654 0.958335
1.15253e-22 0.0624964 0.937504
3.71279e-22 0.48 0.52
4.57298e-22 0.653848 0.346152
5.49564e-12 0.0909081 0.909092
