1.51654e-20 0.631581 0.368419
9.70141e-22 0.461537 0.538463
1.1787e-22 0.578947 0.421053
4.355e-15 0.117646 0.882354
1.24668e-23 0.000998045 0.999002
1.22835e-21 0.857145 0.142855
1.02101e-22 0.766667 0.233333
1.03817e-22 0.740743 0.259257
1.22136e-21 0.611109 0.388891
6.96726e-23 0.388891 0.611109
1.16816e-22 0.714288 0.285712
4.62256e-23 0.187498 0.812502
1.21011e-21 0.416668 0.583332
5.63328e-23 0.291669 0.708331
7.15171e-13 0.206896 0.793104
7.18861e-18 0.238096 0.761904
0.153227 0.850626 0.0038465
6.65631e-23 0.173911 0.826089
6.83623e-23 0.642856 0.357144
1.17852e-22 0.799999 0.200001
1.34337e-22 0.53846 0.46154
4.91914e-23 0.0769213 0.923079
5.41909e-23 0.266667 0.733333
1.02526e-22 0.473687 0.526313
1.17417e-22 0.583335 0.416665
1.93219e-22 0.93333 0.0666703
4.60357e-21 0.384616 0.615384
1.25753e-22 0.758621 0.241379
2.84823e-18 0.222222 0.777778
0.152851 0.759835 0.0925933
8.41882e-23 0.4 0.6
1.95207e-22 0.899984 0.100016
5.24085e-11 0.166666 0.833334
5.24267e-18 0.571429 0.428571
1.75565e-22 0.703702 0.296298
6.93002e-22 0.34782 0.65218
5.8062e-23 0.285716 0.714284
1.46812e-14 0.636365 0.363635
4.66301e-21 0.555555 0.444445
6.3935e-23 0.250001 0.749999
0.152995 0.853121 8.38855e-05
9.23992e-23 0.375001 0.624999
1.97484e-22 0.999901 9.92315e-05
1.0385e-22 0.318181 0.681819
1.26405e-22 0.307694 0.692306
1.20655e-26 9.93281e-05 0.999901
0.153203 0.749685 0.104762
4.52487e-22 0.562499 0.437501
1.48725e-22 0.533333 0.466667
0.152569 0.646175 0.204686
1.21038e-21 0.625001 0.374999
5.72798e-23 0.230768 0.769232
1.14891e-22 0.454546 0.545454
0.152582 0.693914 0.157022
1.02842e-22 0.499995 0.500005
7.64955e-22 0.133334 0.866666
4.12496e-23 0.0689647 0.931035
7.01853e-22 0.357144 0.642856
1.26218e-22 0.6 0.4
5.19402e-18 0.545456 0.454544
1.99512e-22 0.0333326 0.966667
6.81247e-22 0.199999 0.800001
5.6176e-23 0.333333 0.666667
5.05181e-23 0.100002 0.899998
1.03077e-22 0.814815 0.185185
4.46461e-18 0.214286 0.785714
1.22231e-21 0.421052 0.578948
1.82625e-22 0.866667 0.133333
0.154048 0.666279 0.192675
3.24979e-23 0.124997 0.875003
5.63876e-13 0.444443 0.555557
1.03117e-22 0.464285 0.535715
3.21725e-23 0.0526343 0.947366
6.52917e-23 0.142858 0.857142
2.05877e-22 0.666667 0.333333
6.76985e-23 0.181816 0.818184
4.10738e-23 0.0833339 0.916666
0.152795 0.851641 0.000458681
1.06409e-22 0.428573 0.571427
6.89431e-23 0.966677 0.0333232
1.70334e-22 0.68965 0.31035
1.09642e-21 0.521741 0.478259
5.48564e-23 0.0909075 0.909092
4.54315e-15 0.111108 0.888892
9.81409e-23 0.3 0.7
1.8076e-22 0.833335 0.166665
1.09346e-21 0.363636 0.636364
1.96138e-22 0.615381 0.384619
5.88494e-22 0.785711 0.214289
3.55504e-23 0.00299103 0.997009
1.23263e-22 0.733333 0.266667
4.13448e-23 0.153839 0.846161
8.91545e-23 0.411772 0.588228
5.53371e-23 0.272727 0.727273
2.03111e-23 0.0416595 0.95834
3.36543e-23 0.0624997 0.9375
1.12861e-22 0.48 0.52
5.40892e-18 0.590913 0.409087
5.28748e-18 0.25926 0.74074
9.20802e-23 0.437497 0.562503
