1.57218e-11 0.538463 0.461537
1.53207e-11 0.578946 0.421054
2.21999e-22 0.117644 0.882356
9.01357e-23 0.000999252 0.999001
1.38896e-11 0.388888 0.611112
1.43543e-11 0.611111 0.388889
3.584e-13 0.888896 0.111104
7.8427e-11 0.758621 0.241379
1.46453e-11 0.187501 0.812499
1.75528e-22 0.416665 0.583335
5.91934e-13 0.291673 0.708327
7.8971e-11 0.708333 0.291667
1.3758e-11 0.206898 0.793103
8.00127e-12 0.238096 0.761904
5.35031e-20 0.173913 0.826087
1.52543e-22 0.0769231 0.923077
2.71679e-14 0.437499 0.562501
8.52759e-11 0.562503 0.437498
3.47511e-11 0.25926 0.740741
2.35021e-19 0.833333 0.166667
1.81122e-22 0.0909078 0.909092
1.92449e-22 0.583332 0.416668
2.23765e-19 0.733333 0.266667
1.40307e-11 0.400001 0.6
1.38885e-11 0.692309 0.307691
1.43409e-11 0.600004 0.399996
4.23524e-14 0.571428 0.428572
1.80076e-22 0.222223 0.777777
6.36771e-13 0.272726 0.727274
5.26902e-11 0.785713 0.214287
2.6821e-11 0.933328 0.066672
1.79844e-22 0.480001 0.519999
3.75721e-11 0.526314 0.473687
6.17361e-12 0.100003 0.899997
1.72686e-22 0.0526319 0.947368
1.57724e-11 0.411766 0.588234
2.0279e-22 0.166667 0.833333
1.9226e-11 0.625003 0.374997
1.37327e-11 0.545453 0.454547
7.6041e-12 0.285717 0.714283
8.10977e-20 0.25001 0.74999
1.23123e-22 0.00298985 0.99701
1.57396e-11 0.454553 0.545447
1.37883e-11 0.499999 0.500001
1.57573e-11 0.666667 0.333333
1.83468e-22 0.347823 0.652177
1.43988e-11 0.714288 0.285712
2.74006e-11 0.375 0.625001
1.39295e-22 0.0689659 0.931034
1.38972e-11 0.9999 9.96288e-05
0.191819 0.744768 0.0659309
1.5452e-11 0.133335 0.866665
2.68087e-11 0.357146 0.642854
2.76345e-11 0.642856 0.357144
1.64669e-22 0.0333342 0.966666
1.58688e-19 0.588235 0.411765
0.193531 0.812841 0
1.54546e-11 0.199999 0.800001
6.09389e-12 0.851853 0.148148
9.18699e-16 0.000100128 0.9999
4.65845e-20 0.0833338 0.916666
1.17142e-10 0.333331 0.66667
1.82292e-22 0.421053 0.578947
1.44803e-11 0.473687 0.526313
1.43385e-11 0.307693 0.692307
2.70569e-11 0.9 0.0999997
0.191813 0.753116 0.0575587
1.43833e-22 0.266667 0.733333
2.69428e-11 0.125002 0.874999
1.00253e-10 0.444441 0.55556
4.73988e-20 0.428571 0.571429
1.38019e-22 0.142856 0.857144
1.94026e-11 0.966667 0.0333328
1.46411e-11 0.181816 0.818184
1.19479e-10 0.82143 0.178571
2.72997e-19 0.555558 0.444442
0.193813 0.802605 0.0116097
1.3091e-11 0.111111 0.88889
3.17077e-19 0.7 0.3
1.77666e-22 0.299999 0.700001
1.73179e-22 0.230769 0.769231
6.71443e-13 0.153847 0.846153
6.18413e-12 0.866664 0.133337
2.15016e-10 0.384616 0.615385
3.59357e-13 0.799999 0.200001
2.67977e-11 0.615386 0.384614
2.67881e-11 0.318182 0.681818
7.88263e-11 0.769231 0.230769
1.37128e-11 0.214286 0.785714
1.43092e-11 0.652174 0.347826
1.56437e-11 0.535717 0.464283
1.59074e-19 0.52 0.48
1.42934e-11 0.464281 0.535719
9.02372e-23 0.0416663 0.958334
1.38631e-11 0.636364 0.363636
2.91686e-19 0.363637 0.636363
2.21916e-19 0.727273 0.272727
1.37712e-11 0.681822 0.318178
1.00409e-21 0.740737 0.259263
1.35916e-22 0.0625003 0.9375
