0.379314 0.41379 0.206896
9.25238e-05 0.833244 0.166664
0.137939 0.586195 0.275866
0.166492 0.666877 0.166632
0.51852 0.148147 0.333333
0.148148 0.518519 0.333333
0.285714 0.380953 0.333333
0.311117 0.35555 0.333333
0.355556 0.311111 0.333333
0.631082 0.234839 0.134079
0.392872 0.607045 8.31518e-05
0.517276 0.344838 0.137886
0.03333 0.933337 0.0333328
0.448323 0.482717 0.0689596
0.2069 0.517235 0.275866
0.0672741 0.798206 0.13452
0.724066 0.000102024 0.275832
0.799919 0.199981 0.000100025
8.50941e-05 0.766602 0.233313
0.392868 0.35714 0.249992
0.475288 0.305369 0.219344
0.133333 0.533334 0.333333
0.933241 9.85162e-05 0.0666604
0.0512824 0.615384 0.333333
0.266669 0.399997 0.333333
0.416667 0.249999 0.333333
0.103434 0.896463 0.000103143
0.86198 0.137917 0.0001034
0.444445 0.222222 0.333333
0.724268 0.103397 0.172335
0.034056 0.817337 0.148607
0.214285 0.750001 0.0357136
0.533332 0.133334 0.333333
0.785626 0.00010247 0.214272
0.482707 0.517189 0.000103369
0.666798 0.148085 0.185117
0.222226 0.444441 0.333333
9.98323e-05 0.666567 0.333333
0.9998 9.99654e-05 0.000100014
0.491229 0.175438 0.333333
0.333334 0.333333 0.333333
0.666567 9.97943e-05 0.333333
9.56801e-05 0.999804 0.000100017
0.575342 0.0958928 0.328765
0.222277 0.592618 0.185106
0.413797 0.310343 0.27586
0.275865 0.551721 0.172414
0.74067 0.259229 0.000100438
0.821411 0.0714341 0.107155
0.400007 0.26666 0.333333
0.620627 0.37927 0.000103417
0.178559 0.571447 0.249995
0.28571 0.428575 0.285715
0.0952384 0.571428 0.333333
0.27568 0.724217 0.000103128
0.61538 0.0512865 0.333333
0.380955 0.285712 0.333333
0.571406 0.321408 0.107187
0.39279 0.464273 0.142937
0.482758 0.241379 0.275863
0.344841 0.517273 0.137886
0.573107 0.213432 0.213461
0.370372 0.296295 0.333333
0.296296 0.37037 0.333333
0.689595 0.310301 0.00010339
0.310848 0.585543 0.103609
0.103475 0.689571 0.206953
0.137971 0.758559 0.10347
9.99192e-05 0.899909 0.0999911
0.689645 0.206908 0.103447
0.866581 9.98086e-05 0.13332
0.517265 0.413792 0.0689432
0.5 0.166667 0.333333
0.166666 0.500001 0.333333
0.689662 0.0689617 0.241377
0.310345 0.482759 0.206896
0.172391 0.827506 0.0001034
0.413823 0.551696 0.0344819
0.0666786 0.866643 0.0666788
0.551723 0.275862 0.172415
0.241652 0.689421 0.0689269
0.175438 0.491229 0.333333
0.633335 0.033332 0.333333
0.0333296 0.633337 0.333333
0.758635 0.172403 0.0689617
0.655164 0.275872 0.0689646
0.0740746 0.592592 0.333333
0.592593 0.0740738 0.333333
0.555557 0.111109 0.333333
0.19048 0.476187 0.333333
0.476189 0.190477 0.333333
0.0689598 0.655177 0.275863
0.249999 0.416668 0.333333
0.586679 0.137748 0.275573
0.44831 0.379284 0.172406
0.206897 0.65517 0.137933
0.346122 0.653775 0.000103117
0.900007 0.0666603 0.0333328
0.111112 0.555555 0.333333
0.551663 0.448234 0.000103391
