9.94447e-05 0.83325 0.166651
0.551738 0.172398 0.275864
0.344828 0.517242 0.13793
0.137893 0.58626 0.275847
0.148148 0.518518 0.333333
0.518519 0.148148 0.333333
0.166693 0.666613 0.166694
0.413796 0.310343 0.275861
0.285712 0.380955 0.333333
0.380952 0.285714 0.333333
0.620689 0.241381 0.13793
0.392812 0.607086 0.000101186
0.517242 0.344828 0.13793
0.206898 0.517237 0.275864
0.689585 0.310312 0.000103447
0.0689583 0.793125 0.137917
0.724063 0.000103028 0.275834
0.799895 0.200005 0.000100012
0.933246 9.3289e-05 0.0666608
9.98906e-05 0.899904 0.099996
0.475191 0.305496 0.219313
0.133332 0.533334 0.333333
0.4 0.266667 0.333333
0.620621 0.379276 0.000103446
0.533335 0.133332 0.333333
0.861983 0.137913 0.000103441
0.785641 0.000100665 0.214259
0.9998 9.99412e-05 9.99894e-05
0.392854 0.464286 0.142859
0.206896 0.655174 0.13793
0.0512847 0.615382 0.333333
0.103442 0.689585 0.206973
0.666707 0.14813 0.185163
0.444444 0.222222 0.333333
0.689647 0.0689674 0.241386
0.222222 0.444445 0.333333
0.592592 0.0740745 0.333333
0.0340581 0.817338 0.148604
9.98392e-05 0.666567 0.333333
0.555555 0.111112 0.333333
0.416667 0.25 0.333333
0.346112 0.653786 0.000101653
0.48271 0.517187 0.000103447
0.222235 0.592567 0.185197
0.551664 0.448232 0.000103442
0.666567 0.000100034 0.333333
0.000100009 0.9998 9.99894e-05
0.311111 0.355556 0.333333
9.21348e-05 0.766581 0.233327
0.740668 0.259231 0.000101009
0.175436 0.49123 0.333333
0.0333299 0.933337 0.0333335
0.615382 0.0512845 0.333333
0.214287 0.750002 0.0357115
0.575341 0.0958928 0.328766
0.655169 0.275867 0.0689641
0.285716 0.428574 0.28571
0.0952382 0.571428 0.333333
0.137905 0.758664 0.103431
0.571428 0.321429 0.107144
0.172387 0.827509 0.000103441
0.821429 0.0714272 0.107144
0.275832 0.724064 0.000103446
0.491228 0.175438 0.333333
0.571504 0.214238 0.214259
0.296297 0.37037 0.333333
0.370369 0.296297 0.333333
0.166665 0.500002 0.333333
0.311029 0.585362 0.103609
0.689653 0.206899 0.103448
0.517241 0.413795 0.0689641
0.333333 0.333333 0.333333
0.500001 0.166666 0.333333
0.310346 0.482757 0.206897
0.392859 0.357142 0.249999
0.190476 0.47619 0.333333
0.413793 0.551732 0.0344754
0.24138 0.689656 0.0689641
0.178567 0.571417 0.250016
0.275863 0.551726 0.172411
0.0333321 0.633335 0.333333
0.63333 0.0333364 0.333333
0.758626 0.17241 0.068964
0.448276 0.48276 0.0689641
0.0740712 0.592595 0.333333
0.476191 0.190476 0.333333
0.266667 0.4 0.333333
0.249999 0.416668 0.333333
0.0668438 0.866313 0.0668436
0.103446 0.896454 9.99891e-05
0.448281 0.379308 0.172411
0.0689616 0.655175 0.275863
0.11111 0.555556 0.333333
0.866578 9.78292e-05 0.133324
0.899995 0.0666706 0.0333345
0.724145 0.103444 0.172411
0.355551 0.311116 0.333333
0.482758 0.241379 0.275863
0.620682 0.137932 0.241386
0.551726 0.275863 0.172411
