0.517253 0.344823 0.137923
0.172221 0.551896 0.275883
0.14814 0.518527 0.333333
0.310346 0.413805 0.275849
0.380955 0.285711 0.333333
0.28571 0.380957 0.333333
0.355549 0.311117 0.333333
0.311111 0.355555 0.333333
0.344506 0.586596 0.0688977
9.39501e-05 0.799902 0.200004
0.137881 0.724229 0.137889
0.933342 0.0333285 0.03333
0.482823 0.44822 0.0689566
0.0341567 0.689987 0.275856
0.517245 0.206899 0.275856
0.797582 0.0674394 0.134978
0.310305 0.689591 0.000103391
0.621299 0.241124 0.137577
0.000101001 0.896476 0.103423
0.482762 0.310334 0.206905
0.379273 0.620624 0.000103242
0.428579 0.285709 0.285713
0.615378 0.051289 0.333333
0.571456 0.178558 0.249986
0.896453 0.103444 0.000103267
0.592138 0.222481 0.185381
0.344828 0.517242 0.13793
0.222222 0.444445 0.333333
0.817343 0.0340563 0.148601
0.175435 0.491231 0.333333
0.4 0.266667 0.333333
9.25229e-05 0.749922 0.249985
0.66657 9.65335e-05 0.333333
0.533335 0.133331 0.333333
0.0740712 0.592595 0.333333
0.464272 0.392884 0.142844
0.517174 0.482723 0.000103335
0.305456 0.475177 0.219367
9.97689e-05 0.666567 0.333333
0.137754 0.621203 0.241042
0.766566 9.69314e-05 0.233337
0.444446 0.222221 0.333333
0.147834 0.667372 0.184794
0.413674 0.517368 0.0689583
0.607204 0.392754 4.22768e-05
0.9998 9.99828e-05 9.99867e-05
0.333334 0.333333 0.333333
0.0512844 0.615382 0.333333
0.571426 0.095241 0.333333
9.97464e-05 0.9998 9.99691e-05
0.133332 0.533334 0.333333
0.518522 0.148145 0.333333
0.0666574 0.933243 9.99865e-05
0.0958917 0.575344 0.328764
0.491233 0.175433 0.333333
0.259234 0.740666 0.000100135
0.266667 0.4 0.333333
0.166663 0.500003 0.333333
0.750008 0.214283 0.0357092
0.0340765 0.817323 0.148601
0.321399 0.571442 0.10716
0.213166 0.573717 0.213117
0.296297 0.37037 0.333333
0.370371 0.296296 0.333333
0.585397 0.310952 0.103651
0.758677 0.1379 0.103423
0.172402 0.758642 0.0689567
0.899904 9.86396e-05 0.099997
0.1111 0.555567 0.333333
0.499999 0.166668 0.333333
0.2759 0.655141 0.0689592
0.827501 0.172396 0.000103252
0.357237 0.39277 0.249993
0.416667 0.25 0.333333
0.551728 0.413789 0.0344827
0.687664 0.243603 0.0687332
0.033334 0.633333 0.333333
0.633344 0.0333225 0.333333
0.137931 0.861966 0.000103339
0.103462 0.689626 0.206912
0.592592 0.0740751 0.333333
0.47619 0.190477 0.333333
0.190486 0.47618 0.333333
0.250002 0.416665 0.333333
0.653859 0.346038 0.000103242
0.866673 0.0666609 0.0666656
0.206598 0.655515 0.137887
0.379323 0.448291 0.172386
0.551714 0.275852 0.172434
0.689629 0.103457 0.206914
0.655247 0.0688668 0.275886
0.100095 0.799805 0.1001
0.241385 0.482758 0.275856
0.555556 0.11111 0.333333
0.724059 0.275838 0.000103252
0.0666296 0.866702 0.0666682
0.448227 0.55167 0.000103266
0.277548 0.549146 0.173306
0.691186 0.171576 0.137238
0.199979 0.799921 9.99884e-05
