0.83325 9.98332e-05 0.16665
0.172414 0.551723 0.275863
0.517241 0.344828 0.137931
0.148148 0.518519 0.333333
0.518519 0.148148 0.333333
0.66667 0.166668 0.166662
0.285714 0.380953 0.333333
0.380952 0.285714 0.333333
0.31111 0.355557 0.333333
0.60708 0.392819 0.000101193
0.344828 0.517241 0.137931
0.933334 0.0333331 0.0333333
0.517241 0.206897 0.275862
0.310316 0.68958 0.000103451
0.793424 0.0688587 0.137717
0.00010325 0.724063 0.275833
0.199981 0.799919 0.000100004
9.96777e-05 0.93324 0.0666605
0.633333 0.0333339 0.333333
0.133334 0.533333 0.333333
0.896459 0.103438 0.000103451
0.137919 0.861977 0.000103451
0.615384 0.0512828 0.333333
0.033334 0.633333 0.333333
0.379273 0.620624 0.000103451
0.555556 0.111111 0.333333
0.0512822 0.615385 0.333333
0.413793 0.517243 0.0689645
9.69139e-05 0.785636 0.214267
0.4 0.266667 0.333333
0.464287 0.392854 0.142859
0.444444 0.222222 0.333333
0.148132 0.666703 0.185165
0.37931 0.448276 0.172414
0.592483 0.222282 0.185235
0.214231 0.571538 0.214231
0.222221 0.444445 0.333333
0.689646 0.103451 0.206903
0.533333 0.133333 0.333333
0.65378 0.346117 0.000103241
0.724069 0.275828 0.000103449
0.517188 0.482709 0.000103451
0.241366 0.620711 0.137923
0.0714337 0.821415 0.107151
0.355555 0.311112 0.333333
0.305482 0.475195 0.219323
0.0958905 0.575342 0.328767
0.491229 0.175438 0.333333
0.482759 0.448276 0.0689645
0.275861 0.551726 0.172413
0.750003 0.214282 0.0357143
0.266667 0.4 0.333333
0.666567 9.9987e-05 0.333333
0.9998 9.99883e-05 9.99936e-05
0.551724 0.413793 0.0344827
0.241379 0.48276 0.275861
9.99519e-05 0.666567 0.333333
0.333333 0.333333 0.333333
0.175438 0.491229 0.333333
0.584482 0.311639 0.103879
0.259233 0.740666 0.000101013
0.416667 0.25 0.333333
0.571428 0.0952384 0.333333
0.37037 0.296297 0.333333
0.428571 0.285715 0.285714
0.321427 0.57143 0.107143
0.500001 0.166666 0.333333
0.296296 0.370371 0.333333
0.758686 0.137894 0.10342
0.89991 9.95578e-05 0.0999903
0.310345 0.413793 0.275862
0.206898 0.689654 0.103448
0.817339 0.034055 0.148606
0.689647 0.241388 0.0689645
0.166666 0.500001 0.333333
0.482758 0.310344 0.206897
0.35714 0.392863 0.249997
0.8275 0.172397 0.000103451
0.571428 0.178571 0.250001
0.0689673 0.689649 0.241383
0.190477 0.47619 0.333333
0.172412 0.758624 0.0689645
0.655174 0.0689639 0.275863
0.275865 0.655171 0.0689645
0.586229 0.137923 0.275848
0.551724 0.275862 0.172414
0.592593 0.074074 0.333333
0.0740753 0.592591 0.333333
0.111111 0.555556 0.333333
0.47619 0.190476 0.333333
0.25 0.416667 0.333333
0.866408 0.0667957 0.066796
9.99013e-05 0.866579 0.133321
0.655167 0.206902 0.137931
0.766587 9.99949e-05 0.233313
0.0666462 0.90002 0.0333341
9.99899e-05 0.9998 0.000100001
0.103376 0.724331 0.172293
0.13793 0.620686 0.241383
0.448232 0.551665 0.000103451
