0.148148 0.518519 0.333333
0.380954 0.285713 0.333333
0.355555 0.311111 0.333333
0.311112 0.355555 0.333333
0.206903 0.551715 0.241382
0.448262 0.448293 0.103445
0.448282 0.344823 0.206896
0.172386 0.655229 0.172385
0.285712 0.380954 0.333333
0.517237 0.206898 0.275865
0.0333238 0.933342 0.0333338
0.0679774 0.796071 0.135951
0.72408 0.000102297 0.275818
0.551725 0.344828 0.103448
0.275829 0.724067 0.000103462
0.799921 0.199979 0.000100017
0.76551 0.100495 0.133995
0.551625 0.448271 0.000103439
0.517242 0.413794 0.0689646
0.034066 0.817332 0.148602
0.502411 0.267934 0.229656
0.133334 0.533333 0.333333
0.166664 0.500002 0.333333
0.678569 0.142858 0.178573
0.689656 0.241379 0.0689646
0.861985 0.137912 0.000103462
0.0512823 0.615384 0.333333
0.199981 0.799919 0.000100018
0.103436 0.89646 0.000103462
0.615383 0.0512833 0.333333
0.185186 0.629627 0.185187
0.444444 0.222222 0.333333
0.592594 0.296297 0.111109
9.91973e-05 0.666567 0.333333
9.99823e-05 0.9998 0.00010001
0.095239 0.571428 0.333333
0.655177 0.31035 0.0344731
0.620686 0.103449 0.275865
0.482708 0.517188 0.000103466
0.620714 0.275847 0.103439
0.866591 8.70602e-05 0.133322
0.666567 9.98812e-05 0.333333
0.0740743 0.592592 0.333333
0.175438 0.491228 0.333333
0.400043 0.433273 0.166683
0.344831 0.448272 0.206896
0.333332 0.333334 0.333333
0.310353 0.551709 0.137938
0.9998 9.98842e-05 0.00010001
0.37037 0.296296 0.333333
0.740666 0.259233 0.000101027
0.333301 0.666599 0.000100018
0.214286 0.750006 0.0357074
0.4 0.266666 0.333333
0.518523 0.148144 0.333333
0.241369 0.586225 0.172406
0.533334 0.133333 0.333333
0.491232 0.175435 0.333333
0.575341 0.0958909 0.328768
9.80478e-05 0.769155 0.230747
0.620623 0.379274 0.000103466
0.821395 0.071443 0.107162
0.448277 0.275861 0.275862
0.551723 0.24138 0.206896
0.266668 0.399999 0.333333
0.933245 9.50032e-05 0.0666604
0.296295 0.370372 0.333333
0.10345 0.689654 0.206896
0.393707 0.572616 0.0336768
0.25 0.416667 0.333333
8.99939e-05 0.899918 0.0999919
0.758619 0.172417 0.0689646
0.482765 0.379306 0.137929
0.586205 0.172414 0.241381
0.5 0.166667 0.333333
0.785632 9.91464e-05 0.214269
0.137937 0.793099 0.0689646
0.392854 0.35715 0.249997
0.555558 0.111109 0.333333
0.689676 0.068942 0.241382
0.241386 0.655167 0.103447
0.033332 0.633335 0.333333
0.633329 0.0333377 0.333333
0.592596 0.074071 0.333333
0.476188 0.190478 0.333333
0.190477 0.476189 0.333333
0.222222 0.444445 0.333333
0.416667 0.25 0.333333
0.0667328 0.866537 0.06673
0.25 0.500002 0.249998
0.137936 0.586194 0.27587
0.433311 0.500022 0.0666676
0.137917 0.724166 0.137918
0.900034 0.0666325 0.0333338
0.111111 0.555556 0.333333
0.655176 0.206895 0.137929
0.0344778 0.689662 0.27586
0.517251 0.310351 0.172399
0.310343 0.413796 0.275861
0.310345 0.620691 0.0689642
