9.08045e-05 0.83329 0.166619
0.344828 0.517243 0.137929
0.137865 0.58641 0.275725
0.518517 0.14815 0.333333
0.148148 0.518519 0.333333
0.166662 0.666673 0.166666
0.285712 0.380955 0.333333
0.380956 0.285711 0.333333
0.355543 0.311123 0.333333
0.31111 0.355557 0.333333
0.832956 0.100235 0.0668093
0.392814 0.607085 0.000100173
0.517225 0.275868 0.206908
0.0333071 0.933364 0.0333289
0.448281 0.482754 0.0689649
0.689609 0.137982 0.172408
0.206897 0.517239 0.275863
0.0674365 0.797681 0.134883
0.724158 7.22525e-05 0.27577
0.517249 0.344824 0.137927
0.933097 9.30992e-05 0.0668103
9.93688e-05 0.766585 0.233316
0.475209 0.305461 0.21933
0.795148 0.170744 0.0341085
0.861962 0.137934 0.000103446
8.74109e-05 0.666579 0.333333
0.0512849 0.615382 0.333333
0.620723 0.137918 0.241359
0.615382 0.051285 0.333333
0.178534 0.571489 0.249977
0.785671 8.47175e-05 0.214244
0.551661 0.448235 0.000103447
0.266666 0.400001 0.333333
0.103438 0.896458 0.000103446
0.214292 0.750021 0.0356875
0.533332 0.133335 0.333333
0.392849 0.464296 0.142855
0.333329 0.333338 0.333333
0.241383 0.689652 0.0689649
0.222454 0.592175 0.185371
0.444447 0.22222 0.333333
0.0689679 0.65516 0.275872
0.222221 0.444446 0.333333
9.49496e-05 0.724068 0.275837
0.175438 0.491229 0.333333
0.821501 0.0713719 0.107127
0.416673 0.249993 0.333333
0.620617 0.37928 0.000103431
0.0333189 0.633348 0.333333
0.0340554 0.817341 0.148604
9.92498e-05 0.999801 9.99477e-05
0.285717 0.428579 0.285704
0.74066 0.25924 0.00010021
0.346048 0.653849 0.000103211
0.666567 9.96454e-05 0.333333
0.9998 9.97545e-05 9.99578e-05
0.275786 0.724111 0.000103429
0.49123 0.175437 0.333333
0.500014 0.166653 0.333333
0.575343 0.0958914 0.328766
0.571427 0.321417 0.107156
0.0952381 0.571429 0.333333
0.400004 0.266663 0.333333
0.592592 0.0740746 0.333333
0.103447 0.689652 0.2069
0.571459 0.214265 0.214275
0.370369 0.296297 0.333333
0.296296 0.37037 0.333333
0.311387 0.584819 0.103794
9.80647e-05 0.899915 0.0999869
0.51725 0.413787 0.0689626
0.666801 0.148085 0.185113
0.0740636 0.592603 0.333333
0.716745 0.214945 0.0683099
0.166664 0.500003 0.333333
0.689619 0.0689655 0.241416
0.310329 0.482771 0.206901
0.172394 0.827502 0.000103447
0.392856 0.357147 0.249997
0.137907 0.758655 0.103438
0.413808 0.551734 0.0344575
0.633334 0.0333326 0.333333
0.62076 0.241312 0.137927
0.133329 0.533337 0.333333
0.55556 0.111106 0.333333
0.476184 0.190483 0.333333
0.190486 0.476181 0.333333
0.250001 0.416666 0.333333
0.413811 0.310334 0.275855
0.75964 0.103013 0.137346
0.448276 0.379313 0.172411
0.655258 0.310288 0.0344544
0.482711 0.517185 0.000103447
0.275859 0.551723 0.172417
0.206897 0.655176 0.137927
0.0667008 0.866602 0.0666975
0.866479 9.3431e-05 0.133427
0.482765 0.241379 0.275855
0.111109 0.555558 0.333333
0.933249 0.0666513 0.0001
