0.799932 9.79262e-05 0.19997
0.148149 0.518518 0.333333
0.666672 0.199997 0.133331
0.448277 0.275861 0.275862
0.380953 0.285714 0.333333
0.517244 0.275861 0.206895
0.285712 0.380955 0.333333
0.311111 0.355555 0.333333
0.355556 0.311111 0.333333
0.571371 0.428528 0.000100817
0.58621 0.27586 0.13793
0.310316 0.68958 0.000103439
0.000103396 0.724063 0.275833
0.241378 0.48276 0.275862
0.724069 0.275827 0.000103436
0.379326 0.344801 0.275873
0.758551 9.18753e-05 0.241357
0.571428 0.0952387 0.333333
0.379271 0.620626 0.000103436
0.448279 0.41379 0.13793
0.137915 0.861982 0.000103436
0.133334 0.533333 0.333333
9.78411e-05 0.785637 0.214265
0.896449 0.103447 0.000103436
0.615382 0.0512848 0.333333
0.25 0.416667 0.333333
0.259287 0.518504 0.22221
0.476191 0.190476 0.333333
0.148103 0.666769 0.185129
9.52727e-05 0.933244 0.0666606
0.222221 0.444446 0.333333
0.344828 0.482759 0.172413
0.666599 0.333301 9.99927e-05
0.533334 0.133333 0.333333
0.491228 0.175438 0.333333
0.444444 0.222223 0.333333
0.655182 0.0689514 0.275866
0.555558 0.296297 0.148145
0.259236 0.740663 0.000100978
0.0512839 0.615383 0.333333
0.817341 0.0340573 0.148602
0.517171 0.482725 0.000103436
0.750003 0.214286 0.0357117
0.095891 0.575342 0.328767
0.666567 9.99706e-05 0.333333
0.9998 0.000100003 9.99822e-05
0.166667 0.5 0.333333
0.333334 0.333333 0.333333
0.370372 0.296295 0.333333
0.642852 0.142858 0.21429
0.266663 0.400004 0.333333
0.175437 0.49123 0.333333
0.407406 0.407413 0.185181
0.409092 0.272727 0.318181
0.321435 0.571421 0.107144
0.416667 0.249999 0.333333
0.500001 0.166666 0.333333
0.000100001 0.9998 0.000100002
0.0714308 0.82142 0.10715
0.48276 0.448279 0.0689611
0.111111 0.555556 0.333333
0.296297 0.37037 0.333333
0.206906 0.689642 0.103452
0.723655 0.172716 0.10363
0.89991 9.99856e-05 0.09999
0.586207 0.37931 0.0344826
0.518519 0.148148 0.333333
0.499997 0.25 0.250003
0.0333327 0.633334 0.333333
0.0689646 0.689654 0.241381
0.321427 0.428577 0.249996
0.0666674 0.799997 0.133336
0.396915 0.469067 0.134018
9.99419e-05 0.666567 0.333333
0.433328 0.533338 0.033334
0.592593 0.0740741 0.333333
0.620622 0.206934 0.172445
0.724202 0.103424 0.172374
0.633334 0.0333329 0.333333
0.172373 0.7587 0.0689269
0.448273 0.344832 0.206894
0.827502 0.172394 0.000103439
0.275865 0.655174 0.0689607
0.866644 0.0666779 0.0666781
0.0740727 0.592594 0.333333
0.190478 0.476189 0.333333
0.655171 0.275865 0.0689641
0.933335 0.0333331 0.033332
9.99888e-05 0.86658 0.13332
0.551722 0.172415 0.275863
0.0666643 0.900004 0.033332
0.103429 0.724177 0.172394
0.555559 0.111107 0.333333
0.103448 0.62069 0.275862
0.241386 0.586202 0.172412
0.172412 0.586209 0.241379
0.539721 0.359081 0.101198
0.4 0.266666 0.333333
0.799999 0.0999999 0.100001
0.19998 0.79992 9.99927e-05
