9.68633e-05 0.833252 0.166651
0.551749 0.172399 0.275852
0.137896 0.586285 0.275818
0.166754 0.699843 0.133403
0.148147 0.51852 0.333333
0.518519 0.148148 0.333333
0.285714 0.380953 0.333333
0.380952 0.285714 0.333333
0.355557 0.31111 0.333333
0.311111 0.355556 0.333333
0.620701 0.241373 0.137927
0.392816 0.607082 0.000101214
0.517245 0.344825 0.13793
0.0333316 0.933336 0.0333328
0.44828 0.482757 0.068963
0.379275 0.517292 0.103433
0.206895 0.517236 0.275869
0.068884 0.793347 0.137769
0.724067 9.6387e-05 0.275836
0.799916 0.199984 0.000100023
0.620622 0.379275 0.00010329
0.533336 0.133331 0.333333
0.103452 0.689634 0.206914
8.95811e-05 0.766599 0.233312
0.0512849 0.615382 0.333333
0.66668 0.148142 0.185178
0.392832 0.464306 0.142863
0.000100008 0.9998 0.000100015
0.133334 0.533332 0.333333
0.285715 0.428574 0.285712
0.222222 0.444444 0.333333
0.346114 0.653783 0.000103144
0.0340593 0.817336 0.148604
0.482708 0.517188 0.000103212
0.333335 0.333332 0.333333
0.615384 0.0512824 0.333333
0.000100009 0.666567 0.333333
0.475194 0.305482 0.219324
0.0952384 0.571428 0.333333
0.666567 0.000100004 0.333333
0.9998 9.97441e-05 0.000100015
0.785631 0.00010231 0.214267
0.214291 0.749995 0.0357142
0.861981 0.137916 0.000103077
0.103444 0.896453 0.000103291
0.175438 0.491229 0.333333
0.166666 0.500001 0.333333
0.491229 0.175438 0.333333
0.740662 0.259237 0.000101033
0.575335 0.0959022 0.328763
0.0333333 0.633333 0.333333
0.821424 0.0714287 0.107147
0.370371 0.296296 0.333333
0.448279 0.379305 0.172416
0.571437 0.321415 0.107147
0.933245 9.62295e-05 0.0666586
0.689592 0.310305 0.000103133
0.400001 0.266666 0.333333
0.571447 0.214217 0.214336
0.296296 0.370371 0.333333
0.310722 0.585704 0.103574
0.633336 0.033331 0.333333
0.137928 0.75864 0.103432
0.444444 0.222222 0.333333
0.000100072 0.899908 0.0999914
0.689653 0.206899 0.103448
0.249999 0.416667 0.333333
0.517242 0.413792 0.0689659
0.500001 0.166666 0.333333
0.689655 0.0689646 0.241381
0.222293 0.592468 0.185239
0.310344 0.482759 0.206897
0.172393 0.827504 0.000103066
0.392848 0.35714 0.250011
0.413811 0.310335 0.275853
0.413794 0.551728 0.0344776
0.241394 0.689654 0.0689515
0.178571 0.57142 0.250008
0.0665688 0.866656 0.0667755
0.655174 0.27586 0.068966
0.758678 0.172373 0.0689494
0.555556 0.111111 0.333333
0.0740712 0.592595 0.333333
0.592598 0.0740685 0.333333
0.476189 0.190477 0.333333
0.416667 0.249999 0.333333
0.190477 0.47619 0.333333
0.275865 0.551719 0.172416
0.866583 9.62757e-05 0.133321
0.26667 0.399997 0.333333
0.206898 0.655172 0.13793
0.068958 0.655171 0.275871
0.899999 0.0666674 0.0333336
0.724369 0.103362 0.172269
0.11111 0.555557 0.333333
0.551668 0.448229 0.000103031
0.483216 0.241151 0.275634
0.62069 0.137929 0.241381
0.275832 0.724065 0.000103229
0.551928 0.27584 0.172232
