0.413774 0.379341 0.206885
0.172401 0.551732 0.275866
0.51724 0.344829 0.137931
0.586212 0.137929 0.275859
0.148141 0.518526 0.333333
0.518518 0.148148 0.333333
0.666668 0.166665 0.166667
0.285714 0.380952 0.333333
0.380957 0.28571 0.333333
0.311112 0.355555 0.333333
0.607076 0.392823 0.000100848
0.275857 0.448294 0.27585
0.933335 0.0333325 0.0333328
0.517235 0.206899 0.275866
0.310305 0.689592 0.000103442
0.793195 0.068935 0.13787
0.000103334 0.724065 0.275831
0.344829 0.51724 0.137931
0.199983 0.799917 9.99957e-05
9.98863e-05 0.933241 0.066659
0.766594 9.36478e-05 0.233312
0.517141 0.482755 0.000103427
0.133332 0.533334 0.333333
0.533333 0.133333 0.333333
0.35714 0.392861 0.249999
0.399999 0.266668 0.333333
0.55173 0.413787 0.0344828
0.464278 0.392862 0.14286
0.555557 0.111109 0.333333
0.896463 0.103433 0.000103439
0.653788 0.346109 0.000103237
0.817327 0.0340736 0.1486
0.428577 0.285712 0.285712
0.0512832 0.615384 0.333333
0.305497 0.475191 0.219313
0.0958901 0.575342 0.328768
9.54698e-05 0.785647 0.214258
0.758631 0.137924 0.103445
0.379275 0.620622 0.000103445
0.355554 0.311113 0.333333
9.82279e-05 0.666568 0.333333
0.592593 0.0740741 0.333333
0.592488 0.22228 0.185232
0.148096 0.666782 0.185121
0.333338 0.333329 0.333333
0.833254 9.32961e-05 0.166652
0.259233 0.740666 0.000100819
0.482755 0.44828 0.0689652
0.666567 9.99939e-05 0.333333
9.99334e-05 0.9998 9.99875e-05
0.321429 0.571427 0.107145
0.491232 0.175435 0.333333
0.111113 0.555553 0.333333
0.750009 0.214279 0.0357121
0.0714271 0.821428 0.107145
0.175439 0.491228 0.333333
0.266668 0.399999 0.333333
0.633334 0.0333329 0.333333
0.476189 0.190477 0.333333
0.689593 0.103469 0.206938
0.9998 9.97451e-05 9.99875e-05
0.222224 0.444443 0.333333
0.571425 0.095242 0.333333
0.137925 0.620693 0.241381
0.444446 0.222221 0.333333
0.214097 0.571806 0.214097
0.584623 0.311533 0.103844
0.296294 0.370373 0.333333
0.37037 0.296297 0.333333
0.899915 9.02627e-05 0.0999948
0.655163 0.0689675 0.27587
0.206902 0.689652 0.103447
0.413786 0.517249 0.068965
0.24138 0.517238 0.241381
0.166666 0.500001 0.333333
0.500001 0.166666 0.333333
0.0689542 0.689664 0.241381
0.615385 0.0512821 0.333333
0.482758 0.310346 0.206896
0.137911 0.861985 0.000103439
0.689648 0.241388 0.0689634
0.827507 0.172389 0.000103442
0.571428 0.178572 0.25
0.0333317 0.633335 0.333333
0.0740738 0.592593 0.333333
0.25 0.416667 0.333333
0.172427 0.758609 0.0689633
0.190485 0.476182 0.333333
0.275878 0.655159 0.0689633
0.41667 0.249996 0.333333
0.866588 0.0667049 0.066707
0.379307 0.44828 0.172412
0.551719 0.275868 0.172413
9.98979e-05 0.866572 0.133328
0.655171 0.206898 0.137931
0.0667145 0.899928 0.0333572
0.103432 0.724179 0.172389
0.724062 0.275834 0.000103445
0.448231 0.551665 0.000103445
0.241379 0.62069 0.137931
