0.148154 0.518512 0.333333
0.379224 0.55186 0.068916
0.285671 0.380995 0.333333
0.380958 0.285709 0.333333
0.355553 0.311114 0.333333
0.311116 0.355551 0.333333
0.689657 0.0344818 0.275862
0.58621 0.241379 0.172411
0.448239 0.414039 0.137722
0.103368 0.620767 0.275865
0.933337 0.0333306 0.0333323
0.310557 0.586368 0.103075
0.620689 0.310345 0.0689656
0.000103131 0.724083 0.275814
0.692808 0.17065 0.136542
0.482759 0.24138 0.275861
0.241296 0.482856 0.275847
0.551708 0.172432 0.27586
0.535781 0.214211 0.250008
0.370364 0.296302 0.333333
9.84505e-05 0.999802 9.99827e-05
0.758532 9.63392e-05 0.241372
0.999811 8.92465e-05 9.99812e-05
0.133333 0.533334 0.333333
0.615384 0.0512831 0.333333
7.7546e-05 0.785657 0.214265
0.407445 0.407424 0.185131
0.678511 0.142914 0.178575
0.633332 0.0333342 0.333333
0.145777 0.671777 0.182445
0.333557 0.555372 0.11107
0.222223 0.444443 0.333333
0.444444 0.222223 0.333333
0.81735 0.0340545 0.148596
0.0959008 0.575336 0.328763
0.379289 0.344864 0.275847
0.666599 0.333301 9.9987e-05
0.0512868 0.61538 0.333333
0.666567 9.98746e-05 0.333333
0.49123 0.175437 0.333333
9.65896e-05 0.66657 0.333333
0.175436 0.49123 0.333333
0.409082 0.272715 0.318204
0.793277 0.103292 0.103432
0.137925 0.861972 0.000103114
0.555576 0.296361 0.148064
0.071484 0.821291 0.107225
0.214293 0.642883 0.142824
0.259234 0.740666 0.000100709
0.321461 0.428643 0.249896
0.259301 0.518529 0.22217
0.517188 0.482709 0.000103216
0.750011 0.214281 0.0357089
0.275882 0.551708 0.17241
0.571428 0.0952391 0.333333
0.896456 0.103441 0.000103113
0.833423 9.03629e-05 0.166486
0.266664 0.400003 0.333333
0.0740696 0.592597 0.333333
0.310319 0.689578 0.000103047
0.533333 0.133334 0.333333
0.655226 0.241562 0.103213
0.379307 0.62059 0.000103112
9.21225e-05 0.93326 0.0666483
0.296295 0.370372 0.333333
0.482994 0.44811 0.0688956
0.899901 9.75706e-05 0.100002
0.500002 0.166665 0.333333
0.166666 0.500001 0.333333
0.0666556 0.900013 0.0333318
0.464291 0.321444 0.214265
0.586584 0.379058 0.0343575
0.518521 0.148146 0.333333
0.0688613 0.689723 0.241416
0.172468 0.586063 0.241468
0.333333 0.333333 0.333333
0.620689 0.103449 0.275861
0.0333326 0.633334 0.333333
0.416673 0.249994 0.333333
0.433307 0.533359 0.0333335
0.82756 0.172386 5.37702e-05
0.275854 0.655189 0.0689568
0.592593 0.0740742 0.333333
0.111111 0.555556 0.333333
0.190477 0.47619 0.333333
0.476185 0.190481 0.333333
0.249994 0.416673 0.333333
0.724199 0.0688242 0.206977
7.22551e-05 0.866572 0.133356
0.102636 0.76052 0.136844
0.555561 0.111106 0.333333
0.866725 0.0665923 0.0666823
0.571801 0.428099 9.99885e-05
0.62061 0.172395 0.206995
0.539555 0.359402 0.101043
0.396801 0.468981 0.134218
0.4 0.266667 0.333333
0.172414 0.75862 0.0689656
0.724062 0.275835 0.000103079
0.199979 0.799921 9.99667e-05
