0.726072 8.62493e-05 0.273842
0.833253 9.35114e-05 0.166653
0.41378 0.379336 0.206884
0.587507 0.137497 0.274996
0.518516 0.148151 0.333333
0.148148 0.518519 0.333333
0.380952 0.285714 0.333333
0.285713 0.380953 0.333333
0.311111 0.355556 0.333333
0.482751 0.448285 0.0689647
0.103448 0.62069 0.275861
0.607076 0.392822 0.000101173
0.933343 0.0333234 0.0333332
0.517241 0.206898 0.275861
0.666605 0.166695 0.1667
0.79723 0.067548 0.135222
9.16639e-05 0.724073 0.275835
0.344833 0.517251 0.137916
0.533333 0.133334 0.333333
0.555555 0.111111 0.333333
0.61538 0.0512863 0.333333
0.666567 0.000100053 0.333333
0.0512829 0.615384 0.333333
0.689569 0.103456 0.206975
0.4 0.266667 0.333333
0.428555 0.285699 0.285746
0.133333 0.533333 0.333333
0.517185 0.482711 0.000103431
0.464317 0.392826 0.142857
0.758754 0.137855 0.10339
0.89646 0.103437 0.000103411
0.592364 0.222362 0.185274
0.357144 0.39284 0.250016
9.75744e-05 0.933241 0.0666617
0.172419 0.758616 0.0689652
0.24135 0.551819 0.206831
9.99235e-05 0.666567 0.333333
0.137902 0.861994 0.000103425
0.444444 0.222222 0.333333
0.899908 0.000100001 0.0999915
0.653823 0.346074 0.000103247
0.9998 9.99249e-05 9.99914e-05
9.99862e-05 0.9998 9.99914e-05
0.296296 0.37037 0.333333
0.817345 0.0340581 0.148597
0.175439 0.491228 0.333333
0.271747 0.509779 0.218474
0.491229 0.175438 0.333333
0.766592 9.37291e-05 0.233314
0.222222 0.444444 0.333333
0.333333 0.333333 0.333333
0.259233 0.740666 0.000101009
0.749997 0.21429 0.0357139
0.0958905 0.575343 0.328766
0.148124 0.666719 0.185156
0.571428 0.0952384 0.333333
0.071448 0.821359 0.107193
0.376777 0.450118 0.173105
0.355555 0.311112 0.333333
0.370371 0.296296 0.333333
0.586116 0.310418 0.103467
0.19998 0.79992 0.000100001
0.517255 0.344829 0.137916
0.206895 0.689671 0.103434
0.551731 0.275869 0.1724
0.000100813 0.785633 0.214266
0.166667 0.5 0.333333
0.32143 0.571433 0.107137
0.592593 0.0740735 0.333333
0.500001 0.166666 0.333333
0.430654 0.502408 0.0669381
0.068968 0.689638 0.241394
0.172412 0.586209 0.241379
0.476189 0.190477 0.333333
0.266666 0.4 0.333333
0.482874 0.310184 0.206942
0.827607 0.17229 0.00010327
0.551736 0.413802 0.0344621
0.689593 0.241443 0.0689648
0.571468 0.178533 0.249999
0.0333338 0.633333 0.333333
0.633335 0.0333321 0.333333
0.241418 0.620647 0.137935
0.0740738 0.592593 0.333333
0.65524 0.068871 0.275889
0.111109 0.555557 0.333333
0.310344 0.413794 0.275862
0.190476 0.47619 0.333333
0.416668 0.249998 0.333333
0.37927 0.620626 0.000103423
0.25 0.416667 0.333333
0.866669 0.0666697 0.0666617
0.31041 0.655158 0.0344326
0.241392 0.482738 0.27587
9.06056e-05 0.866588 0.133321
0.655176 0.206889 0.137935
0.448186 0.55171 0.000103407
0.0666627 0.900004 0.0333332
0.103392 0.724289 0.172319
0.72408 0.275817 0.000103434
