0.833258 9.92319e-05 0.166643
0.517242 0.344827 0.137931
0.586209 0.13793 0.275861
0.518517 0.14815 0.333333
0.148149 0.518518 0.333333
0.666658 0.166671 0.166671
0.310343 0.413794 0.275863
0.380953 0.285714 0.333333
0.285713 0.380953 0.333333
0.311112 0.355555 0.333333
0.355555 0.311111 0.333333
0.241374 0.6207 0.137927
0.607079 0.39282 0.000101177
0.344826 0.517244 0.137931
0.933345 0.0333304 0.0333248
0.51724 0.206897 0.275863
0.793341 0.0688866 0.137772
0.000103366 0.724064 0.275833
0.200007 0.799893 9.99971e-05
0.305469 0.475192 0.219339
0.655173 0.0689641 0.275863
0.133332 0.533334 0.333333
0.444445 0.222222 0.333333
0.689632 0.103451 0.206917
0.137918 0.861979 0.000103437
0.333333 0.333333 0.333333
0.533333 0.133333 0.333333
0.615383 0.0512838 0.333333
0.172413 0.551724 0.275863
0.428571 0.285714 0.285715
0.147885 0.667253 0.184862
0.827499 0.172397 0.000103437
0.896454 0.103443 0.000103437
0.4 0.266667 0.333333
9.82427e-05 0.933236 0.066666
0.592535 0.222254 0.185211
0.222222 0.444444 0.333333
0.103448 0.724137 0.172416
0.817332 0.0340642 0.148604
0.379316 0.448268 0.172416
0.66657 9.62026e-05 0.333333
0.357142 0.392857 0.250001
0.266665 0.400002 0.333333
0.000100005 0.9998 9.99795e-05
9.78688e-05 0.666569 0.333333
0.48276 0.310344 0.206896
0.517182 0.482715 0.000103434
0.464293 0.392849 0.142857
0.321431 0.571425 0.107144
0.491227 0.175439 0.333333
0.416666 0.250001 0.333333
0.259233 0.740666 0.000100995
0.750007 0.214281 0.0357126
0.21418 0.571637 0.214183
0.0512909 0.615376 0.333333
0.0958979 0.575339 0.328764
0.571425 0.0952414 0.333333
0.653779 0.346117 0.000103227
0.296296 0.37037 0.333333
0.37037 0.296296 0.333333
0.0666532 0.900014 0.0333326
0.584824 0.311382 0.103794
0.758654 0.137912 0.103434
0.899912 9.88923e-05 0.0999891
0.206916 0.689636 0.103448
0.0714281 0.821428 0.107144
0.413793 0.517241 0.0689654
0.9998 9.998e-05 9.99795e-05
0.500002 0.166665 0.333333
0.166668 0.499999 0.333333
0.48276 0.448276 0.0689641
0.0689554 0.689662 0.241382
0.766597 9.17841e-05 0.233312
0.27589 0.655148 0.0689617
0.689659 0.241376 0.0689647
0.551722 0.413797 0.034481
0.571429 0.178571 0.250001
0.633335 0.0333321 0.333333
0.0333331 0.633334 0.333333
0.172405 0.758636 0.0689597
0.555556 0.111111 0.333333
0.592593 0.0740735 0.333333
0.249995 0.416671 0.333333
0.0740742 0.592592 0.333333
0.111111 0.555556 0.333333
0.19048 0.476187 0.333333
0.379271 0.620626 0.000103436
0.866474 0.06676 0.0667659
0.551719 0.275865 0.172416
8.27124e-05 0.785648 0.214269
9.37435e-05 0.866579 0.133328
0.310304 0.689592 0.000103435
0.724062 0.275834 0.000103437
0.655172 0.206898 0.137931
0.241379 0.482758 0.275863
0.47619 0.190477 0.333333
0.137898 0.620715 0.241387
0.175437 0.491229 0.333333
0.275862 0.551723 0.172416
0.448232 0.551664 0.000103437
