8.24499e-05 0.866351 0.133566
0.699238 0.20062 0.100142
0.166912 0.699542 0.133546
0.137934 0.586205 0.275861
0.148147 0.518519 0.333333
0.518517 0.14815 0.333333
0.285714 0.380952 0.333333
0.380953 0.285713 0.333333
0.355555 0.311111 0.333333
0.311117 0.35555 0.333333
0.448266 0.482769 0.0689647
0.393844 0.606055 0.000100199
0.620688 0.103449 0.275863
0.0333244 0.933344 0.0333312
0.24138 0.482757 0.275863
0.689658 0.31024 0.000101888
0.0688012 0.793398 0.137801
0.724074 0.000101849 0.275824
0.58636 0.241405 0.172235
0.93324 9.2495e-05 0.0666675
0.166668 0.499998 0.333333
0.509973 0.271566 0.218461
0.133335 0.533332 0.333333
0.450079 0.376808 0.173113
0.533334 0.133333 0.333333
0.642917 0.214284 0.142798
0.10343 0.689321 0.207248
0.276122 0.551338 0.17254
0.861984 0.137914 0.000101884
0.676161 0.143913 0.179925
0.379235 0.51737 0.103396
0.222248 0.592642 0.18511
0.222223 0.444444 0.333333
0.0684039 0.655518 0.276078
0.48271 0.517188 0.000101884
0.416675 0.249991 0.333333
0.345553 0.654347 0.000100066
0.666569 9.77937e-05 0.333333
0.0340731 0.817328 0.148599
0.370369 0.296298 0.333333
0.999801 9.90894e-05 9.98696e-05
0.633335 0.0333316 0.333333
0.266694 0.399973 0.333333
0.333335 0.333332 0.333333
9.53802e-05 0.999805 9.98372e-05
0.785633 0.00010178 0.214265
0.206753 0.655413 0.137834
0.575339 0.0958907 0.32877
0.517823 0.345137 0.13704
0.821388 0.071442 0.10717
0.175438 0.491229 0.333333
0.49123 0.175437 0.333333
0.444447 0.22222 0.333333
0.400002 0.266665 0.333333
9.99481e-05 0.666567 0.333333
0.740667 0.259233 0.000100096
0.172244 0.827654 0.000101801
0.214291 0.750022 0.0356871
0.758676 0.172374 0.0689499
0.615379 0.051288 0.333333
0.0952446 0.571422 0.333333
0.392801 0.464238 0.142961
0.285732 0.428622 0.285645
8.56402e-05 0.899922 0.0999923
0.413928 0.310262 0.27581
0.0512851 0.615382 0.333333
0.571591 0.321266 0.107144
0.482988 0.310279 0.206733
0.311041 0.585292 0.103667
0.296296 0.37037 0.333333
0.137811 0.758804 0.103385
0.620585 0.379313 0.000101894
0.310153 0.482766 0.207081
0.500002 0.166665 0.333333
0.50213 0.430916 0.0669542
0.655392 0.275687 0.0689213
0.689655 0.0689654 0.24138
0.586204 0.172417 0.241378
0.413928 0.551919 0.034153
0.24191 0.689336 0.0687538
0.0333332 0.633333 0.333333
0.178618 0.571266 0.250117
0.39305 0.357253 0.249697
0.592587 0.07408 0.333333
0.555557 0.11111 0.333333
0.190477 0.476189 0.333333
0.476189 0.190478 0.333333
0.762753 0.101676 0.135571
0.249996 0.416671 0.333333
7.09844e-05 0.766454 0.233475
0.0665331 0.866783 0.0666838
0.482944 0.241468 0.275587
0.866596 8.58898e-05 0.133318
0.89997 0.0666909 0.0333394
0.111111 0.555556 0.333333
0.0740756 0.592591 0.333333
0.275833 0.724067 0.000100155
0.103441 0.896457 0.000101888
0.551514 0.448384 0.000101894
0.799921 0.199979 9.99825e-05
