0.172426 0.551708 0.275867
0.517241 0.344828 0.137931
0.586222 0.137926 0.275852
0.148148 0.518518 0.333333
0.518519 0.148148 0.333333
0.666673 0.166665 0.166662
0.310344 0.413794 0.275862
0.285714 0.380953 0.333333
0.380956 0.28571 0.333333
0.355556 0.31111 0.333333
0.240492 0.622091 0.137417
0.607079 0.39282 0.00010118
0.344827 0.517242 0.137931
0.933348 0.0333183 0.0333339
0.517238 0.206899 0.275862
0.310299 0.689598 0.00010342
9.69774e-05 0.724068 0.275835
0.200001 0.799899 0.000100006
0.482759 0.448276 0.068965
9.81404e-05 0.933241 0.0666611
0.311114 0.355553 0.333333
0.533335 0.133331 0.333333
0.491227 0.17544 0.333333
0.689594 0.10346 0.206946
0.0958909 0.575342 0.328767
0.0512826 0.615384 0.333333
0.899909 0.000100003 0.099991
0.000101322 0.785638 0.214261
0.4 0.266667 0.333333
0.766586 9.97019e-05 0.233315
0.214273 0.571445 0.214282
0.133333 0.533334 0.333333
0.379272 0.620624 0.000103443
0.148075 0.666831 0.185094
0.305478 0.475188 0.219334
0.464286 0.392857 0.142857
0.592393 0.222334 0.185272
0.444444 0.222222 0.333333
0.89646 0.103436 0.000103442
0.655175 0.206894 0.137931
0.653846 0.34605 0.000103245
0.000100002 0.666567 0.333333
0.793109 0.0689636 0.137928
0.615381 0.0512857 0.333333
0.817336 0.0340583 0.148605
0.517188 0.482709 0.000103443
0.137915 0.861982 0.000103442
0.333333 0.333334 0.333333
0.222222 0.444444 0.333333
0.571427 0.09524 0.333333
0.750001 0.214285 0.0357142
0.428572 0.285715 0.285714
0.321426 0.571433 0.107142
0.175437 0.491229 0.333333
9.99767e-05 0.9998 9.99851e-05
0.259233 0.740666 0.000101001
0.666567 9.99842e-05 0.333333
0.266666 0.4 0.333333
0.37037 0.296297 0.333333
0.296295 0.370371 0.333333
0.58479 0.311408 0.103803
0.758634 0.137927 0.103439
0.206887 0.689666 0.103447
0.5 0.166667 0.333333
0.166666 0.5 0.333333
0.833252 9.38468e-05 0.166655
0.068963 0.689625 0.241412
0.413821 0.517216 0.0689626
0.655175 0.0689619 0.275863
0.482762 0.310342 0.206897
0.551719 0.413802 0.0344795
0.103393 0.724284 0.172323
0.357145 0.392857 0.249998
0.0333319 0.633335 0.333333
0.9998 9.99158e-05 9.99852e-05
0.551724 0.275862 0.172414
0.63333 0.0333367 0.333333
0.57143 0.178571 0.249998
0.172413 0.758622 0.068965
0.27586 0.655175 0.068965
0.68965 0.241386 0.0689645
0.275862 0.551724 0.172414
0.0740736 0.592593 0.333333
0.071427 0.821417 0.107156
0.592596 0.0740702 0.333333
0.111104 0.555563 0.333333
0.190476 0.476191 0.333333
0.476188 0.190479 0.333333
0.25 0.416667 0.333333
0.416672 0.249995 0.333333
0.866395 0.0668022 0.0668023
0.379294 0.448294 0.172411
0.8275 0.172397 0.000103443
9.99364e-05 0.86658 0.13332
0.0666742 0.899991 0.033335
0.555559 0.111108 0.333333
0.241379 0.482759 0.275862
0.137851 0.62079 0.241359
0.724079 0.275817 0.000103428
0.448231 0.551665 0.000103442
