0.413785 0.379316 0.206898
0.83324 9.43859e-05 0.166666
0.172405 0.551732 0.275863
0.517266 0.379286 0.103448
0.586784 0.137738 0.275477
0.666066 0.166968 0.166966
0.148144 0.518522 0.333333
0.518518 0.148149 0.333333
0.380952 0.285714 0.333333
0.285712 0.380955 0.333333
0.355555 0.311112 0.333333
0.607079 0.39282 0.000101192
0.275852 0.448291 0.275857
0.933355 0.0333154 0.0333299
0.517237 0.2069 0.275863
0.793343 0.068896 0.137761
0.310302 0.689596 0.000102022
0.48276 0.448275 0.0689642
0.200015 0.799885 0.000100027
0.305506 0.47519 0.219304
0.379272 0.620625 0.000103458
9.99148e-05 0.666567 0.333333
0.133333 0.533333 0.333333
0.817339 0.0340582 0.148603
0.615384 0.0512826 0.333333
0.000102445 0.785636 0.214262
0.311122 0.355545 0.333333
0.399997 0.266669 0.333333
0.464252 0.392876 0.142872
0.896452 0.103444 0.000103456
0.148074 0.666833 0.185093
0.137931 0.62069 0.241379
0.592159 0.222451 0.18539
0.444445 0.222222 0.333333
0.0958903 0.575342 0.328767
0.653803 0.346096 0.000101503
0.666567 9.97842e-05 0.333333
0.9998 0.000100203 0.00010003
0.571427 0.0952395 0.333333
0.766579 9.69157e-05 0.233324
0.533333 0.133333 0.333333
0.214374 0.571364 0.214262
0.000100001 0.933239 0.0666614
0.000103449 0.724063 0.275833
0.137918 0.861979 0.000103458
0.241383 0.517242 0.241375
0.491229 0.175438 0.333333
0.0714299 0.821425 0.107145
0.190476 0.47619 0.333333
0.222222 0.444444 0.333333
0.655174 0.0689637 0.275863
0.259235 0.740664 0.000100969
0.103422 0.724186 0.172392
0.333333 0.333333 0.333333
0.749999 0.214287 0.0357144
0.321427 0.571428 0.107145
0.0740716 0.592595 0.333333
0.68953 0.103472 0.206998
0.482754 0.310345 0.206901
0.0512823 0.615384 0.333333
0.428559 0.285704 0.285737
0.296298 0.370369 0.333333
0.175437 0.49123 0.333333
0.37037 0.296296 0.333333
0.584507 0.311628 0.103865
0.655177 0.206894 0.137929
0.758619 0.137933 0.103448
0.899911 9.90809e-05 0.09999
9.99754e-05 0.9998 0.0001
0.448245 0.551651 0.000103435
0.206899 0.689653 0.103448
0.413796 0.51724 0.0689642
0.500002 0.166665 0.333333
0.166664 0.500002 0.333333
0.827523 0.172373 0.000103419
0.0689631 0.689657 0.24138
0.551727 0.413796 0.0344772
0.357148 0.392861 0.249991
0.689603 0.241433 0.068964
0.571476 0.178526 0.249998
0.555554 0.111113 0.333333
0.633333 0.0333335 0.333333
0.0333336 0.633333 0.333333
0.517188 0.482708 0.000103458
0.172418 0.758617 0.0689651
0.275879 0.655157 0.068964
0.592593 0.0740734 0.333333
0.724063 0.275833 0.000103458
0.111106 0.55556 0.333333
0.476187 0.19048 0.333333
0.416666 0.25 0.333333
0.249996 0.416671 0.333333
0.866065 0.066956 0.0669795
0.344826 0.517245 0.137929
0.379323 0.448264 0.172413
0.266665 0.400002 0.333333
9.99913e-05 0.86658 0.13332
0.551724 0.275862 0.172414
0.0666669 0.9 0.0333329
0.241311 0.620821 0.137868
