0.551771 0.379271 0.0689583
0.51854 0.148126 0.333333
0.233284 0.666717 0.0999991
0.148147 0.51852 0.333333
0.275844 0.448298 0.275858
0.285712 0.380955 0.333333
0.380954 0.285713 0.333333
0.275862 0.517236 0.206902
0.355556 0.311111 0.333333
0.311112 0.355555 0.333333
0.620686 0.103454 0.27586
0.428529 0.571372 9.96032e-05
0.275847 0.586227 0.137926
0.413798 0.448273 0.137929
0.0333244 0.933342 0.0333334
0.58622 0.310335 0.103446
0.724096 7.36631e-05 0.275831
0.482766 0.241375 0.275859
0.275829 0.72407 0.000101319
0.344827 0.379313 0.27586
9.98197e-05 0.758538 0.241362
0.518534 0.259265 0.222201
0.133332 0.533335 0.333333
0.103447 0.724147 0.172407
0.620621 0.379278 0.000101257
9.97647e-05 0.899909 0.0999913
0.142852 0.642856 0.214292
0.821345 0.0714624 0.107192
0.666674 0.148141 0.185184
0.296295 0.370372 0.333333
0.222222 0.444444 0.333333
0.0512821 0.615385 0.333333
0.47619 0.190477 0.333333
0.533333 0.133334 0.333333
0.37933 0.586189 0.0344809
0.0340569 0.817341 0.148602
0.482708 0.517189 0.000103188
0.666567 9.95141e-05 0.333333
0.3333 0.6666 9.95414e-05
0.272721 0.409096 0.318183
9.52446e-05 0.666571 0.333333
0.333334 0.333332 0.333333
0.933244 9.49576e-05 0.0666606
0.548868 0.34136 0.109772
0.785667 7.99422e-05 0.214253
0.899997 0.0666698 0.0333334
0.999801 9.99365e-05 9.92601e-05
0.724249 0.103324 0.172427
0.740664 0.259235 0.000100977
9.38781e-05 0.999807 9.92678e-05
0.214285 0.750003 0.0357123
0.689684 0.0689167 0.241399
0.175439 0.491228 0.333333
0.428613 0.321457 0.249931
0.615383 0.0512839 0.333333
0.2963 0.555563 0.148137
0.866605 8.81741e-05 0.133307
0.0952409 0.571426 0.333333
0.491228 0.175439 0.333333
0.689624 0.310275 0.000100969
0.861981 0.137918 0.000101239
0.103437 0.89646 0.000103187
0.575342 0.0958964 0.328762
0.444445 0.222221 0.333333
0.758675 0.172374 0.0689513
0.400002 0.266665 0.333333
0.370371 0.296296 0.333333
0.586187 0.172414 0.241399
0.173017 0.723174 0.103809
0.448244 0.482796 0.0689604
0.25 0.416667 0.333333
0.689651 0.206903 0.103446
0.0333343 0.633332 0.333333
0.249997 0.499994 0.250009
0.500006 0.16666 0.333333
0.166656 0.500011 0.333333
0.172364 0.827535 0.000101157
0.207031 0.620453 0.172517
0.63333 0.0333369 0.333333
0.655026 0.276022 0.0689513
0.533358 0.433308 0.0333334
0.344824 0.448274 0.206902
0.17241 0.551731 0.275859
0.407409 0.407407 0.185184
0.0667364 0.866542 0.0667212
0.074072 0.592595 0.333333
0.592596 0.0740708 0.333333
0.555559 0.111108 0.333333
0.190476 0.47619 0.333333
0.416668 0.249998 0.333333
0.275863 0.655178 0.0689583
0.469144 0.396811 0.134045
0.517238 0.310339 0.172423
0.586178 0.241395 0.172427
0.0688419 0.655299 0.275859
0.359185 0.539629 0.101186
0.111107 0.55556 0.333333
0.266668 0.399999 0.333333
0.0999962 0.800009 0.099995
0.79992 0.19998 9.94699e-05
