0.446348 0.313206 0.240446
0.345152 0.34464 0.310208
0.800324 0.0662008 0.133475
0.24122 0.482925 0.275856
0.134834 0.696563 0.168603
0.518521 0.148145 0.333333
0.148148 0.518519 0.333333
0.285714 0.380952 0.333333
0.380953 0.285714 0.333333
0.31111 0.355556 0.333333
0.355555 0.311112 0.333333
0.620689 0.103448 0.275862
0.536716 0.429757 0.0335268
0.0333104 0.933355 0.0333345
0.27587 0.586201 0.13793
0.68958 0.310317 0.000103442
0.724064 0.000100421 0.275836
0.448168 0.482863 0.0689692
9.99377e-05 0.8999 0.0999996
0.413813 0.310323 0.275863
0.51776 0.260399 0.221841
0.0685437 0.716859 0.214597
0.533333 0.133333 0.333333
0.861989 0.137908 0.000103429
0.222971 0.591211 0.185819
0.615384 0.0512827 0.333333
0.428867 0.428368 0.142766
0.103438 0.896459 0.000103442
0.666678 0.14814 0.185182
0.222223 0.444444 0.333333
0.785643 9.36754e-05 0.214264
0.346115 0.653784 0.000101032
0.0340577 0.817338 0.148604
0.522174 0.40992 0.0679059
0.482711 0.517185 0.000103442
0.9998 0.000100043 0.000100009
0.620623 0.379273 0.000103442
0.5 0.166667 0.333333
0.241872 0.654674 0.103455
0.740658 0.259241 0.000100993
0.214287 0.750004 0.035709
0.000100034 0.666567 0.333333
0.0512823 0.615384 0.333333
0.821432 0.0714274 0.10714
0.296294 0.370372 0.333333
0.285731 0.428598 0.28567
0.000100003 0.9998 9.9983e-05
0.666567 0.000100033 0.333333
0.571099 0.321499 0.107402
0.175438 0.491228 0.333333
0.633332 0.0333347 0.333333
0.133331 0.533335 0.333333
0.654964 0.276278 0.0687577
0.482759 0.241379 0.275862
0.444444 0.222222 0.333333
0.111107 0.55556 0.333333
0.0952411 0.571426 0.333333
0.266666 0.400001 0.333333
9.2933e-05 0.758547 0.24136
0.575342 0.0958905 0.328768
0.333333 0.333334 0.333333
0.933239 9.93655e-05 0.0666612
0.177244 0.681418 0.141338
0.370372 0.296295 0.333333
0.172391 0.827506 0.000103428
0.380785 0.377244 0.241971
0.689626 0.206919 0.103455
0.689628 0.0689717 0.2414
0.5862 0.172415 0.241386
0.349945 0.547006 0.103049
0.311551 0.480715 0.207733
0.166665 0.500002 0.333333
0.138748 0.61846 0.242792
0.310627 0.621467 0.0679059
0.103455 0.793094 0.103452
0.249999 0.416667 0.333333
0.0333311 0.633336 0.333333
0.758742 0.172329 0.0689286
0.482913 0.344681 0.172406
0.0740727 0.592594 0.333333
0.400001 0.266666 0.333333
0.55556 0.111106 0.333333
0.491228 0.175438 0.333333
0.429495 0.570405 9.9983e-05
0.190476 0.47619 0.333333
9.25188e-05 0.833096 0.166811
0.476191 0.190476 0.333333
0.0344748 0.689663 0.275862
0.416668 0.249998 0.333333
0.201106 0.63137 0.167524
0.210036 0.545215 0.244749
0.799925 0.199981 9.44543e-05
0.275826 0.724071 0.000103441
0.866589 9.43395e-05 0.133317
0.900052 0.0666138 0.0333345
0.724147 0.103445 0.172408
0.0666749 0.866648 0.0666774
0.586196 0.241396 0.172408
0.592591 0.074076 0.333333
0.379142 0.449158 0.171701
