0.103448 0.275862 0.62069
0.199999 0.800001 0
0.310348 0.379308 0.310344
0.379311 0.310344 0.310344
0.133334 0.866666 0
0.482758 0.13793 0.379312
0.607143 0.392857 0
0.413731 0.000103405 0.586166
0.16666 9.99711e-05 0.83324
0.620676 0.0689686 0.310356
0.0689624 0.344819 0.586219
0.480005 0.519995 0
0.586153 0.000101766 0.413746
0.866667 0.133333 0
0.275856 0.241372 0.482773
0.0333298 0.96667 0
0.966669 0.033331 0
0.733335 0.266665 0
0.000102845 0.655101 0.344797
0.310339 0.0689614 0.620699
0.357143 0.392857 0.25
0.379388 0.0689535 0.551658
0.517237 0.172414 0.31035
0.142855 0.214282 0.642863
0.586209 0.137936 0.275855
0.000103374 0.137897 0.861999
0.103497 0.586012 0.310491
0.214266 0.000102425 0.785631
0.892863 0.107137 0
0.639936 0.000101035 0.359963
0.239992 0.760008 0
0.642857 0.357143 0
0.10714 0.89286 0
9.99899e-05 0.9999 0
0.299458 0.187195 0.513347
0.000103424 0.241358 0.758539
0.107303 0.0343351 0.858362
0.370373 0.629627 0
0.137924 0.413774 0.448301
0.9999 9.99792e-05 0
0.206895 0.241381 0.551724
0.000103433 0.37928 0.620617
0.517188 0.000103432 0.482709
0.712792 0.0356329 0.251575
0.333334 0.333333 0.333333
9.93191e-05 9.05154e-05 0.99981
0.108813 0.311919 0.579268
0.576923 0.423077 0
0.517242 0.482758 0
0.379308 0.24138 0.379312
0.766687 0.233313 0
0.431892 0.100259 0.467849
0.148147 0.444443 0.40741
0.0344843 0.689661 0.275855
0.175255 0.123712 0.701033
0.214283 0.321424 0.464293
0.137896 0.344989 0.517115
0.25 0.5 0.25
0.269232 0.730768 0
0.0329901 0.0662341 0.900776
0.34612 0.000103154 0.653777
0.000103385 0.517188 0.482709
0.0689643 0.206893 0.724142
0.499994 0.250006 0.25
0.448273 0.551727 0
0.000101146 0.60708 0.392819
0.310341 0.689659 0
0.137936 0.517225 0.344839
0.749898 0.000102186 0.25
0.172417 0.827583 0
0.699984 0.300016 0
0.827579 0.172421 0
0.464253 9.99533e-05 0.535647
0.250642 0.0681241 0.681234
0.34484 0.172405 0.482755
0.0689588 0.137917 0.793124
0.444441 0.148149 0.40741
0.0683283 0.409936 0.521735
0.543724 0.0679583 0.388318
0.136365 0.613635 0.25
0.214282 0.428564 0.357153
0.0666592 9.99757e-05 0.933241
0.000102186 0.749898 0.25
0.06667 0.93333 0
0.933333 0.0666666 0
0.0344762 0.275882 0.689641
0.647733 0.102267 0.25
0.42858 0.2857 0.28572
0.0669842 0.502391 0.430625
0.172411 0.551724 0.275865
0.275855 0.344831 0.379313
0.310341 0.275865 0.413795
0.275829 0.000103437 0.724068
0.275855 0.44829 0.275855
0.000103252 0.448228 0.551669
0.4 0.6 0
0.275916 0.137922 0.586162
0.448266 0.206894 0.34484
0.137924 0.103445 0.75863
0.20691 0.172389 0.620701
