0.866667 0.133333 0
0.0666744 0.166688 0.766638
0.241379 0.48276 0.275861
0.103446 0.448272 0.448282
0.300001 0.699999 0
0.206877 0.379294 0.41383
0.137926 0.482769 0.379306
0.607142 0.392858 0
0.655178 0.0689607 0.275861
0.433332 0.566668 0
0.137931 0.37931 0.482759
0.0333223 0.966678 0
0.966669 0.0333307 0
0.275866 0.17241 0.551724
0.733333 0.266667 0
0.310354 0.27589 0.413756
0.0689658 0.655172 0.275862
0.39271 0.250061 0.35723
0.321427 0.428573 0.25
0.0344698 0.379541 0.585989
0.21428 0.321437 0.464283
0.103448 0.586204 0.310347
0.800002 0.199998 0
0.0666724 0.933328 0
0.298288 0.105258 0.596455
0.105588 0.260882 0.63353
0.428567 0.142858 0.428575
0.653778 0.000103218 0.346119
0.147732 0.409086 0.443183
0.586207 0.103449 0.310344
0.000100987 0.629565 0.370334
0.613636 0.136364 0.25
0.0343461 0.142531 0.823123
0.517188 0.000103434 0.482709
0.333334 0.333334 0.333332
0.642854 0.357146 0
0.9999 9.99607e-05 0
0.517241 0.482759 0
8.52315e-05 0.100051 0.899864
0.39286 0.60714 0
9.98723e-05 0.9999 0
0.482759 0.241379 0.275862
9.71503e-05 9.90891e-05 0.999804
0.545452 0.204548 0.25
0.892857 0.107143 0
0.0357166 0.714283 0.25
0.487929 0.17426 0.337811
0.214285 0.535715 0.25
0.233334 0.766666 0
0.766667 0.233333 0
0.392858 0.357142 0.25
0.185179 0.0741042 0.740717
0.269231 0.730769 0
0.712788 0.035641 0.251571
0.000103421 0.482709 0.517187
0.199999 0.800001 0
9.99849e-05 0.299967 0.699933
0.346121 0.000103206 0.653776
0.333332 0.666668 0
0.259112 0.444533 0.296355
0.388345 0.0679601 0.543695
0.240002 0.240001 0.519997
0.321429 0.214284 0.464287
9.99838e-05 0.733266 0.266634
0.137944 0.172446 0.689611
0.137917 0.00010341 0.861979
0.833333 0.166667 0
0.576926 0.423074 0
0.0689278 0.517501 0.413571
0.749898 0.000102246 0.25
0.461537 0.538463 0
0.699998 0.300002 0
0.24135 0.000103426 0.758547
0.538114 0.0672635 0.394623
0.933336 0.0666641 0
0.206896 0.206896 0.586208
0.103446 0.344841 0.551712
0.0666743 0.033337 0.899989
0.178527 0.464313 0.357161
0.433286 9.996e-05 0.566614
0.136361 0.613639 0.25
0.464287 0.285713 0.25
0.241382 0.0689644 0.689654
0.275867 0.344827 0.379306
0.103453 0.103453 0.793093
0.241334 0.413808 0.344858
0.344863 0.137863 0.517274
0.034473 0.241371 0.724156
0.166664 0.0333329 0.800003
9.98536e-05 0.566606 0.433294
0.000101256 0.35711 0.642789
0.100001 0.899999 0
0.0669859 0.430624 0.50239
0.142861 0.857139 0
0.2069 0.137932 0.655168
0.310348 0.379309 0.310343
0.586146 0.000103424 0.41375
0.172418 0.275858 0.551724
0.000102818 0.206878 0.793019
0.448276 0.0689655 0.482759
