0.172339 0.344876 0.482785
0.172431 0.551686 0.275882
0.866648 0.133352 0
0.310004 0.310031 0.379965
0.206168 0.414175 0.379656
0.199997 0.800003 0
0.206892 0.137925 0.655183
0.133341 0.866659 0
0.799999 0.200001 0
0.137925 0.413775 0.4483
0.607139 0.392861 0
0.480001 0.519999 0
9.60082e-05 0.266674 0.73323
0.655756 0.0688488 0.275395
0.269246 0.730754 0
0.0333317 0.0333316 0.933337
0.0333207 0.966679 0
0.966674 0.0333259 0
0.166663 0.0333263 0.80001
0.733337 0.266663 0
0.586227 0.103451 0.310322
5.41978e-05 0.0999904 0.899955
0.142853 0.214291 0.642856
0.000103248 0.517187 0.48271
0.310281 0.103458 0.586262
0.068693 0.34924 0.582067
0.346123 0.000103186 0.653774
0.392847 0.357153 0.25
0.000100631 0.749899 0.25
0.24137 0.172377 0.586253
0.448271 0.551729 0
0.148145 0.444436 0.407419
0.642858 0.357142 0
0.833348 0.166652 0
0.653796 0.000101189 0.346103
0.749898 0.000101764 0.25
0.107145 0.892855 0
0.103555 0.585778 0.310668
0.586151 9.39148e-05 0.413755
0.370366 0.629634 0
0.0714043 0.0714042 0.857192
0.333327 0.333326 0.333347
0.000101813 0.185163 0.814735
0.9999 9.9591e-05 0
0.240001 0.24 0.519999
0.249311 0.0682457 0.682443
0.286035 0.286736 0.427229
0.892861 0.107139 0
0.712775 0.0356567 0.251568
9.88785e-05 7.7491e-05 0.999824
0.249991 0.500009 0.25
0.0344779 0.172415 0.793107
0.239992 0.760008 0
0.00010189 0.319964 0.679934
0.100717 0.395623 0.50366
0.0344833 0.689666 0.275851
0.171708 0.51801 0.310282
0.51724 0.48276 0
0.76668 0.23332 0
9.98796e-05 0.9999 0
0.214284 0.000102366 0.785614
0.499996 0.250004 0.25
9.48572e-05 0.607077 0.392829
0.425036 0.0338199 0.541144
0.172422 0.827578 0
0.310348 0.689652 0
0.321432 0.214284 0.464284
0.699988 0.300012 0
0.0689671 0.206902 0.724131
0.0335376 0.429584 0.536879
0.517188 0.000102509 0.48271
0.13636 0.61364 0.25
0.275823 0.000103388 0.724074
0.551748 0.172414 0.275839
0.413832 0.206896 0.379271
0.250034 0.39282 0.357146
0.392869 0.249998 0.357133
0.216867 0.313251 0.469882
0.000102718 0.37926 0.620637
0.933329 0.0666714 0
0.0666538 0.933346 0
0.344872 0.137938 0.51719
0.576932 0.423068 0
0.54371 0.067951 0.388339
0.0999718 7.08084e-05 0.899957
0.000102016 0.65509 0.344808
0.168314 0.124752 0.706934
0.137929 0.103443 0.758627
0.172415 0.275864 0.55172
0.613623 0.136377 0.25
0.444461 0.148134 0.407405
0.0669621 0.502271 0.430767
0.272093 0.473058 0.254849
0.31034 0.413805 0.275855
0.103446 0.275866 0.620688
0.43312 0.100037 0.466842
0.487888 0.170713 0.341399
0.392813 0.000100742 0.607086
0.448277 0.275869 0.275854
0.400012 0.599988 0
