0.275863 0.275863 0.448273
0.360003 0.639997 0
0.866663 0.133337 0
0.0666579 0.166665 0.766677
0.241359 0.482818 0.275822
0.30001 0.69999 0
0.800002 0.199998 0
0.60713 0.39287 0
0.0689587 0.413756 0.517285
0.655274 0.0689284 0.275798
0.482878 0.241324 0.275798
0.137667 0.520164 0.342169
0.43332 0.56668 0
0.241281 0.344705 0.414014
0.233326 0.766674 0
0.966677 0.0333231 0
0.0333319 0.966668 0
0.733326 0.266674 0
0.344836 0.275852 0.379311
0.586204 0.10345 0.310346
9.99719e-05 0.0999916 0.899908
0.892861 0.107139 0
0.0666655 0.933334 0
0.275854 0.172405 0.55174
0.298232 0.105266 0.596502
0.137927 0.000103265 0.86197
0.65378 0.000103114 0.346117
0.105613 0.260861 0.633526
0.428569 0.142862 0.428569
0.147739 0.409069 0.443191
0.642847 0.357153 0
9.56642e-05 0.629552 0.370352
0.0666679 0.0333337 0.899998
0.392857 0.607143 0
0.142867 0.857133 0
0.0342638 0.143077 0.822659
0.000103414 0.20688 0.793016
0.392714 0.250087 0.3572
0.545456 0.204544 0.25
0.000103342 0.482712 0.517185
0.333331 0.666669 0
0.517177 0.000103402 0.482719
0.068883 0.655273 0.275844
0.034438 0.380104 0.585458
0.103442 0.586181 0.310376
0.538072 0.0672544 0.394674
0.135469 0.24375 0.620781
0.333337 0.333337 0.333327
0.700002 0.299998 0
0.275861 0.379301 0.344839
5.61357e-05 9.66041e-05 0.999847
8.77855e-05 0.299974 0.699938
0.20674 0.206731 0.586529
0.999901 9.93708e-05 0
0.346063 0.000102923 0.653834
0.517238 0.482762 0
0.185115 0.0744307 0.740454
0.136336 0.613664 0.25
0.0357127 0.714287 0.25
9.84207e-05 0.733259 0.266643
0.269223 0.730777 0
0.170446 0.273957 0.555597
0.766673 0.233327 0
0.833331 0.166669 0
0.712782 0.0356541 0.251564
0.241332 0.137887 0.620781
9.9966e-05 0.9999 0
0.214268 0.535732 0.25
0.258608 0.444885 0.296507
0.38836 0.067963 0.543677
0.137938 0.172438 0.689624
0.749898 0.000102225 0.25
0.200001 0.799999 0
0.576926 0.423074 0
0.214069 0.32169 0.464241
0.461531 0.538469 0
0.0338091 0.541064 0.425127
0.24136 9.48509e-05 0.758545
0.321443 0.214317 0.464241
0.487924 0.17426 0.337816
0.933334 0.0666661 0
0.44866 0.068918 0.482422
0.178088 0.464712 0.3572
0.240001 0.240001 0.519998
0.103442 0.344821 0.551737
0.433213 9.48894e-05 0.566692
0.321437 0.428563 0.25
0.613636 0.136364 0.25
0.464289 0.285711 0.25
0.103449 0.103449 0.793101
0.137767 0.379374 0.482859
0.344879 0.137912 0.517208
0.275868 0.034479 0.689653
0.0689592 0.241371 0.68967
0.000100567 0.357105 0.642794
0.100008 0.899992 0
0.392844 0.357156 0.25
0.10339 0.448516 0.448094
0.586112 9.54356e-05 0.413793
0.166675 0.0333355 0.799989
