0.0344826 0.62069 0.344827
0.360009 0.639991 0
0.482752 0.241387 0.275861
0.241379 0.482759 0.275862
0.172411 0.379305 0.448284
0.300007 0.699993 0
0.100001 0.166671 0.733328
0.800001 0.199999 0
0.607142 0.392858 0
0.0689634 0.448276 0.48276
0.233332 0.766668 0
0.0333326 0.966667 0
0.966667 0.0333328 0
0.733334 0.266666 0
0.310341 0.413799 0.275861
0.0689463 0.655187 0.275867
0.0666726 0.933327 0
0.833332 0.166668 0
0.103448 0.586208 0.310345
0.000103333 0.103436 0.89646
0.000103409 0.310313 0.689584
0.298246 0.105263 0.596491
0.142858 0.428572 0.42857
0.653778 0.000103193 0.346119
0.42857 0.14286 0.42857
0.0689648 0.344829 0.586206
0.392861 0.607139 0
0.107315 0.0343345 0.85835
0.766667 0.233333 0
0.586207 0.103448 0.310345
0.14286 0.85714 0
0.240001 0.24 0.519999
0.000103397 0.482709 0.517188
0.392856 0.357144 0.25
0.9999 9.99609e-05 0
0.333332 0.333332 0.333336
0.613638 0.136362 0.25
0.214264 0.000102415 0.785634
0.433334 0.566666 0
0.699998 0.300002 0
0.517187 0.00010344 0.482709
9.98365e-05 0.9999 0
0.517241 0.482759 0
0.464286 0.285714 0.25
0.000100989 0.629565 0.370334
8.76001e-05 9.8724e-05 0.999814
0.137927 0.103446 0.758627
0.168318 0.124752 0.70693
0.712787 0.0356403 0.251572
0.892859 0.107141 0
0.538114 0.0672647 0.394621
0.206894 0.13793 0.655175
0.642865 0.357135 0
0.269228 0.730772 0
0.866665 0.133335 0
0.214274 0.535725 0.25
9.99669e-05 0.233306 0.766594
0.000103439 0.379271 0.620625
0.346119 0.000103156 0.653778
0.34483 0.137927 0.517243
0.545453 0.204547 0.25
0.0344828 0.413791 0.551726
0.250002 0.392853 0.357146
0.586149 0.000103437 0.413748
0.142857 0.214287 0.642856
0.655281 0.068929 0.27579
0.388456 0.0679493 0.543595
9.98371e-05 0.733259 0.266641
0.200001 0.799999 0
0.241564 0.0689486 0.689487
0.068966 0.137932 0.793102
0.576924 0.423076 0
0.206896 0.310346 0.482758
0.172414 0.27586 0.551726
0.392855 0.25 0.357146
0.461539 0.538461 0
0.333333 0.666667 0
0.310345 0.310345 0.37931
0.749897 0.000102247 0.25
0.32143 0.214283 0.464287
0.285713 0.464287 0.25
0.487928 0.17426 0.337812
0.16665 9.96758e-05 0.833251
0.099999 0.900001 0
0.933335 0.0666654 0
0.0666583 9.80819e-05 0.933244
0.172413 0.48276 0.344827
0.0333312 0.533339 0.43333
0.433288 9.99315e-05 0.566612
0.136363 0.613637 0.25
0.448278 0.068962 0.48276
0.0689606 0.241366 0.689674
0.241379 0.172415 0.586206
0.0357146 0.714285 0.25
0.285715 0.285715 0.42857
9.98204e-05 0.16665 0.833251
0.103417 0.379498 0.517085
0.103447 0.517242 0.379311
0.27583 0.000103269 0.724066
0.103445 0.275855 0.6207
