0.200004 0.799996 0
0.206901 0.137934 0.655165
9.09047e-05 0.333302 0.666607
9.86255e-05 0.448222 0.55168
0.103448 0.344831 0.551721
0.13793 0.482762 0.379308
0.4 0.6 0
0.800002 0.199998 0
0.37931 0.310345 0.310345
0.482765 0.137927 0.379308
0.133337 0.866663 0
0.519993 0.480007 0
0.066672 0.299956 0.633372
0.166663 9.97884e-05 0.833237
0.730763 0.269237 0
0.0333314 0.966669 0
0.966667 0.0333328 0
0.413793 0.103447 0.48276
0.551726 0.448274 0
0.178558 0.571442 0.25
0.586136 0.103472 0.310392
0.0334129 0.465385 0.501202
0.214285 0.000102453 0.785612
0.444451 0.148147 0.407403
0.749898 0.000102215 0.25
0.357138 0.392862 0.25
0.50239 0.0669924 0.430618
0.107143 0.892857 0
9.93612e-05 0.639942 0.359959
0.103446 0.620692 0.275862
0.892859 0.107141 0
0.107301 0.034337 0.858362
0.866629 0.133371 0
0.629628 0.370372 0
0.0356354 0.712792 0.251572
0.240192 0.279931 0.479877
0.1088 0.31092 0.58028
0.517188 0.00010342 0.482709
0.9999 9.99768e-05 0
0.655105 0.000103397 0.344792
9.99296e-05 0.9999 0
0.37036 0.62964 0
0.000103364 0.517188 0.482709
0.172414 0.517241 0.310345
0.000103347 0.13791 0.861986
0.357133 0.178564 0.464302
9.46185e-05 8.48194e-05 0.999821
0.241379 0.482756 0.275865
0.241374 0.172408 0.586217
0.000103434 0.379271 0.620626
0.233331 0.766669 0
0.482759 0.517241 0
0.0666554 4.38401e-05 0.933301
0.760004 0.239996 0
0.000103416 0.241345 0.758552
0.333335 0.333335 0.33333
0.689654 0.0344841 0.275862
0.346114 0.00010321 0.653783
0.17525 0.123748 0.701002
0.500002 0.249998 0.25
0.142856 0.214284 0.642859
0.613635 0.136365 0.25
0.142858 0.428574 0.428568
0.607077 0.000101103 0.392822
0.103453 0.55171 0.344836
0.827583 0.172417 0
0.689655 0.310345 0
0.172411 0.827589 0
0.250756 0.0681153 0.681129
0.000102191 0.749898 0.25
0.0689649 0.13793 0.793105
0.379314 0.241378 0.379308
0.0683274 0.409974 0.521699
0.221527 0.372341 0.406131
0.428565 0.571435 0
0.0689629 0.206889 0.724148
0.0666652 0.933335 0
0.933323 0.0666767 0
0.0677322 0.609577 0.322691
0.0344729 0.275891 0.689636
0.206891 0.241389 0.55172
0.310352 0.103451 0.586197
0.310345 0.689655 0
0.517241 0.172414 0.310345
0.394358 0.067293 0.538349
0.433287 9.99136e-05 0.566614
0.206884 0.448283 0.344834
0.42857 0.285713 0.285717
0.0338155 0.541058 0.425126
0.13793 0.103448 0.758622
0.0333326 0.0666628 0.900005
0.172413 0.344827 0.48276
0.275833 0.000103424 0.724064
0.6 0.4 0
0.299463 0.187178 0.513358
0.285722 0.464278 0.25
0.275871 0.379293 0.344837
0.448285 0.20688 0.344835
0.269227 0.730773 0
0.310358 0.275848 0.413794
