0.448296 0.0689546 0.482749
0.199998 0.800002 0
0.8 0.2 0
0.206893 0.413803 0.379304
0.103445 0.517246 0.379309
0.310344 0.310344 0.379311
0.133339 0.866661 0
0.866643 0.133357 0
0.275854 0.172416 0.55173
0.600003 0.399997 0
9.99804e-05 0.166653 0.833247
0.730768 0.269232 0
0.269231 0.730769 0
0.966667 0.0333328 0
0.000101991 0.655127 0.344771
0.100301 0.431631 0.468068
0.448275 0.551725 0
0.0333319 0.966668 0
0.172416 0.482761 0.344823
0.586211 0.103447 0.310342
0.31031 0.00010334 0.689587
0.379323 0.10344 0.517237
0.428571 0.321428 0.250001
0.275866 0.448272 0.275862
0.633336 0.366664 0
0.480004 0.519996 0
0.000102247 0.214275 0.785623
0.148146 0.444438 0.407416
0.344825 0.068967 0.586208
0.107145 0.892855 0
0.482709 0.000103409 0.517188
0.615317 0.000102491 0.38458
0.9999 9.99355e-05 0
0.0343358 0.107277 0.858387
0.000101138 0.392828 0.60707
0.103447 0.586198 0.310355
0.370383 0.629617 0
0.827583 0.172417 0
0.892861 0.107139 0
0.000103288 0.517183 0.482714
0.233311 9.99912e-05 0.766589
0.103449 0.310341 0.58621
0.241436 0.0684672 0.690097
0.76 0.24 0
9.99714e-05 0.9999 0
0.357141 0.392857 0.250001
0.428567 0.142858 0.428575
0.344829 0.206887 0.448284
8.57889e-05 9.25407e-05 0.999822
0.544498 0.204197 0.251304
0.517239 0.482761 0
0.000102226 0.749896 0.250001
0.240005 0.240005 0.51999
0.124779 0.168161 0.70706
0.103436 0.000103091 0.896461
0.214283 0.321425 0.464292
0.379304 0.241392 0.379304
0.172408 0.275864 0.551729
0.714295 0.0357038 0.250001
0.136364 0.613634 0.250001
0.0344961 0.689654 0.27585
0.413796 0.275861 0.310343
0.103448 0.137929 0.758624
0.239997 0.760003 0
0.000103198 0.346115 0.653782
0.482761 0.241376 0.275863
0.25 0.499999 0.250001
0.733268 9.95109e-05 0.266633
0.214283 0.142854 0.642863
0.285712 0.285712 0.428575
9.70569e-05 0.60708 0.392823
0.333333 0.333333 0.333333
0.0337927 0.425461 0.540746
0.172422 0.827578 0
0.32145 0.178564 0.499987
0.310344 0.689656 0
0.137935 0.0689662 0.793099
0.68966 0.31034 0
0.0681533 0.250327 0.68152
0.25 0.392856 0.357143
0.296238 0.407443 0.296319
0.521228 0.0683967 0.410375
0.571429 0.428571 0
0.482761 0.172416 0.344823
0.0666674 0.933333 0
0.933332 0.0666678 0
0.413789 0.0344825 0.551729
9.60006e-05 0.0666545 0.93325
0.178565 0.214282 0.607153
0.655177 0.0344807 0.310342
0.61363 0.136368 0.250001
0.137931 0.344832 0.517237
0.0669819 0.502391 0.430627
0.166653 9.97797e-05 0.833247
0.275874 0.103446 0.62068
0.379272 0.000103114 0.620625
0.000103352 0.275808 0.724088
0.172409 0.551728 0.275863
0.501193 0.03341 0.465396
0.4 0.6 0
