0.399999 0.600001 0
0.172409 0.275866 0.551725
0.800002 0.199998 0
0.482759 0.137932 0.379309
0.866665 0.133335 0
0.133338 0.866662 0
0.344815 0.172407 0.482778
0.448291 0.103436 0.448274
0.206898 0.344828 0.448274
0.379308 0.275862 0.344829
0.519999 0.480001 0
0.166656 6.31029e-05 0.833281
0.730758 0.269242 0
0.000100356 0.586121 0.413778
0.966677 0.0333232 0
0.0333261 0.966674 0
0.310342 0.0689652 0.620692
0.379321 0.0689571 0.551722
0.0669884 0.502414 0.430598
0.142853 0.607146 0.250001
0.214299 0.000102433 0.785598
0.0689538 0.206874 0.724173
0.586201 0.10345 0.310349
0.827579 0.172421 0
0.185188 0.4074 0.407413
0.10714 0.89286 0
0.370372 0.629628 0
0.892851 0.107149 0
0.413783 0.206938 0.37928
0.107303 0.0343349 0.858362
0.629617 0.370383 0
0.749897 0.000102215 0.250001
0.517185 0.000103437 0.482711
0.357148 0.392852 0.250001
0.175257 0.123725 0.701018
0.0666584 2.52971e-05 0.933316
0.551726 0.448274 0
0.655104 0.000103406 0.344792
0.000103415 0.517172 0.482724
0.9999 9.9974e-05 0
9.78532e-05 5.87133e-05 0.999843
0.444546 0.148121 0.407334
0.413749 9.7973e-05 0.586153
0.482759 0.517241 0
0.333333 0.333333 0.333334
9.99855e-05 0.9999 0
0.689683 0.0344803 0.275837
0.0356356 0.712792 0.251573
0.137916 0.482775 0.379309
0.254242 0.273598 0.47216
0.172406 0.517245 0.310349
0.206892 0.17241 0.620698
0.000103406 0.241356 0.758541
0.0689599 0.620691 0.310349
0.000101035 0.639936 0.359963
0.23333 0.76667 0
0.27583 0.000103235 0.724067
0.346121 0.00010319 0.653776
0.000103395 0.379273 0.620624
0.241379 0.48276 0.275861
0.6 0.4 0
0.760008 0.239992 0
0.0666715 0.433286 0.500043
0.103469 0.55167 0.34486
0.5 0.25 0.250001
0.142852 0.214279 0.64287
0.31034 0.68966 0
0.607078 0.000101046 0.392821
0.0689473 0.344817 0.586236
0.000102176 0.749897 0.250001
0.108629 0.311981 0.57939
0.250894 0.0681012 0.681005
0.172412 0.827588 0
0.299458 0.187186 0.513356
0.344825 0.24138 0.413795
0.068974 0.137948 0.793078
0.613636 0.136364 0.250001
0.428569 0.571431 0
0.933333 0.0666673 0
0.0666641 0.933336 0
0.0344785 0.275882 0.689639
0.214281 0.249996 0.535723
0.269245 0.730755 0
0.464239 0.000100397 0.53566
0.214286 0.535713 0.250001
0.428572 0.285714 0.285714
0.689658 0.310342 0
0.517238 0.172412 0.310349
0.502386 0.0669844 0.43063
0.275859 0.344834 0.379307
0.000103178 0.137919 0.861978
0.137936 0.103445 0.758619
0.137918 0.344895 0.517188
0.0333331 0.0666664 0.900001
0.206896 0.448274 0.344831
0.396879 0.134086 0.469035
0.276117 0.137883 0.586
0.000100739 0.448231 0.551669
0.137924 0.413795 0.448282
0.27586 0.413791 0.310349
