0.482758 0.137913 0.379329
0.599999 0.400001 0
0.27586 0.172412 0.551727
0.200001 0.799999 0
0.133334 0.866666 0
0.866665 0.133335 0
0.103449 0.448278 0.448274
0.344829 0.206898 0.448274
0.480017 0.519983 0
0.00010341 0.413748 0.586148
0.51724 0.172414 0.310347
9.99539e-05 0.166658 0.833242
0.344811 0.0689637 0.586226
0.586141 0.000103371 0.413756
0.966676 0.033324 0
0.0333321 0.966668 0
0.000102864 0.655105 0.344792
0.273447 0.254296 0.472257
0.392856 0.357144 0.25
0.607142 0.142858 0.25
0.10345 0.586199 0.310351
0.137912 0.000103403 0.861985
0.407399 0.185181 0.40742
0.148134 0.444496 0.40737
0.333335 0.333335 0.333331
0.000102259 0.749898 0.25
0.448274 0.551726 0
0.639935 0.000101039 0.359963
0.000102456 0.21426 0.785638
0.379271 0.000103202 0.620625
0.892864 0.107136 0
0.107144 0.892856 0
0.730769 0.269231 0
0.62963 0.37037 0
0.187164 0.299464 0.513372
0.0343346 0.107303 0.858362
0.370369 0.629631 0
0.134066 0.396887 0.469047
0.275863 0.37931 0.344827
0.933338 0.0666618 0
9.99683e-05 0.9999 0
0.000103403 0.517188 0.482709
0.000103103 0.346119 0.653777
0.123973 0.175214 0.700813
0.25 0.5 0.25
0.766664 0.233336 0
9.46341e-05 9.92626e-05 0.999806
0.0689575 0.379395 0.551647
0.517241 0.482759 0
0.712787 0.035642 0.251571
0.535715 0.214285 0.25
0.0344829 0.689656 0.275861
0.9999 9.98513e-05 0
0.239996 0.760004 0
0.241356 0.000103253 0.758541
0.571428 0.428572 0
0.482759 0.241379 0.275861
0.310348 0.689652 0
0.551598 0.103477 0.344925
0.214288 0.142856 0.642856
0.689663 0.310337 0
0.432471 0.0667681 0.500761
0.000101155 0.607082 0.392817
0.517188 0.00010322 0.482709
0.502396 0.0669763 0.430627
0.172417 0.827583 0
0.749898 0.000102194 0.25
0.0666446 0.0332783 0.900077
0.0681026 0.250895 0.681002
0.137934 0.0689669 0.793099
0.207726 0.41336 0.378913
0.0689657 0.310344 0.62069
0.136364 0.613636 0.25
9.41346e-05 0.0666564 0.933249
0.0666633 0.933337 0
0.275864 0.0344791 0.689657
0.137931 0.482752 0.379317
0.249992 0.214289 0.535719
0.620698 0.0689543 0.310348
9.98144e-05 0.464232 0.535668
0.172413 0.206897 0.62069
0.137921 0.275913 0.586166
0.285712 0.428572 0.285716
0.241378 0.344825 0.413798
0.172416 0.517236 0.310348
0.0669894 0.502383 0.430627
0.344829 0.275864 0.379307
0.103447 0.13793 0.758624
0.345157 0.137862 0.516981
0.448276 0.206896 0.344828
0.172414 0.344828 0.482758
0.000103416 0.275811 0.724086
0.448231 0.00010342 0.551666
0.26923 0.73077 0
0.399998 0.600002 0
0.827585 0.172415 0
0.172406 0.103443 0.724151
0.31198 0.108628 0.579391
0.413794 0.137932 0.448274
0.413791 0.275862 0.310347
