0.800218 0.199782 0
0.200001 0.799999 0
0.275836 0.172418 0.551746
0.137832 0.482765 0.379402
0.133334 0.866666 0
0.866659 0.133341 0
0.275862 0.379305 0.344833
0.480009 0.519991 0
0.269228 0.730772 0
0.3793 0.172409 0.448291
0.0333302 0.96667 0
0.966669 0.0333311 0
0.586254 0.0343435 0.379402
0.6 0.4 0
0.000103271 0.655111 0.344786
8.92251e-05 0.166619 0.833292
0.0689617 0.310334 0.620704
0.448263 0.137938 0.413799
0.448273 0.551727 0
0.392853 0.357144 0.250002
0.892863 0.107137 0
0.53801 0.210938 0.251053
0.0689605 0.37935 0.551689
0.137916 0.000102935 0.861981
0.607134 0.142864 0.250002
0.431813 0.0668377 0.501349
0.000102325 0.214262 0.785636
0.000101155 0.607079 0.39282
0.37927 0.00010343 0.620627
0.275865 0.0344701 0.689665
0.407404 0.185183 0.407413
0.448238 0.000103363 0.551659
0.148132 0.444505 0.407363
0.272808 0.254518 0.472675
0.639931 0.00010103 0.359968
0.187203 0.299454 0.513343
0.0343353 0.107297 0.858367
0.9999 9.99892e-05 0
0.370377 0.629623 0
0.629625 0.370375 0
0.517185 0.000103311 0.482712
0.000102174 0.749896 0.250002
9.98311e-05 0.9999 0
0.712792 0.0356358 0.251573
9.34412e-05 6.88116e-05 0.999838
0.103482 0.586071 0.310447
0.517241 0.482759 0
0.749896 0.000102143 0.250002
0.241355 0.000103349 0.758542
0.000103433 0.275833 0.724063
0.123852 0.17523 0.700918
0.249995 0.500002 0.250002
0.000103285 0.517186 0.48271
0.24 0.76 0
0.13793 0.275867 0.586202
0.333333 0.333333 0.333333
0.107143 0.892857 0
0.000103209 0.346119 0.653778
0.766667 0.233333 0
0.48276 0.241379 0.275861
0.344831 0.068951 0.586218
0.034481 0.689672 0.275847
0.551714 0.103451 0.344836
0.214271 0.142847 0.642882
0.689655 0.310345 0
0.172413 0.827587 0
0.172404 0.206891 0.620704
0.310344 0.689656 0
0.827583 0.172417 0
0.0681554 0.250291 0.681554
0.137928 0.0689635 0.793109
0.209102 0.412645 0.378253
0.136362 0.613636 0.250002
0.571441 0.428559 0
4.92898e-05 0.066663 0.933288
0.0666662 0.933334 0
0.933331 0.0666687 0
0.249992 0.214284 0.535725
0.000103293 0.413751 0.586146
0.000100044 0.464246 0.535654
0.502371 0.0669937 0.430635
0.448273 0.206892 0.344836
0.28571 0.428589 0.285701
0.206951 0.448213 0.344836
0.241372 0.344829 0.413799
0.0669749 0.502389 0.430636
0.172382 0.517274 0.310343
0.103443 0.137923 0.758634
0.345226 0.137847 0.516927
0.413681 0.275941 0.310378
0.0666551 0.0333138 0.900031
0.321456 0.285729 0.392814
0.65518 0.0689733 0.275846
0.730769 0.269231 0
0.517244 0.172387 0.310369
0.10026 0.431859 0.467881
0.400006 0.599994 0
0.172409 0.344827 0.482764
0.311756 0.108672 0.579572
0.172406 0.103446 0.724148
