0.200097 0.799903 0
0.379393 0.275769 0.344839
0.800002 0.199998 0
0.310348 0.310348 0.379304
0.482946 0.137736 0.379318
0.206873 0.517283 0.275844
0.133366 0.866634 0
0.866633 0.133367 0
0.392863 0.607137 0
0.448363 0.206852 0.344785
9.04466e-05 0.413721 0.586189
9.83687e-05 0.166684 0.833217
0.299711 0.0666933 0.633595
0.730745 0.269255 0
0.000103359 0.586147 0.413749
0.413864 0.137917 0.44822
0.96667 0.0333297 0
0.0333315 0.966669 0
0.214283 0.142855 0.642862
0.31186 0.108977 0.579163
0.357139 0.392859 0.250002
0.500005 0.249993 0.250002
0.137964 0.586184 0.275852
0.502344 0.0669899 0.430666
0.585949 0.103513 0.310538
0.107143 0.892857 0
0.357144 0.642856 0
0.892861 0.107139 0
0.148112 0.444424 0.407464
0.606991 9.7141e-05 0.392912
0.18721 0.299484 0.513306
0.0343383 0.107264 0.858398
9.8619e-05 0.275689 0.724213
0.629629 0.370371 0
0.517182 0.000103403 0.482714
9.95329e-05 0.9999 0
0.655123 9.40066e-05 0.344783
9.07299e-05 9.38084e-05 0.999815
0.321426 0.214283 0.464291
0.9999 9.9706e-05 0
9.63311e-05 0.639935 0.359968
0.000102632 0.517186 0.482711
9.85311e-05 0.464264 0.535637
0.13792 9.18132e-05 0.861988
0.233326 0.766674 0
0.206887 0.44831 0.344803
0.0689653 0.379317 0.551718
0.444414 0.148156 0.40743
0.333334 0.333335 0.33333
0.482763 0.517237 0
0.379276 9.46561e-05 0.620629
0.124646 0.175074 0.70028
0.689647 0.0344957 0.275857
0.2759 0.0344326 0.689667
0.7499 9.85027e-05 0.250002
0.51998 0.48002 0
0.00010207 0.749896 0.250002
0.760004 0.239996 0
0.000102337 0.214301 0.785596
0.249998 0.5 0.250002
0.172413 0.344828 0.482759
0.000102848 0.346132 0.653765
0.551733 0.448267 0
0.827578 0.172422 0
0.689653 0.310347 0
0.172415 0.827585 0
0.423064 0.576936 0
0.0666351 0.933365 0
0.0681816 0.250406 0.681413
0.241364 0.379318 0.379318
0.448269 9.34566e-05 0.551638
0.0356462 0.712785 0.251569
0.137902 0.0689485 0.793149
0.300024 0.699976 0
0.0688932 0.620742 0.310364
0.409953 0.0683238 0.521723
0.100212 0.432074 0.467714
0.067963 0.543705 0.388332
0.613635 0.136363 0.250002
0.401208 0.234058 0.364734
0.346273 0.13763 0.516097
0.103427 0.137933 0.75864
4.25104e-05 0.0666504 0.933307
0.933333 0.0666673 0
0.241386 0.206896 0.551717
0.102274 0.647724 0.250002
0.517255 0.172407 0.310339
0.137937 0.275874 0.586189
0.174256 0.487919 0.337824
0.285729 0.28573 0.428542
0.392875 0.357123 0.250002
0.448267 0.275877 0.275856
0.065279 0.0332013 0.90152
0.241345 0.000102739 0.758552
0.599989 0.400011 0
0.278246 0.417344 0.30441
0.172406 0.20689 0.620704
0.172338 0.103404 0.724258
0.068936 0.310353 0.620711
0.266672 0.733328 0
