0.639978 0.360022 0
0.241379 0.137931 0.62069
0.413811 0.206888 0.379301
0.200002 0.799998 0
0.482759 0.24138 0.275861
0.379325 0.310338 0.310338
0.699997 0.300003 0
0.517281 0.137927 0.344792
0.379487 0.137827 0.482686
0.133338 0.866662 0
0.4 0.6 0
0.13793 0.24138 0.62069
0.0344551 0.655448 0.310097
0.269231 0.730769 0
0.566668 0.433332 0
0.0333356 0.966664 0
0.966673 0.0333267 0
0.170453 0.579547 0.25
0.65518 0.0689552 0.275865
0.933332 0.0666681 0
0.137929 0.517231 0.34484
0.319961 0.000101996 0.679937
0.260876 0.105589 0.633536
0.178556 0.000102577 0.821341
0.73077 0.26923 0
0.147725 0.409098 0.443177
0.409087 0.147729 0.443184
0.586054 0.103487 0.310459
0.0357133 0.714287 0.25
0.666665 0.333335 0
0.107139 0.892861 0
0.000102426 0.615323 0.384575
0.857147 0.142853 0
0.34475 0.275889 0.379361
0.366668 0.633332 0
0.482709 0.000103347 0.517188
9.97898e-05 0.733259 0.266642
0.333334 0.333334 0.333333
9.98562e-05 0.9999 0
0.9999 9.99944e-05 0
0.35714 0.39286 0.25
0.105474 0.261678 0.632848
0.000103427 0.482709 0.517188
0.233318 9.99658e-05 0.766582
0.629561 0.000101007 0.370338
0.31051 0.137889 0.551601
0.239999 0.239999 0.520002
0.433281 0.066672 0.500047
0.20419 0.544503 0.251307
0.48276 0.51724 0
0.535714 0.214286 0.25
0.60714 0.39286 0
0.0684949 0.34932 0.582185
0.0689808 0.0344873 0.896532
0.000102621 0.178551 0.821346
0.172287 0.448683 0.37903
0.275862 0.413794 0.310344
0.124999 0.124999 0.750002
0.000103396 0.310311 0.689586
0.517256 0.0689623 0.413781
0.239999 0.760001 0
9.29048e-05 9.88878e-05 0.999808
0.349319 0.0684942 0.582186
0.241379 0.379311 0.37931
0.799997 0.200003 0
0.733258 9.99683e-05 0.266642
0.000103427 0.379271 0.620625
0.172422 0.827578 0
0.310342 0.689658 0
0.538466 0.461534 0
0.0666624 0.933338 0
0.103447 0.620692 0.275861
0.172411 0.172411 0.655179
0.321442 0.214236 0.464322
0.0673472 0.505131 0.427522
0.444479 0.259225 0.296296
0.206911 0.0689622 0.724127
0.428574 0.571426 0
0.068965 0.206908 0.724127
0.178578 0.321439 0.499983
0.206896 0.206896 0.586208
9.54342e-05 0.23332 0.766585
0.0344469 0.103347 0.862206
0.24982 0.464666 0.285514
0.566608 9.99983e-05 0.433292
0.464798 0.177719 0.357482
0.613635 0.136364 0.25
0.428523 0.000100805 0.571376
0.0343473 0.413857 0.551796
0.428581 0.321419 0.25
0.766667 0.233333 0
0.103447 0.103447 0.793105
4.55452e-05 0.0666523 0.933302
0.714293 0.0357073 0.25
0.0671345 0.597037 0.335828
0.0670255 0.430365 0.50261
0.899998 0.100002 0
0.241328 0.310321 0.448351
0.133316 9.88025e-05 0.866585
0.000103287 0.551667 0.44823
