0.866664 0.133336 0
0.137929 0.241385 0.620686
0.482802 0.24136 0.275838
0.103448 0.448281 0.448272
0.241295 0.413841 0.344863
0.241375 0.482766 0.275859
0.310347 0.379308 0.310345
0.300006 0.699994 0
0.206871 0.379298 0.413832
0.137931 0.37931 0.48276
0.800005 0.199995 0
0.13793 0.482755 0.379315
0.607129 0.392871 0
0.655707 0.0688582 0.275435
0.433336 0.566664 0
0.233331 0.766669 0
0.966671 0.033329 0
0.733331 0.266669 0
0.344819 0.275866 0.379315
0.0689583 0.655178 0.275864
0.0343599 0.381521 0.584119
0.333333 0.333333 0.333334
0.586207 0.103448 0.310345
0.392862 0.250002 0.357136
0.298325 0.105251 0.596424
0.206897 0.206897 0.586206
0.103471 0.586133 0.310396
0.392854 0.357146 0.25
0.833336 0.166664 0
0.137914 0.00010316 0.861983
0.346127 0.000103091 0.65377
0.892863 0.107137 0
0.392857 0.607143 0
0.51717 0.000103166 0.482726
0.142872 0.857128 0
0.766685 0.233315 0
0.0342798 0.143018 0.822702
0.103449 0.344827 0.551724
0.576945 0.423055 0
0.240003 0.240003 0.519994
0.0666665 0.933334 0
0.333337 0.666663 0
0.10551 0.261315 0.633175
0.21428 0.53572 0.25
0.517236 0.482764 0
0.653783 0.000103132 0.346114
9.90099e-05 0.566603 0.433298
0.214282 0.321429 0.464289
0.275862 0.172414 0.551724
0.9999 9.98693e-05 0
0.0357182 0.714281 0.25
9.98138e-05 0.9999 0
0.000100611 0.629566 0.370333
0.321428 0.428571 0.25
9.97668e-05 0.299951 0.699949
0.185181 0.0740988 0.74072
0.275856 0.344829 0.379315
0.642848 0.357152 0
0.269227 0.730773 0
3.66216e-05 9.37148e-05 0.99987
0.712786 0.0356389 0.251575
9.97637e-05 0.0999962 0.899904
0.545461 0.204539 0.25
0.7 0.3 0
0.259219 0.44447 0.296311
0.388374 0.0679591 0.543667
9.98656e-05 0.733256 0.266644
0.13793 0.172417 0.689653
0.199997 0.800003 0
0.0333299 0.96667 0
0.0689711 0.517202 0.413827
0.461538 0.538462 0
0.241363 0.000103435 0.758533
0.147731 0.409092 0.443177
0.749898 0.000102064 0.25
0.321425 0.214282 0.464292
0.0666664 0.0333326 0.900001
0.538119 0.0672585 0.394623
0.487924 0.174259 0.337817
0.93333 0.0666696 0
0.000103115 0.206877 0.79302
0.178567 0.464293 0.357139
0.433279 9.50822e-05 0.566626
0.13636 0.613639 0.25
0.613663 0.136336 0.25
0.166669 0.0333328 0.799998
0.000103421 0.482712 0.517185
0.464282 0.285717 0.25
0.241379 0.103448 0.655172
0.103448 0.103448 0.793105
0.34483 0.137931 0.51724
0.0689595 0.206871 0.72417
0.275864 0.0344798 0.689656
0.0669901 0.430604 0.502406
0.000101362 0.357116 0.642783
0.100008 0.899992 0
0.58615 0.000103411 0.413747
0.172412 0.275856 0.551732
0.42855 0.142862 0.428588
0.44828 0.0689424 0.482778
