0.639992 0.360008 0
0.413792 0.0344806 0.551728
0.199999 0.800001 0
0.448274 0.103448 0.448278
0.7 0.3 0
0.379311 0.206896 0.413793
0.133336 0.866664 0
0.482767 0.137923 0.37931
0.137929 0.379307 0.482763
0.4 0.6 0
0.24138 0.13793 0.62069
0.0689633 0.551727 0.37931
0.269231 0.730769 0
0.766666 0.233334 0
0.966666 0.033334 0
0.275861 0.379312 0.344827
0.444552 0.25908 0.296368
0.103448 0.103448 0.793104
0.933333 0.0666668 0
0.586098 0.103476 0.310427
0.379313 0.310342 0.310345
0.613636 0.136363 0.25
0.260872 0.10559 0.633538
0.272335 0.306376 0.421289
0.178553 0.000102605 0.821344
0.349316 0.0684932 0.582191
0.56661 9.99767e-05 0.43329
0.357143 0.392857 0.25
0.0344766 0.655177 0.310347
0.147731 0.409091 0.443178
0.40909 0.147728 0.443182
0.36666 0.63334 0
0.107144 0.892856 0
0.607141 0.392859 0
0.629566 0.000100971 0.370333
0.430617 0.0669866 0.502397
0.857143 0.142857 0
0.428574 0.321426 0.25
0.000103431 0.482709 0.517188
0.733259 9.99713e-05 0.266641
0.333332 0.333332 0.333335
0.482759 0.517241 0
0.000102639 0.178553 0.821344
0.310312 0.000103394 0.689584
0.482709 0.00010341 0.517188
0.239998 0.239999 0.520003
9.98861e-05 0.9999 0
0.9999 9.99736e-05 0
9.25059e-05 9.88222e-05 0.999809
0.1 0.433328 0.466672
9.99126e-05 0.73326 0.266641
0.379311 0.103448 0.517242
9.99112e-05 0.23331 0.76659
0.0344765 0.0691361 0.896387
0.000102503 0.615325 0.384572
0.000100809 0.428525 0.571374
0.0333319 0.966668 0
0.714285 0.0357145 0.25
0.0357139 0.714286 0.25
0.0684955 0.349313 0.582191
0.125001 0.125001 0.749999
0.000101943 0.319967 0.679931
0.535715 0.214285 0.25
0.23998 0.289531 0.470489
0.730773 0.269227 0
0.23331 9.99868e-05 0.76659
0.105592 0.26087 0.633538
0.666664 0.333336 0
0.204189 0.544503 0.251308
0.172416 0.827584 0
0.482759 0.241377 0.275864
0.800002 0.199998 0
0.102 0.610642 0.287358
0.310345 0.689655 0
0.517461 0.068934 0.413605
0.32143 0.178568 0.500003
0.538462 0.461538 0
0.250001 0.464286 0.285713
0.0689659 0.206897 0.724137
0.13793 0.24138 0.62069
0.033333 0.533337 0.43333
0.172416 0.172416 0.655168
0.428572 0.571428 0
0.2069 0.0689656 0.724135
0.172414 0.310346 0.51724
0.0666683 0.933332 0
0.206897 0.206897 0.586207
0.103447 0.0344817 0.862072
0.464301 0.178544 0.357155
0.566665 0.433335 0
0.379271 0.000103428 0.620625
9.85836e-05 0.13332 0.866582
0.214286 0.392857 0.392857
0.240001 0.759999 0
0.170449 0.579551 0.25
0.140624 0.507821 0.351555
0.357143 0.25 0.392857
0.066657 6.682e-05 0.933276
0.900001 0.0999994 0
0.655176 0.0689591 0.275864
