0.866667 0.133333 0
0.0333034 7.69826e-06 0.966689
0.482759 0.241379 0.275862
0.310348 0.379309 0.310344
0.300003 0.699997 0
0.241375 0.413799 0.344826
0.206894 0.379312 0.413794
0.13793 0.379311 0.482759
0.137923 0.482766 0.379311
0.8 0.2 0
0.607141 0.392859 0
0.655303 0.0689386 0.275758
0.433332 0.566668 0
0.0333315 0.966668 0
0.966667 0.0333327 0
0.275862 0.172414 0.551724
0.233333 0.766667 0
0.733333 0.266667 0
0.0689635 0.655174 0.275862
0.103456 0.586177 0.310367
0.29834 0.105248 0.596412
0.392856 0.357144 0.25
0.178568 0.464295 0.357138
0.105588 0.260893 0.63352
0.653779 0.000103229 0.346118
0.147728 0.409092 0.44318
0.538115 0.0672635 0.394622
0.892859 0.107141 0
0.214286 0.535714 0.25
0.392856 0.607144 0
0.642856 0.357144 0
0.142856 0.857144 0
0.833333 0.166667 0
0.0342894 0.142767 0.822943
9.97383e-05 9.97683e-05 0.9998
9.99197e-05 0.0999896 0.89991
0.517185 0.000103415 0.482711
0.26923 0.73077 0
0.0666667 0.933333 0
0.39285 0.250003 0.357147
0.000100936 0.629566 0.370333
0.0344704 0.379533 0.585997
0.24 0.24 0.52
0.42857 0.14286 0.42857
0.103443 0.448275 0.448282
0.000103397 0.482709 0.517187
0.545456 0.204544 0.25
0.712788 0.0356383 0.251574
0.321429 0.428571 0.25
0.137917 0.000103378 0.86198
0.9999 9.99486e-05 0
0.517239 0.482761 0
0.344827 0.275862 0.379311
9.99306e-05 0.9999 0
0.185175 0.0741231 0.740702
0.586215 0.103441 0.310345
0.0357136 0.714286 0.25
9.99772e-05 0.29997 0.69993
0.258846 0.444693 0.296462
0.388382 0.0679582 0.54366
0.137932 0.172414 0.689654
0.2 0.8 0
0.576925 0.423075 0
0.333332 0.333333 0.333335
0.749897 0.000102243 0.25
0.214283 0.321424 0.464294
0.103447 0.344829 0.551724
0.0689537 0.517324 0.413722
0.241379 0.48276 0.275862
0.461541 0.538459 0
0.699999 0.300001 0
0.333333 0.666667 0
0.241355 0.00010344 0.758541
0.321424 0.214283 0.464294
0.241381 0.103449 0.655171
0.000103426 0.206875 0.793022
0.487934 0.174259 0.337807
0.933334 0.0666659 0
0.448276 0.0689655 0.482759
0.766681 0.233319 0
0.206896 0.206896 0.586208
9.99566e-05 0.733261 0.266639
0.0666668 0.0333333 0.9
0.43329 9.99878e-05 0.56661
0.136363 0.613636 0.25
0.613636 0.136364 0.25
0.275863 0.344826 0.379311
0.346116 0.000103184 0.653781
0.103448 0.103448 0.793104
0.344828 0.137931 0.517241
0.0689632 0.206904 0.724133
9.99796e-05 0.566606 0.433294
0.464289 0.285711 0.25
0.275863 0.0344825 0.689654
0.100004 0.899996 0
0.00010146 0.357106 0.642793
0.586144 0.0001034 0.413753
0.172411 0.275863 0.551726
0.166672 0.0333344 0.799994
0.0669873 0.430619 0.502393
