0.241356 0.310367 0.448276
0.800001 0.199999 0
0.310344 0.310344 0.379311
0.866661 0.133339 0
0.133335 0.866665 0
0.137932 0.482757 0.379311
0.392858 0.607142 0
0.519998 0.480002 0
0.00010328 0.413747 0.58615
0.299984 0.0666683 0.633348
9.99479e-05 0.166655 0.833245
0.379308 0.275863 0.344829
0.0689557 0.620698 0.310347
0.730766 0.269234 0
0.000103391 0.586143 0.413754
0.413793 0.137931 0.448276
0.0333284 0.966672 0
0.310348 0.379308 0.310344
0.966668 0.0333318 0
0.266664 0.733336 0
0.21428 0.142853 0.642867
0.392854 0.357145 0.250001
0.321428 0.214285 0.464287
0.689655 0.310345 0
0.137934 0.586205 0.275861
0.311949 0.108718 0.579333
0.585903 0.103524 0.310573
0.448233 0.000103398 0.551663
0.37927 0.000103424 0.620626
0.333333 0.333333 0.333333
0.148148 0.444443 0.40741
0.100254 0.431895 0.467851
0.423076 0.576924 0
0.107143 0.892857 0
0.000101041 0.639934 0.359965
0.357147 0.642853 0
0.892854 0.107146 0
0.629629 0.370371 0
0.448274 0.206897 0.344829
0.9999 9.99608e-05 0
0.102274 0.647725 0.250001
0.482756 0.137932 0.379312
0.187163 0.299456 0.513381
0.0356379 0.712789 0.251573
0.760004 0.239996 0
0.000103424 0.517186 0.482711
0.0666623 0.933338 0
0.137913 0.000103427 0.861984
0.00010246 0.214266 0.785632
0.517241 0.172413 0.310346
0.749897 0.000102163 0.250001
0.172413 0.827587 0
9.99869e-05 0.9999 0
0.241354 0.000103264 0.758542
0.482759 0.517241 0
0.25 0.5 0.250001
0.123888 0.175223 0.700889
0.0343357 0.107271 0.858393
0.233328 0.766672 0
0.607082 0.00010118 0.392817
0.689653 0.0344852 0.275861
0.613637 0.136363 0.250001
0.000103183 0.346126 0.653771
0.275862 0.0344807 0.689657
0.517186 0.000103413 0.482711
0.5 0.25 0.250001
0.551726 0.448274 0
0.000103409 0.275811 0.724086
0.000102219 0.749897 0.250001
0.827583 0.172417 0
0.444443 0.148148 0.40741
0.068099 0.250895 0.681006
0.345252 0.137842 0.516906
0.241382 0.206896 0.551722
0.24138 0.379309 0.379311
0.300006 0.699994 0
0.409941 0.0683222 0.521736
0.0689644 0.310341 0.620694
0.13793 0.0689651 0.793105
0.401217 0.23404 0.364743
9.66231e-05 9.20444e-05 0.999811
9.51151e-05 0.0666556 0.933249
0.0689695 0.379308 0.551722
0.933337 0.066663 0
0.000100363 0.464247 0.535653
0.137919 0.275931 0.58615
0.172416 0.517237 0.310347
0.0679613 0.543688 0.388351
0.285705 0.428572 0.285723
0.172413 0.34483 0.482757
0.502393 0.0669878 0.430619
0.103444 0.137926 0.758629
0.285706 0.285706 0.428587
0.0666599 0.0333328 0.900007
0.206898 0.448273 0.344829
0.44828 0.275859 0.275861
0.599999 0.400001 0
0.172407 0.206898 0.620694
0.206884 0.0689612 0.724155
0.655105 0.000103414 0.344792
