0.103447 0.275879 0.620674
0.2 0.8 0
0.379314 0.310341 0.310345
0.310341 0.379313 0.310345
0.866646 0.133354 0
0.482754 0.13792 0.379325
0.607002 0.392998 0
0.480006 0.519994 0
0.137935 0.51724 0.344824
0.620274 0.069031 0.310695
0.16665 9.99723e-05 0.83325
0.269231 0.730769 0
0.068954 0.344801 0.586245
0.586167 9.10212e-05 0.413742
0.27587 0.241383 0.482747
0.966665 0.0333353 0
0.733302 0.266698 0
0.379352 0.0689609 0.551687
0.137927 0.103445 0.758628
0.214288 0.321432 0.464281
0.586244 0.137954 0.275803
0.103603 0.585586 0.310811
8.93358e-05 0.379297 0.620614
0.444445 0.148148 0.407408
0.000102097 0.749898 0.25
6.26265e-06 0.333307 0.666687
0.892858 0.107142 0
0.639995 0.000101049 0.359904
0.299416 0.187155 0.513429
0.172428 0.827572 0
0.000103425 0.517188 0.482709
0.107289 0.0343361 0.858375
0.333333 0.333334 0.333333
0.428562 0.285696 0.285742
0.370373 0.629627 0
9.91165e-05 9.99682e-05 0.999801
9.99751e-05 0.9999 0
0.448302 0.206868 0.34483
0.142859 0.214288 0.642853
0.499994 0.250006 0.25
0.346122 0.000103202 0.653775
0.0344819 0.137951 0.827567
0.310351 0.27587 0.413778
0.517181 0.00010343 0.482715
0.239942 0.760058 0
0.9999 9.99284e-05 0
0.310368 0.0689562 0.620676
0.000103425 0.241365 0.758531
0.517238 0.482762 0
0.175252 0.123742 0.701007
0.357145 0.392855 0.25
9.70919e-05 0.655115 0.344788
0.0344887 0.689713 0.275799
0.0669967 0.502417 0.430586
0.148146 0.444448 0.407407
0.107141 0.892859 0
0.21428 0.42856 0.357161
0.766679 0.233321 0
0.2762 0.137868 0.585932
0.712787 0.0356403 0.251573
0.108806 0.31192 0.579274
0.25 0.5 0.25
0.64285 0.35715 0
0.44828 0.55172 0
0.214258 0.000102374 0.785639
0.000100279 0.607055 0.392845
0.749898 0.000102167 0.25
0.310341 0.689659 0
0.576925 0.423075 0
0.250934 0.0680978 0.680969
9.07078e-05 0.099987 0.899922
0.379261 0.241413 0.379326
0.699986 0.300014 0
0.543771 0.0679419 0.388287
0.133334 0.866666 0
0.136393 0.613601 0.250006
0.0333348 0.966665 0
0.0689396 0.206823 0.724238
0.464291 9.8686e-05 0.53561
0.0666668 0.933333 0
0.206892 0.241379 0.551729
0.933332 0.0666683 0
0.0344767 0.275874 0.689649
0.827588 0.172412 0
0.275734 0.448494 0.275772
0.0666547 9.30683e-05 0.933252
0.647682 0.102318 0.25
0.0683318 0.409999 0.521669
0.517241 0.172414 0.310345
0.344832 0.172422 0.482746
0.172449 0.551675 0.275876
0.275845 0.34483 0.379325
0.41375 0.000102763 0.586147
0.432219 0.100195 0.467586
0.275828 0.000103405 0.724068
0.137852 0.345212 0.516936
0.000101732 0.448246 0.551653
0.4 0.6 0
0.137928 0.413793 0.448279
0.206883 0.172417 0.6207
