0.137918 0.206878 0.655204
0.333312 6.07873e-05 0.666627
0.241376 0.310335 0.448288
0.275871 0.103446 0.620683
0.799999 0.200001 0
0.310344 0.310344 0.379311
0.133338 0.866662 0
0.866666 0.133334 0
0.137703 0.482941 0.379356
0.39286 0.60714 0
0.519985 0.480015 0
0.517228 0.137934 0.344838
0.0689598 0.620695 0.310346
0.344823 0.068963 0.586214
0.730763 0.269237 0
0.000103423 0.586145 0.413752
0.966669 0.033331 0
0.0333336 0.966666 0
0.413797 0.137915 0.448288
0.266666 0.733334 0
0.214287 0.142859 0.642854
0.137932 0.586205 0.275863
0.749898 0.000102277 0.25
0.148148 0.444442 0.40741
9.95846e-05 0.433272 0.566628
0.107141 0.892859 0
0.379309 0.241379 0.379311
0.172418 0.344818 0.482764
0.89286 0.10714 0
0.18719 0.299456 0.513354
0.502388 0.0669831 0.430629
0.629615 0.370385 0
0.311956 0.108699 0.579346
0.000101047 0.639945 0.359954
0.100027 0.433258 0.466715
0.517188 0.000102961 0.482709
0.0672676 0.394572 0.53816
0.0343357 0.107312 0.858352
0.933335 0.066665 0
0.233327 0.766673 0
0.250009 0.499991 0.25
0.9999 9.99586e-05 0
8.67505e-05 9.72861e-05 0.999816
0.444423 0.148141 0.407435
0.000103302 0.517187 0.482709
0.333334 0.333331 0.333335
0.321427 0.214286 0.464287
9.99574e-05 0.9999 0
0.48276 0.51724 0
0.357147 0.392853 0.25
0.448274 0.241382 0.310344
0.586201 0.103453 0.310346
0.689658 0.0344847 0.275857
0.241353 0.000103272 0.758544
0.172406 0.24138 0.586214
0.123847 0.175231 0.700922
0.000102437 0.214258 0.785639
0.760001 0.239999 0
0.103447 0.310356 0.586197
0.000103213 0.346129 0.653768
0.42307 0.57693 0
0.0356365 0.712791 0.251573
0.137908 0.000103449 0.861989
0.607082 0.000101173 0.392817
0.000102155 0.749898 0.25
0.827586 0.172414 0
0.689657 0.310343 0
0.17241 0.82759 0
0.551729 0.448271 0
0.0681251 0.250881 0.680994
0.241385 0.379303 0.379313
0.137911 0.0689556 0.793133
0.172413 0.103448 0.724138
0.3 0.7 0
0.409953 0.0683223 0.521724
0.344843 0.13793 0.517227
0.0679667 0.543693 0.388341
0.379289 9.78111e-05 0.620613
0.613626 0.136374 0.25
0.655104 0.000103418 0.344793
0.428571 0.214285 0.357144
9.99789e-05 0.066662 0.933238
0.0666641 0.933336 0
0.275865 0.0344795 0.689655
0.24138 0.206893 0.551727
0.10226 0.64774 0.25
0.172391 0.517172 0.310437
0.551722 0.172415 0.275863
0.357142 0.642858 0
0.103444 0.137918 0.758638
9.95863e-05 0.16665 0.83325
0.417723 0.303796 0.278481
0.285681 0.28573 0.428588
0.0666779 0.0333096 0.900013
0.5 0.25 0.25
0.275861 0.413794 0.310345
0.000103195 0.275815 0.724082
0.448231 0.000101603 0.551667
0.599998 0.400002 0
0.206894 0.448268 0.344838
