0.0344801 0.413795 0.551725
0.482759 0.241379 0.275861
0.200004 0.799996 0
0.310345 0.310345 0.37931
0.699993 0.300007 0
0.379319 0.137935 0.482746
0.133336 0.866664 0
0.4 0.6 0
0.0344822 0.655174 0.310344
0.269228 0.730772 0
0.275862 0.413793 0.310345
0.566666 0.433334 0
0.206896 0.344828 0.448276
0.172412 0.275862 0.551725
0.766668 0.233332 0
0.966665 0.0333345 0
0.0333319 0.966668 0
0.443177 0.306822 0.250001
0.170458 0.579541 0.250001
0.103425 0.379297 0.517277
0.46429 0.178568 0.357142
9.99728e-05 0.73326 0.26664
0.000103421 0.482709 0.517187
0.26122 0.105539 0.633241
0.357155 0.392844 0.250001
0.178545 0.000102631 0.821353
0.586157 0.103461 0.310382
0.428486 0.00010084 0.571413
0.147734 0.409085 0.443181
0.36666 0.63334 0
0.000102509 0.615321 0.384576
0.206909 0.0689646 0.724126
0.607143 0.392857 0
0.239999 0.239999 0.520002
0.93333 0.0666702 0
0.9999 9.99896e-05 0
0.285712 0.285712 0.428575
0.0357121 0.714287 0.250001
0.409092 0.147727 0.443181
0.000102643 0.178545 0.821352
9.99621e-05 0.233326 0.766574
0.068998 0.0344817 0.89652
0.10714 0.89286 0
0.00010343 0.310313 0.689584
9.99793e-05 0.9999 0
0.240003 0.759997 0
0.714278 0.0357205 0.250001
0.333334 0.333334 0.333333
0.482766 0.517234 0
0.428568 0.571432 0
0.482709 0.0001033 0.517187
9.10599e-05 9.4772e-05 0.999814
0.73077 0.26923 0
0.233326 9.99857e-05 0.766574
0.124992 0.125001 0.750007
0.133326 4.89602e-05 0.866625
0.857141 0.142859 0
0.000103396 0.379287 0.62061
0.105584 0.260901 0.633515
0.319963 0.000101901 0.679936
0.535715 0.214284 0.250001
0.137933 0.517246 0.344821
0.204197 0.544498 0.251305
0.103449 0.620688 0.275863
0.0684979 0.349316 0.582186
0.172408 0.137926 0.689665
0.066988 0.430618 0.502394
0.349317 0.0684879 0.582196
0.629563 0.000101 0.370336
0.655176 0.0689607 0.275863
0.241382 0.379309 0.37931
0.0344791 0.103445 0.862076
0.172414 0.827586 0
0.799998 0.200002 0
0.310343 0.689657 0
0.900003 0.0999967 0
0.538462 0.461538 0
0.666667 0.333333 0
0.428575 0.285711 0.285714
0.0673559 0.505181 0.427463
0.536913 0.0335521 0.429535
0.0689644 0.206909 0.724126
0.178572 0.321432 0.499996
0.214288 0.178572 0.60714
0.433335 0.0999998 0.466665
0.0666701 0.93333 0
0.249966 0.464358 0.285676
0.172413 0.448277 0.379311
0.613635 0.136364 0.250001
0.37931 0.241379 0.379311
0.379315 0.310341 0.310344
0.310421 0.137916 0.551663
0.103448 0.103448 0.793104
0.321431 0.214283 0.464286
4.23473e-05 0.0666389 0.933319
0.0671663 0.596999 0.335834
0.13793 0.206895 0.655174
0.000103437 0.551661 0.448236
0.73326 9.98915e-05 0.26664
0.551735 0.0689464 0.379318
