0.167953 0.470298 0.361749
0.599997 0.400003 0
0.200002 0.799998 0
0.275863 0.172412 0.551725
0.0666617 0.066662 0.866676
0.137924 0.413768 0.448308
0.866664 0.133336 0
0.344829 0.206899 0.448273
0.275852 0.379304 0.344844
0.480006 0.519994 0
9.12522e-05 0.166645 0.833264
0.172423 0.344846 0.482732
0.26924 0.73076 0
0.0333324 0.966668 0
0.966667 0.0333327 0
0.0689645 0.310343 0.620693
0.730753 0.269247 0
0.137915 0.000103379 0.861982
0.172414 0.827586 0
0.0689594 0.379316 0.551725
0.379274 0.00010277 0.620623
0.148149 0.444445 0.407407
0.137926 0.0689636 0.79311
0.000102253 0.749898 0.25
0.123837 0.175234 0.700928
0.000103323 0.655103 0.344794
0.103472 0.586133 0.310395
0.133362 0.866638 0
0.0669698 0.502404 0.430627
0.639933 0.000100705 0.359967
0.107139 0.892861 0
0.629632 0.370368 0
0.187167 0.299463 0.51337
0.607138 0.142862 0.25
0.44823 0.000102727 0.551668
0.0343355 0.107287 0.858377
0.345002 0.137892 0.517106
0.311928 0.108643 0.579429
0.571437 0.428563 0
0.448276 0.551724 0
0.892859 0.107141 0
0.370373 0.629627 0
0.214279 0.142851 0.64287
0.000103426 0.517188 0.482709
0.34483 0.068962 0.586208
0.448256 0.206899 0.344844
0.000102477 0.214235 0.785663
0.51724 0.48276 0
0.392852 0.357147 0.25
9.99704e-05 0.9999 0
0.9999 9.99333e-05 0
0.273779 0.25418 0.472042
0.28572 0.428574 0.285706
0.239985 0.760015 0
0.766668 0.233332 0
0.333332 0.333333 0.333335
0.0344829 0.689664 0.275853
0.517188 0.000103322 0.482709
9.83531e-05 0.607082 0.39282
0.407403 0.185187 0.40741
0.482756 0.24138 0.275864
9.68857e-05 6.20817e-05 0.999841
0.712796 0.0356288 0.251575
0.344834 0.275866 0.3793
0.000103174 0.34612 0.653777
0.517271 0.172381 0.310348
0.25 0.5 0.25
0.55173 0.103425 0.344844
0.689674 0.310326 0
0.310329 0.689671 0
0.749898 0.000102248 0.25
0.172415 0.517239 0.310347
0.433337 0.0666687 0.499994
0.000103371 0.413749 0.586148
0.827581 0.172419 0
0.068175 0.25016 0.681665
0.136357 0.613643 0.25
0.206914 0.413786 0.3793
9.98408e-05 0.0666658 0.933234
0.933334 0.0666659 0
0.0666689 0.933331 0
0.249996 0.214282 0.535722
0.275859 0.0344807 0.68966
0.400004 0.599996 0
0.000100424 0.464251 0.535649
0.502392 0.0669812 0.430627
0.137915 0.275948 0.586137
0.24138 0.344828 0.413792
0.10344 0.137918 0.758642
0.241383 0.000103395 0.758513
0.620695 0.0689571 0.310348
0.000103322 0.2758 0.724097
0.100571 0.39658 0.502848
0.535717 0.214283 0.25
0.172414 0.206897 0.62069
0.172411 0.103447 0.724142
0.066656 8.55296e-05 0.933259
0.413789 0.137926 0.448285
0.586126 0.000103429 0.413771
0.413796 0.27586 0.310343
