0.413157 0.137716 0.449127
0.000101085 0.607068 0.392831
0.20689 0.20689 0.58622
0.172402 0.379329 0.448269
0.866664 0.133336 0
0.200001 0.799999 0
0.39286 0.60714 0
0.000101789 0.379274 0.620624
0.51999 0.48001 0
0.517241 0.137923 0.344836
0.103448 0.51724 0.379312
9.55854e-05 0.266639 0.733265
0.0681333 0.659327 0.272539
0.730768 0.269232 0
0.0333319 0.0332561 0.933412
0.0333319 0.966668 0
0.166665 0.0333319 0.800003
0.266666 0.733334 0
0.216836 0.313301 0.469864
0.827586 0.172414 0
0.551725 0.448275 0
0.142835 0.214262 0.642903
0.103458 0.586183 0.31036
0.0689693 0.206909 0.724122
0.214263 0.00010244 0.785634
0.000100809 0.653781 0.346119
0.444444 0.148145 0.407411
0.107145 0.892855 0
0.148148 0.444441 0.407411
0.585997 0.103501 0.310503
0.551732 0.172411 0.275857
0.892861 0.107139 0
0.482761 0.517239 0
0.629624 0.370376 0
0.0714282 0.0714281 0.857144
0.240001 0.240001 0.519998
0.000102552 0.517182 0.482715
0.103448 0.275862 0.620689
0.749898 0.000100931 0.250001
0.309876 0.103523 0.586601
0.517181 0.000103299 0.482715
0.250002 0.499997 0.250001
0.0344773 0.172402 0.793121
0.0356215 0.7128 0.251579
0.607068 0.000100767 0.392831
0.333333 0.333333 0.333333
0.392802 9.26026e-05 0.607106
0.357153 0.392846 0.250001
0.760031 0.239969 0
0.357143 0.642857 0
0.0685739 0.349288 0.582138
0.999902 9.76356e-05 0
9.74522e-05 9.97772e-05 0.999803
0.463932 0.214015 0.322053
0.233325 0.766675 0
0.206889 0.413797 0.379314
0.689658 0.0344853 0.275857
0.500013 0.0666482 0.433339
0.346148 0.00010313 0.653749
0.689685 0.310315 0
0.500001 0.249998 0.250001
0.0999945 3.92741e-05 0.899966
0.166667 0.833333 0
0.423078 0.576922 0
0.300006 0.699994 0
0.000100778 0.749898 0.250002
9.97039e-05 0.319971 0.67993
9.60313e-05 0.439956 0.559948
0.275829 0.000102705 0.724069
0.250727 0.0681165 0.681156
0.613633 0.136366 0.250002
0.172419 0.551724 0.275857
0.0344799 0.551717 0.413803
0.000101697 0.185132 0.814767
0.249998 0.392857 0.357145
0.0666689 0.933331 0
9.93825e-05 0.999901 0
0.933334 0.0666655 0
9.9707e-05 0.0999891 0.899911
0.103439 0.379348 0.517213
0.137929 0.103446 0.758625
0.357248 0.213921 0.428832
0.417723 0.303801 0.278476
0.275956 0.172359 0.551685
0.13636 0.613639 0.250001
0.425308 0.0337958 0.540896
0.172416 0.275856 0.551728
0.394647 0.102074 0.503279
0.275953 0.275953 0.448094
0.799819 0.200181 0
0.172397 0.482809 0.344794
0.310344 0.310343 0.379314
0.379319 0.275873 0.344807
0.966665 0.0333346 0
0.599998 0.400002 0
0.168523 0.124721 0.706755
0.241323 0.137648 0.62103
0.0666665 0.466685 0.466649
0.275865 0.448277 0.275858
0.655117 8.83898e-05 0.344794
