0.413795 0.206893 0.379312
0.360002 0.639998 0
0.866656 0.133344 0
0.172387 0.379324 0.448289
0.310344 0.310344 0.379313
0.300011 0.699989 0
0.310333 0.241378 0.448289
0.1 0.166671 0.733329
0.607141 0.392859 0
0.068963 0.448272 0.482765
0.166651 9.52626e-05 0.833253
0.433337 0.566663 0
0.233334 0.766666 0
0.966682 0.0333182 0
0.0333268 0.966673 0
0.733333 0.266667 0
0.344831 0.379316 0.275853
0.0689331 0.655197 0.27587
0.392816 0.250024 0.357161
0.8 0.2 0
0.586204 0.103451 0.310345
0.066696 0.933304 0
0.000103249 0.10341 0.896487
9.71225e-05 0.310333 0.68957
0.298273 0.105259 0.596468
0.214304 0.000102329 0.785594
0.142862 0.857138 0
0.613623 0.136376 0.250001
0.103451 0.586195 0.310354
0.482784 0.241369 0.275847
0.137905 0.10343 0.758666
0.428564 0.142874 0.428562
0.0689618 0.344829 0.586209
0.448278 0.0689572 0.482764
0.653743 0.000102463 0.346155
0.517241 0.482759 0
0.392855 0.607145 0
9.12267e-05 0.166655 0.833253
0.517183 9.62805e-05 0.48272
0.103166 0.381015 0.51582
0.892863 0.107137 0
0.035716 0.714283 0.250001
0.000102067 0.482721 0.517177
0.206899 0.172416 0.620686
9.99742e-05 0.9999 0
0.999902 9.78912e-05 0
0.712788 0.0356446 0.251567
0.333335 0.666665 0
0.392843 0.357156 0.250001
9.02144e-05 8.1882e-05 0.999828
0.107297 0.0343384 0.858364
9.6839e-05 0.733278 0.266625
0.16821 0.124768 0.707022
0.214266 0.535733 0.250001
0.766664 0.233336 0
0.461544 0.538456 0
0.000100427 0.629563 0.370336
0.13638 0.613619 0.250001
0.269213 0.730787 0
0.642857 0.357143 0
0.240001 0.240001 0.519998
0.103448 0.275867 0.620686
0.34612 0.000102855 0.653777
0.545453 0.204546 0.250001
0.250001 0.392838 0.357162
0.142855 0.2143 0.642844
0.199998 0.800002 0
0.0689628 0.137928 0.793109
0.833333 0.166667 0
0.576925 0.423075 0
0.275831 0.000103297 0.724066
0.206923 0.310334 0.482742
0.699995 0.300005 0
0.285718 0.464281 0.250001
0.749899 0.00010027 0.250001
0.033331 0.533335 0.433334
0.344761 0.172431 0.482808
0.0999956 0.900004 0
0.656365 0.0687229 0.274912
0.538115 0.0672568 0.394628
0.241376 0.44827 0.310354
0.241518 0.0689542 0.689528
0.93333 0.0666699 0
0.0344793 0.41379 0.551731
0.388466 0.0679489 0.543585
0.0666598 3.1919e-05 0.933308
0.333332 0.333332 0.333336
0.586143 9.9208e-05 0.413758
0.172417 0.482743 0.34484
0.285715 0.285715 0.42857
0.142858 0.428572 0.42857
0.172408 0.275861 0.551731
0.433276 9.93337e-05 0.566624
0.464292 0.285707 0.250001
0.0689619 0.24138 0.689659
9.99058e-05 0.233339 0.766561
0.103443 0.517244 0.379313
0.487936 0.174255 0.337809
0.000103254 0.379272 0.620625
0.275865 0.172404 0.551731
