0.639994 0.360006 0
0.133334 0.866666 0
0.275832 0.000103378 0.724064
0.482759 0.241379 0.275862
0.137928 0.206893 0.655179
0.310343 0.310343 0.379314
0.379312 0.172408 0.44828
0.7 0.3 0
0.200005 0.799995 0
0.413794 0.0344801 0.551726
0.392859 0.607141 0
0.137926 0.310348 0.551726
9.68797e-05 0.166646 0.833257
0.0689445 0.655275 0.27578
0.566666 0.433334 0
0.766665 0.233335 0
0.966668 0.033332 0
0.033333 0.966667 0
0.297958 0.0334301 0.668612
0.586209 0.103444 0.310346
0.103425 0.00010337 0.896472
0.105253 0.298307 0.59644
0.357143 0.392854 0.250004
0.250018 0.392816 0.357166
0.0679297 0.388634 0.543436
0.142863 0.428564 0.428573
0.730771 0.269229 0
0.241375 0.310344 0.448281
0.107143 0.892857 0
0.607143 0.392857 0
0.0672644 0.538115 0.39462
0.428572 0.142855 0.428572
0.344824 0.068965 0.586211
0.00010337 0.517186 0.482711
0.629564 0.000100979 0.370335
0.233313 9.98551e-05 0.766587
0.933328 0.0666719 0
0.240001 0.240002 0.519997
0.000102467 0.214265 0.785632
0.464288 0.285709 0.250004
9.99246e-05 0.9999 0
0.448288 0.0689501 0.482762
9.86967e-05 8.75595e-05 0.999814
0.285711 0.464285 0.250004
0.857139 0.142861 0
0.333332 0.333333 0.333335
0.357142 0.642858 0
0.482759 0.517241 0
0.124757 0.168282 0.706961
0.482722 0.000103428 0.517175
0.535713 0.214283 0.250004
0.714284 0.0357127 0.250004
0.655171 0.068966 0.275863
0.000103208 0.653779 0.346118
0.103449 0.58621 0.310341
0.172399 0.344799 0.482802
0.214289 0.142844 0.642867
0.103438 0.137918 0.758643
0.9999 9.95865e-05 0
0.000102849 0.346117 0.653781
0.413794 0.310345 0.275862
0.0356391 0.712789 0.251572
0.204543 0.545453 0.250004
0.392835 0.250009 0.357156
0.733261 9.96212e-05 0.26664
0.799999 0.200001 0
0.137929 0.0689644 0.793106
0.166667 0.833333 0
0.423077 0.576923 0
0.310319 0.206963 0.482718
0.300004 0.699996 0
0.666667 0.333333 0
0.000102117 0.749894 0.250004
0.0689652 0.448276 0.482759
0.533338 0.033333 0.433329
0.613646 0.13635 0.250004
0.266666 0.733334 0
0.379268 0.000103107 0.620629
0.538462 0.461538 0
0.0689541 0.241526 0.68952
0.174258 0.487938 0.337805
0.0666616 0.933338 0
9.36728e-05 0.066656 0.93325
0.241379 0.482759 0.275862
0.482762 0.172408 0.34483
0.379326 0.103445 0.517229
0.285714 0.285714 0.428572
9.9968e-05 0.433292 0.566608
0.172408 0.241382 0.58621
0.136362 0.613634 0.250004
0.275861 0.172413 0.551726
0.166649 9.37252e-05 0.833257
0.206875 0.0689559 0.724169
0.517238 0.103448 0.379314
0.0343376 0.107296 0.858366
0.000103366 0.275833 0.724064
0.9 0.1 0
0.000103404 0.586148 0.413748
0.233332 0.766668 0
0.275859 0.103447 0.620694
