0.413796 0.20689 0.379314
0.360003 0.639997 0
0.866667 0.133333 0
0.482773 0.241373 0.275854
0.241379 0.448275 0.310346
0.310343 0.310344 0.379313
0.3 0.7 0
0.206897 0.13793 0.655172
0.0999957 0.166668 0.733336
0.8 0.2 0
0.607141 0.392859 0
0.16665 9.94358e-05 0.833251
0.433337 0.566663 0
0.233337 0.766663 0
0.0333318 0.966668 0
0.966668 0.0333322 0
0.34483 0.37931 0.27586
0.068964 0.655176 0.27586
0.392843 0.250004 0.357152
0.586191 0.103456 0.310353
0.392855 0.357145 0.25
0.0666671 0.933333 0
0.17241 0.379303 0.448287
0.142855 0.428573 0.428572
0.545455 0.204545 0.25
0.000103372 0.103436 0.89646
0.168147 0.124778 0.707075
0.65378 0.000103213 0.346117
0.766667 0.233333 0
0.21427 0.000102454 0.785627
0.428571 0.142857 0.428572
0.107277 0.0343363 0.858387
0.000103426 0.310313 0.689583
0.000100983 0.629567 0.370332
0.0001034 0.482709 0.517188
0.142864 0.857136 0
0.24 0.24 0.52
0.285716 0.464284 0.25
9.99418e-05 0.9999 0
0.103446 0.275855 0.620699
0.0689667 0.344828 0.586205
0.517185 0.000103438 0.482712
0.392862 0.607138 0
0.517236 0.482764 0
0.068959 0.448328 0.482713
0.333333 0.333334 0.333333
8.50415e-05 8.92796e-05 0.999826
0.0357123 0.714288 0.25
0.29888 0.105168 0.595952
0.712786 0.0356419 0.251572
9.99781e-05 0.23331 0.76659
0.346117 0.000103174 0.65378
0.214279 0.535721 0.25
0.142853 0.214282 0.642865
0.9999 9.99664e-05 0
0.250021 0.392808 0.357172
9.99867e-05 0.73326 0.26664
0.388456 0.0679498 0.543594
0.199999 0.800001 0
0.655624 0.0688749 0.275501
0.461538 0.538462 0
0.833333 0.166667 0
0.576926 0.423074 0
0.699999 0.300001 0
0.333334 0.666666 0
0.749898 0.000102217 0.25
0.642854 0.357146 0
0.0683575 0.521498 0.410144
0.321429 0.214284 0.464287
0.538106 0.06727 0.394625
0.241461 0.068958 0.689581
0.26923 0.73077 0
0.48793 0.17426 0.337809
0.933334 0.0666661 0
0.0344821 0.413792 0.551726
0.0666539 8.91029e-05 0.933257
0.172413 0.275861 0.551726
0.206899 0.310344 0.482757
0.433277 9.99727e-05 0.566623
0.136364 0.613636 0.25
0.892857 0.107143 0
0.613638 0.136362 0.25
0.172415 0.482762 0.344823
0.241386 0.172409 0.586205
0.464289 0.285711 0.25
0.0689646 0.241386 0.68965
0.137932 0.103448 0.758619
0.733332 0.266668 0
0.344826 0.13793 0.517244
0.285714 0.285714 0.428572
9.96091e-05 0.16665 0.833251
9.97852e-05 0.56661 0.43329
0.103432 0.37941 0.517158
0.00010343 0.379271 0.620626
0.0689661 0.137932 0.793102
0.275833 0.000103376 0.724064
0.0999987 0.900001 0
0.586136 0.000103409 0.413761
0.103449 0.586203 0.310347
0.448275 0.0689653 0.48276
