0.666431 9.21711e-05 0.333477
0.275694 9.07117e-05 0.724215
0.199806 0.800194 0
0.799819 0.200181 0
0.241073 0.448743 0.310184
0.861994 0.138006 0
0.137933 0.862067 0
0.413802 0.03446 0.551738
0.599936 0.400064 0
0.480047 0.519953 0
7.95888e-05 0.166649 0.833271
0.730651 0.269349 0
0.26914 0.73086 0
0.137947 0.413899 0.448154
0.413881 0.275924 0.310195
0.0333309 0.966669 0
0.966666 0.0333336 0
0.448321 0.0689451 0.482733
0.310343 0.310344 0.379313
9.09993e-05 0.392984 0.606925
0.103438 0.000103403 0.896459
0.105116 0.57959 0.315293
0.000102443 0.214281 0.785616
0.214166 0.321487 0.464347
0.000102178 0.749897 0.250001
0.000103435 0.517182 0.482714
0.633244 0.366756 0
0.344834 0.0689649 0.586201
0.107144 0.892856 0
0.428867 0.321132 0.250001
0.615311 8.87475e-05 0.384601
0.333335 0.333335 0.333329
0.482702 0.000103437 0.517195
8.10472e-05 9.99461e-05 0.999819
0.448281 0.551719 0
9.9986e-05 0.9999 0
0.166653 7.58934e-05 0.833271
0.240006 0.759994 0
0.103813 0.308865 0.587323
0.9999 9.99789e-05 0
0.0347396 0.694872 0.270388
0.428566 0.142858 0.428576
8.71424e-05 0.606946 0.392967
0.517241 0.482759 0
0.12475 0.168317 0.706933
0.172244 0.276034 0.551722
0.71429 0.0357093 0.250001
0.172515 0.827485 0
0.298133 0.0333868 0.668481
0.892862 0.107138 0
0.0343345 0.107295 0.858371
0.759914 0.240086 0
0.23331 9.99685e-05 0.76659
0.000103091 0.346119 0.653778
0.249838 0.500161 0.250001
0.73326 9.9937e-05 0.26664
0.379267 0.000103308 0.62063
0.0343297 0.416823 0.548847
0.827539 0.172461 0
0.310448 0.241399 0.448153
0.370382 0.629618 0
0.310345 0.689655 0
0.275856 0.103447 0.620698
0.214287 0.142857 0.642857
0.379252 0.241481 0.379268
0.137938 0.0689687 0.793094
0.69029 0.30971 0
0.000103425 0.655155 0.344741
0.48276 0.241379 0.275861
0.296537 0.407854 0.295608
0.136346 0.613653 0.250001
0.357144 0.392855 0.250001
0.586201 0.10345 0.310349
0.519566 0.0686826 0.411751
0.570732 0.429268 0
0.0689271 0.241798 0.689275
0.400034 0.599966 0
0.482777 0.17242 0.344803
0.0666669 0.933333 0
9.99953e-05 0.066668 0.933232
0.933333 0.066667 0
0.240001 0.240001 0.519999
0.172356 0.482961 0.344683
0.148146 0.444403 0.407451
0.172321 0.207383 0.620296
0.338102 0.174179 0.487719
0.613634 0.136365 0.250001
0.098495 0.267467 0.634038
0.205934 0.519481 0.274586
0.102867 0.382981 0.514152
0.103444 0.137928 0.758628
0.241387 0.379301 0.379312
0.066847 0.502236 0.430917
0.275863 0.172415 0.551722
0.379315 0.103442 0.517243
0.206945 0.068967 0.724088
0.655177 0.06896 0.275863
0.000103385 0.275832 0.724064
0.544532 0.204159 0.251309
0.551501 9.57418e-05 0.448403
