0.137906 0.241315 0.620779
0.866677 0.133323 0
0.31034 0.206888 0.482772
0.379272 0.000103428 0.620625
0.137924 0.413729 0.448348
0.133333 0.866667 0
0.799998 0.200002 0
0.133285 0.0329949 0.83372
0.480001 0.519999 0
0.137739 0.517348 0.344912
0.657072 0.0685842 0.274343
0.26923 0.73077 0
0.0332978 0.0332978 0.933404
0.17241 0.344819 0.482772
0.966667 0.0333329 0
0.0333328 0.966667 0
0.033329 0.166645 0.800026
0.310341 0.689659 0
0.357187 0.392813 0.25
0.25 0.5 0.25
0.10346 0.31031 0.586229
0.103465 0.586138 0.310396
0.448276 0.551724 0
0.349065 0.0691639 0.581772
0.185156 0.000101307 0.814743
0.653781 9.95828e-05 0.346119
0.100704 0.395709 0.503587
0.444445 0.148147 0.407408
0.148148 0.444444 0.407408
0.107143 0.892857 0
0.642848 0.357152 0
0.357144 0.178568 0.464288
0.607101 0.392899 0
0.0714075 0.0714075 0.857185
0.214319 0.142882 0.642799
0.319971 9.83274e-05 0.679931
0.239999 0.239999 0.520002
0.37037 0.62963 0
0.892867 0.107133 0
9.97687e-05 0.9999 0
0.000103378 0.517183 0.482713
0.517239 0.482761 0
0.500015 0.249985 0.25
0.37919 0.103407 0.517403
0.517172 0.000103047 0.482725
9.8007e-05 9.83452e-05 0.999804
0.275896 0.379384 0.34472
0.749905 9.46984e-05 0.25
0.199998 0.800002 0
0.303753 0.27852 0.417727
0.214285 0.321427 0.464288
0.766692 0.233308 0
0.124758 0.168283 0.70696
0.000102245 0.749898 0.25
0.239995 0.760005 0
0.275867 0.172426 0.551707
0.0344828 0.689658 0.275859
0.712795 0.0356317 0.251574
0.275861 0.448279 0.275861
0.9999 9.99867e-05 0
0.000103177 0.346117 0.65378
0.000101162 0.607077 0.392822
0.172417 0.827583 0
0.033818 0.425117 0.541065
9.21814e-05 0.0999966 0.899911
0.833327 0.166673 0
0.576948 0.423052 0
0.699995 0.300005 0
0.000102469 0.214271 0.785626
0.241505 0.034475 0.72402
0.43328 9.62819e-05 0.566624
0.275855 0.103445 0.620699
0.482849 0.103294 0.413857
0.0684475 0.247074 0.684479
0.136367 0.613633 0.25
0.551843 0.172554 0.275602
0.733345 0.266655 0
0.214287 0.428573 0.357141
0.392789 0.249839 0.357372
0.0666658 0.933334 0
0.933333 0.0666667 0
0.099895 9.91685e-05 0.900006
0.613737 0.136263 0.25
0.172845 0.241348 0.585807
0.430571 0.0669853 0.502443
0.0666672 0.499997 0.433336
0.172413 0.551724 0.275863
0.41382 0.310319 0.275861
0.586205 0.103457 0.310338
0.166943 0.0667465 0.766311
0.487424 0.170871 0.341705
0.103443 0.137924 0.758633
0.000103428 0.275832 0.724065
0.241596 0.344899 0.413505
0.586139 9.46003e-05 0.413767
0.000101151 0.392818 0.607081
0.333333 0.333333 0.333334
0.4 0.6 0
0.543765 0.0679629 0.388272
0.000103402 0.655105 0.344792
