0.133335 0.866665 0
0.275709 0.000102749 0.724188
0.241378 0.482759 0.275863
0.137922 0.206888 0.65519
0.551729 0.0689595 0.379311
0.379316 0.172407 0.448278
0.310341 0.310341 0.379318
0.448283 0.1724 0.379318
0.699999 0.300001 0
0.2 0.8 0
0.413795 0.0344733 0.551731
0.392869 0.607131 0
9.99e-05 0.166667 0.833233
0.566664 0.433336 0
0.766665 0.233335 0
0.966666 0.0333341 0
0.0333313 0.966669 0
0.266669 0.733331 0
0.379311 0.344826 0.275863
0.103453 0.586195 0.310353
0.285713 0.464287 0.25
0.933329 0.0666708 0
0.275864 0.103444 0.620693
0.586207 0.103445 0.310347
0.299527 0.0333546 0.667118
0.105267 0.29825 0.596483
0.000102445 0.214287 0.785611
0.344877 0.0689589 0.586164
0.379364 0.103448 0.517188
0.000103205 0.653777 0.34612
0.240001 0.240002 0.519997
0.000103091 0.275831 0.724066
0.629569 0.000100855 0.37033
0.107144 0.892856 0
0.857131 0.142869 0
0.482709 0.000103428 0.517187
0.799997 0.200003 0
0.0689313 0.655342 0.275726
0.000103277 0.517185 0.482712
9.99813e-05 0.9999 0
0.000102136 0.749898 0.25
0.233331 0.766669 0
0.379269 0.000103363 0.620627
0.357143 0.642857 0
0.250019 0.392824 0.357157
0.607141 0.392859 0
0.9999 9.99451e-05 0
9.1299e-05 7.55401e-05 0.999833
0.103428 0.000103248 0.896469
0.482757 0.517243 0
0.448429 0.0689514 0.482619
0.204549 0.545451 0.25
0.124773 0.168178 0.707048
0.714288 0.0357119 0.25
0.137929 0.344825 0.517246
0.233308 9.99679e-05 0.766592
0.73077 0.26923 0
0.275855 0.172413 0.551732
0.000103161 0.346117 0.65378
0.333333 0.333333 0.333334
0.0356414 0.712786 0.251573
0.0343412 0.107298 0.858361
0.392842 0.250001 0.357157
0.0679499 0.388456 0.543594
0.666668 0.333332 0
0.733261 9.95392e-05 0.26664
0.214279 0.142852 0.642869
0.068961 0.241477 0.689562
0.142862 0.428572 0.428565
0.137926 0.0689626 0.793112
0.166665 0.833335 0
0.423078 0.576922 0
0.535714 0.214286 0.25
0.310284 0.207052 0.482664
0.538465 0.461535 0
0.299999 0.700001 0
0.533335 0.0333327 0.433332
0.464288 0.285712 0.25
0.0672574 0.53812 0.394622
0.206849 0.0689314 0.72422
0.000102708 0.58614 0.413757
0.174246 0.487942 0.337812
0.103441 0.137923 0.758636
0.639931 0.360069 0
0.0666659 0.933334 0
8.74868e-05 0.0666604 0.933252
0.517232 0.137931 0.344837
0.172417 0.241384 0.586198
9.99046e-05 0.433283 0.566617
0.21428 0.321425 0.464295
0.613637 0.136362 0.25
0.136364 0.613635 0.25
0.357138 0.392862 0.25
0.285712 0.285712 0.428576
0.428576 0.142859 0.428565
0.166647 9.93578e-05 0.833254
0.900002 0.099998 0
0.482756 0.206896 0.310347
0.0689625 0.448294 0.482743
0.655173 0.068964 0.275863
