0.379341 0.103414 0.517245
0.800016 0.199984 0
0.241372 0.482752 0.275876
0.31036 0.379303 0.310337
0.310343 0.310343 0.379314
0.3 0.7 0
0.34483 0.206876 0.448294
0.862071 0.137929 0
0.137897 0.482776 0.379327
0.6 0.4 0
0.413874 0.0344482 0.551678
0.137919 0.241396 0.620684
0.241384 0.137933 0.620682
0.551801 0.0688158 0.379383
0.730761 0.269239 0
0.433332 0.566668 0
0.206885 0.344821 0.448294
0.0344759 0.655187 0.310337
0.0333276 0.966672 0
0.0667071 0.933293 0
0.733261 9.95109e-05 0.26664
0.105577 0.26095 0.633473
0.239999 0.239999 0.520003
0.103455 0.586173 0.310371
0.260951 0.105577 0.633473
0.392858 0.357141 0.250001
0.259227 0.444458 0.296315
0.714286 0.0357134 0.250001
0.000102578 0.178553 0.821345
0.178428 0.464358 0.357214
0.103424 0.379322 0.517254
0.409076 0.147749 0.443175
0.507841 0.140602 0.351557
0.633333 0.366667 0
0.392853 0.607147 0
0.892853 0.107147 0
0.000100685 0.629561 0.370338
0.579564 0.170436 0.250001
0.482711 0.000102986 0.517186
0.392834 0.214257 0.392909
0.178553 0.000102636 0.821345
0.999901 9.91425e-05 0
0.147715 0.409149 0.443137
0.544493 0.204207 0.2513
7.97329e-05 0.0999906 0.89993
0.615322 0.000102231 0.384576
0.000103164 0.48271 0.517187
0.333334 0.333334 0.333332
2.35521e-05 9.90381e-05 0.999877
0.0689967 0.0689967 0.862007
0.655186 0.0344765 0.310337
0.517241 0.482759 0
9.90243e-05 0.999901 0
0.233321 9.93798e-05 0.76658
0.759997 0.240003 0
0.103445 0.103445 0.79311
0.689654 0.310346 0
0.142858 0.857142 0
0.125005 0.125005 0.74999
0.269216 0.730784 0
0.310318 0.000100587 0.689581
0.214283 0.535717 0.250001
0.349375 0.0684866 0.582139
9.99799e-05 0.733261 0.266639
0.0684963 0.349317 0.582187
0.32143 0.428569 0.250001
0.200001 0.799999 0
0.206896 0.206896 0.586207
0.285716 0.285716 0.428569
0.609797 0.103234 0.286969
0.0689576 0.517264 0.413779
0.32139 0.178532 0.500079
0.464261 0.25004 0.285698
0.461555 0.538445 0
0.333336 0.666664 0
0.0357114 0.714288 0.250001
0.0689649 0.206901 0.724134
0.571426 0.428574 0
0.533471 0.0333 0.433229
0.206906 0.0689602 0.724134
0.100015 0.899985 0
0.178572 0.321428 0.499999
0.233325 0.766675 0
0.0333339 0.0333339 0.933332
0.933329 0.0666713 0
0.379294 0.000102334 0.620604
0.136378 0.613622 0.250001
0.00010061 0.428527 0.571372
0.0667091 0.432889 0.500402
0.000100368 0.319935 0.679965
0.17242 0.17242 0.655161
0.433216 0.100021 0.466763
0.241399 0.379273 0.379329
0.0999758 9.83394e-05 0.899926
0.82757 0.17243 0
9.0735e-05 0.56662 0.43329
8.89848e-05 0.379013 0.620898
9.86841e-05 0.233353 0.766548
0.41382 0.275846 0.310334
0.966671 0.0333293 0
