0.103447 0.517239 0.379313
0.2 0.8 0
0.310343 0.310343 0.379313
0.379314 0.206895 0.41379
0.103447 0.172416 0.724138
0.133336 0.866664 0
0.866666 0.133334 0
0.6 0.4 0
0.480003 0.519997 0
0.413793 0.275862 0.310345
0.269231 0.730769 0
0.730768 0.269232 0
0.448279 0.13793 0.413791
0.033334 0.966666 0
0.966668 0.0333324 0
0.000103382 0.655105 0.344792
0.0333346 0.166674 0.799992
0.551665 0.000103362 0.448231
0.733262 9.97589e-05 0.266638
0.55175 0.103442 0.344808
0.103451 0.310327 0.586222
0.26094 0.10558 0.63348
0.241378 0.448277 0.310345
0.000103291 0.137928 0.861969
0.17243 0.137944 0.689625
0.000102233 0.749897 0.25
0.100151 0.000100149 0.899749
0.241385 0.137914 0.620701
0.250005 0.499994 0.25
0.892858 0.107142 0
0.380818 0.0343991 0.584783
0.066664 0.933336 0
0.615322 0.00010252 0.384575
0.4 0.6 0
0.172414 0.275861 0.551725
0.143068 0.0342729 0.822659
0.370372 0.629628 0
0.239996 0.239996 0.520007
0.07412 0.185176 0.740704
0.000103369 0.517188 0.482708
0.409091 0.147729 0.443181
0.148147 0.444446 0.407408
0.759998 0.240002 0
0.0669877 0.502394 0.430619
0.448272 0.551728 0
0.9999 9.99405e-05 0
0.20689 0.20689 0.58622
0.544494 0.204202 0.251304
0.333333 0.333333 0.333334
0.103448 0.103448 0.793104
0.482709 0.000103419 0.517188
0.517241 0.482759 0
9.9955e-05 0.9999 0
0.24 0.76 0
0.034489 0.689651 0.27586
0.299965 9.99906e-05 0.699935
9.62354e-05 9.81776e-05 0.999806
0.000103194 0.346121 0.653776
0.434205 0.315794 0.25
0.214286 0.321429 0.464285
0.000101159 0.607082 0.392817
0.321857 0.178459 0.499683
0.827584 0.172416 0
0.571428 0.428572 0
0.172414 0.827586 0
0.310338 0.689662 0
0.0337972 0.425347 0.540856
0.448271 0.206905 0.344824
0.800003 0.199997 0
0.430628 0.0669824 0.50239
0.689655 0.310345 0
0.000103358 0.241356 0.758541
0.296062 0.407548 0.296391
0.357159 0.249975 0.392865
0.136365 0.613634 0.25
0.613638 0.136362 0.25
0.137929 0.241372 0.620699
0.93333 0.06667 0
0.714287 0.0357131 0.25
0.206898 0.0001034 0.792998
0.517246 0.0689603 0.413794
0.172412 0.482761 0.344826
0.0333397 0.0666773 0.899983
0.13793 0.344832 0.517238
0.0344784 0.275858 0.689663
0.103472 0.586112 0.310416
0.655173 0.0344813 0.310345
0.633336 0.366664 0
0.00010116 0.392817 0.607082
0.48276 0.241378 0.275863
0.344937 0.103428 0.551635
0.357143 0.392857 0.25
0.3571 0.000101379 0.642799
0.206896 0.0689661 0.724138
0.241378 0.379309 0.379313
0.172414 0.551723 0.275863
0.107144 0.892856 0
0.517239 0.172415 0.310346
0.275861 0.275861 0.448278
0.100258 0.43187 0.467872
