0.172079 0.275251 0.55267
0.400004 0.599996 0
0.344912 0.172394 0.482693
0.413168 0.137709 0.449124
0.379332 0.275849 0.344819
0.866659 0.133341 0
0.133335 0.866665 0
0.166642 7.69141e-05 0.833281
4.95965e-05 0.586161 0.41379
0.20684 0.448389 0.344771
0.0333302 0.96667 0
0.966667 0.0333334 0
0.275742 0.172357 0.551901
0.275772 0.379279 0.344948
0.551732 0.448268 0
0.0344782 0.275906 0.689615
0.357168 0.392832 0.25
0.58129 0.104695 0.314016
0.0344785 0.137916 0.827605
0.214262 0.000102288 0.785636
0.275821 0.000103416 0.724075
0.142891 0.428546 0.428562
0.0666653 0.299897 0.633438
0.445149 0.147944 0.406907
0.344801 0.241366 0.413832
0.310281 0.31046 0.379259
0.749898 0.00010212 0.25
9.77131e-05 0.333326 0.666577
0.249374 0.0682575 0.682368
0.107142 0.892858 0
0.689701 0.034479 0.275819
8.70974e-05 0.639948 0.359965
0.629626 0.370374 0
0.892856 0.107144 0
0.37042 0.62958 0
0.263996 0.271067 0.464937
0.066726 0.53287 0.400404
0.199997 0.800003 0
0.107302 0.0343349 0.858364
0.108818 0.310991 0.580191
0.346128 0.000103204 0.653768
0.333333 0.333333 0.333335
9.69485e-05 0.379299 0.620604
9.9984e-05 0.9999 0
0.428587 0.285723 0.28569
0.178522 0.571478 0.25
0.000103411 0.517188 0.482709
0.517188 0.000103436 0.482709
0.50002 0.249979 0.25
0.827587 0.172413 0
0.9999 9.99721e-05 0
0.482758 0.517242 0
0.241391 0.482761 0.275849
0.380998 0.0686086 0.550393
0.0334426 0.464933 0.501624
0.175207 0.123968 0.700825
0.103437 0.551731 0.344832
9.164e-05 9.91783e-05 0.999809
0.000102062 0.749898 0.25
0.23333 0.76667 0
0.519987 0.480013 0
0.760008 0.239992 0
0.000103139 0.241348 0.758549
0.0356421 0.712796 0.251561
0.142868 0.214299 0.642832
0.310325 0.689675 0
0.689657 0.310343 0
0.172416 0.827584 0
6.96995e-05 0.0999923 0.899938
0.73077 0.26923 0
0.613535 0.136465 0.25
0.137931 0.103447 0.758622
0.410306 0.213595 0.3761
0.0674689 0.394993 0.537538
0.428554 0.571446 0
0.220991 0.405414 0.373595
0.933333 0.0666666 0
0.310421 0.103453 0.586126
0.0666656 0.933334 0
0.214266 0.24999 0.535744
0.0666582 9.87863e-05 0.933243
0.103439 0.620688 0.275872
0.799995 0.200005 0
0.433242 6.77211e-05 0.56669
0.299426 0.187291 0.513283
0.0687784 0.206871 0.72435
0.500263 0.0666104 0.433127
0.172434 0.344854 0.482712
0.551709 0.172418 0.275872
0.241548 0.138015 0.620437
0.241225 0.344641 0.414134
0.39776 0.100439 0.501801
0.285712 0.464288 0.25
9.21033e-05 0.448389 0.551519
0.269255 0.730745 0
0.172415 0.517212 0.310373
0.607054 8.26533e-05 0.392863
0.6 0.4 0
0.482698 0.172302 0.345
0.655127 0.000101549 0.344771
