0.0689613 0.448285 0.482754
0.200003 0.799997 0
0.413799 0.206884 0.379317
0.310345 0.310345 0.37931
0.133333 0.866667 0
0.866667 0.133333 0
0.0999969 0.166662 0.733341
0.275856 0.172411 0.551733
0.519992 0.480008 0
0.166654 7.61294e-05 0.83327
0.26923 0.73077 0
0.730763 0.269237 0
0.275862 0.413793 0.310345
0.0333287 0.966671 0
0.966667 0.0333331 0
0.103445 0.379312 0.517243
0.655095 0.000102993 0.344802
0.430938 0.100424 0.468638
0.551726 0.448274 0
0.428562 0.571438 0
0.10345 0.586201 0.310348
0.586152 0.103499 0.310349
0.689659 0.310341 0
0.214269 0.000102464 0.785629
0.0689658 0.241375 0.689659
0.142867 0.428567 0.428566
0.321421 0.428578 0.25
0.366665 0.633335 0
0.107137 0.892863 0
0.000102809 0.103394 0.896504
0.517188 0.000103435 0.482709
0.24001 0.24001 0.519981
0.000102387 0.615321 0.384576
0.214282 0.178573 0.607145
0.448276 0.275862 0.275862
0.444439 0.148148 0.407413
8.71685e-05 7.80859e-05 0.999835
9.9935e-05 0.9999 0
0.749898 0.000101821 0.25
0.0689653 0.344827 0.586208
0.333333 0.333333 0.333334
0.482759 0.517241 0
0.00010338 0.482712 0.517184
0.107281 0.0343405 0.858378
0.168218 0.124766 0.707017
0.0357158 0.714284 0.25
0.629628 0.370372 0
0.0666693 0.933331 0
0.204202 0.544494 0.251304
0.392875 0.249993 0.357132
0.760002 0.239998 0
9.99101e-05 0.233348 0.766552
0.502342 0.0669832 0.430675
0.892866 0.107134 0
0.321434 0.21429 0.464275
0.310342 0.103449 0.586209
0.285714 0.285714 0.428571
0.689651 0.0344881 0.27586
0.172417 0.827583 0
0.240001 0.759999 0
0.39286 0.357139 0.25
0.9999 9.99784e-05 0
0.500014 0.249985 0.25
0.599999 0.400001 0
9.99871e-05 0.733257 0.266643
0.142854 0.21428 0.642866
0.607084 9.45909e-05 0.392821
0.0689633 0.137926 0.793111
0.425485 0.0337931 0.540722
0.827585 0.172415 0
0.000103402 0.31032 0.689576
0.241398 0.379301 0.379301
0.0682988 0.521873 0.409828
0.178555 0.321481 0.499964
0.248241 0.068342 0.683417
0.407416 0.296285 0.296299
0.275811 0.00010205 0.724087
0.613634 0.136366 0.25
0.933332 0.066668 0
0.172417 0.482769 0.344814
0.482797 0.17239 0.344814
0.034483 0.413784 0.551733
0.0666561 3.71051e-05 0.933307
0.172412 0.275856 0.551733
0.136363 0.613637 0.25
0.345048 0.137885 0.517067
0.13789 0.103416 0.758694
0.24138 0.48276 0.27586
0.0333964 0.501141 0.465463
0.4 0.6 0
8.39534e-05 0.166646 0.83327
0.799997 0.200003 0
0.0344806 0.655174 0.310345
0.103442 0.275845 0.620713
0.346127 0.000102979 0.65377
0.000103071 0.37928 0.620617
0.310338 0.689662 0
0.551728 0.17241 0.275862
0.392816 0.000101066 0.607083
0.206901 0.344837 0.448262
