0.103448 0.517242 0.379311
0.199997 0.800003 0
0.8 0.2 0
0.275862 0.448276 0.275862
0.206896 0.413793 0.37931
0.310345 0.310345 0.37931
0.133335 0.866665 0
0.166679 0.100004 0.733317
0.6 0.4 0
0.480006 0.519994 0
9.99575e-05 0.166651 0.83325
0.730765 0.269235 0
0.26924 0.73076 0
0.413793 0.275862 0.310345
0.0333318 0.966668 0
0.379312 0.103445 0.517244
0.000103432 0.655105 0.344792
0.275862 0.172414 0.551724
0.214286 0.321429 0.464285
0.448274 0.551726 0
0.96667 0.0333302 0
0.482739 0.241389 0.275873
0.103449 0.31034 0.586211
0.103452 0.586193 0.310355
0.733262 9.99526e-05 0.266638
0.148147 0.444443 0.40741
0.000102209 0.749898 0.25
0.633334 0.366666 0
0.103434 0.000103424 0.896463
0.344831 0.0689663 0.586202
0.89286 0.10714 0
0.370371 0.629629 0
0.0343357 0.107303 0.858361
0.00010322 0.346121 0.653776
0.24 0.24 0.52
0.000103431 0.517186 0.482711
9.99605e-05 0.9999 0
0.586207 0.103448 0.310345
0.107143 0.892857 0
0.866667 0.133333 0
0.239997 0.760003 0
0.428568 0.14286 0.428571
0.482709 0.000103436 0.517188
0.615321 0.000102538 0.384576
0.136364 0.613636 0.25
0.51724 0.48276 0
0.9999 9.99275e-05 0
0.428572 0.321428 0.25
0.71429 0.0357096 0.25
0.000102386 0.214271 0.785627
0.333333 0.333333 0.333333
9.93172e-05 9.6033e-05 0.999805
0.233309 9.98722e-05 0.766591
0.25 0.5 0.25
9.99878e-05 0.0666676 0.933232
0.0344847 0.689654 0.275862
0.0338061 0.425288 0.540906
0.100282 0.431728 0.467989
0.76 0.24 0
0.544503 0.204189 0.251309
0.214283 0.142855 0.642861
0.310313 0.000103412 0.689583
0.000101132 0.607083 0.392816
0.357142 0.392858 0.25
0.827586 0.172414 0
0.379306 0.241388 0.379306
0.137935 0.0689665 0.793099
0.689655 0.310345 0
0.321438 0.178561 0.500001
0.0682403 0.249497 0.682263
0.137924 0.344869 0.517207
0.655173 0.0344822 0.310345
0.296126 0.407506 0.296368
0.520972 0.0684257 0.410603
0.613642 0.136358 0.25
0.571428 0.428572 0
0.482759 0.172414 0.344827
0.0666659 0.933334 0
0.285714 0.285714 0.428571
0.933333 0.0666665 0
0.172412 0.482764 0.344824
0.413793 0.0344822 0.551724
0.172414 0.827586 0
0.178569 0.214286 0.607145
0.172414 0.275862 0.551724
0.0669846 0.502388 0.430627
0.249997 0.392858 0.357144
0.241376 0.0689639 0.689661
0.103448 0.137928 0.758624
0.166651 9.99063e-05 0.83325
0.275862 0.103448 0.62069
0.379271 0.000103429 0.620625
0.000103434 0.275834 0.724063
0.172412 0.551725 0.275863
0.310344 0.689656 0
0.501191 0.0334118 0.465397
0.00010108 0.392822 0.607077
0.344831 0.206892 0.448277
0.124782 0.168119 0.707099
0.4 0.6 0
