0.620692 0.0344612 0.344847
0.206887 0.482695 0.310418
0.639988 0.360012 0
0.133344 0.866656 0
0.482763 0.241376 0.275862
0.379316 0.172417 0.448267
0.310343 0.310343 0.379314
0.699993 0.300007 0
0.16643 0.100003 0.733567
0.199991 0.800009 0
4.45647e-05 0.166658 0.833297
0.448278 0.0689519 0.48277
0.392858 0.607142 0
0.566678 0.433322 0
0.766671 0.233329 0
0.966684 0.0333161 0
0.0333313 0.966669 0
0.266666 0.733334 0
0.379303 0.344835 0.275862
0.655184 0.0689498 0.275866
0.933322 0.0666776 0
0.103404 0.00010027 0.896496
0.999901 9.88082e-05 0
0.105058 0.299626 0.595317
0.357149 0.39285 0.25
0.899986 0.100014 0
0.000102502 0.653777 0.346121
0.42857 0.142855 0.428575
0.137927 0.206891 0.655182
0.607142 0.392858 0
0.357145 0.642855 0
0.0343483 0.10735 0.858302
0.166649 7.32446e-05 0.833278
0.857122 0.142878 0
9.76406e-05 0.214346 0.785556
0.629565 9.81231e-05 0.370337
0.000103327 0.517188 0.482708
0.107141 0.892859 0
0.333333 0.333333 0.333334
0.482736 0.000102678 0.517161
0.0678556 0.660719 0.271426
0.344828 0.0689689 0.586203
0.800005 0.199995 0
0.23331 9.92293e-05 0.766591
0.285711 0.28571 0.428579
7.87873e-05 9.62975e-05 0.999825
0.142873 0.428566 0.428561
0.240003 0.240003 0.519995
0.233334 0.766666 0
9.94317e-05 0.999901 0
0.300005 0.699995 0
0.310315 9.14364e-05 0.689594
0.204544 0.545456 0.25
0.533358 0.0333262 0.433315
0.482775 0.517225 0
0.586173 0.103467 0.31036
9.47159e-05 0.433276 0.566629
0.535718 0.214282 0.25
0.714289 0.0357104 0.25
0.730778 0.269222 0
0.124811 0.167981 0.707208
0.482745 0.172409 0.344845
0.0356449 0.712782 0.251573
0.214283 0.142855 0.642862
0.25001 0.392838 0.357151
0.136363 0.613636 0.25
0.392859 0.250003 0.357138
0.733264 9.99599e-05 0.266636
0.000103124 0.346112 0.653785
0.0679804 0.388353 0.543667
0.137923 0.0689615 0.793116
0.166661 0.833339 0
0.423077 0.576923 0
4.23423e-05 0.0666635 0.933294
0.538462 0.461538 0
0.310316 0.206971 0.482714
0.000101864 0.749898 0.25
0.21428 0.321422 0.464298
0.0689497 0.44827 0.48278
0.464284 0.285716 0.25
0.275861 0.172415 0.551724
0.0672577 0.538111 0.394631
0.000103212 0.275786 0.724111
0.0687105 0.244177 0.687112
0.285713 0.464287 0.25
0.066659 0.933341 0
0.413778 0.034479 0.551743
0.17425 0.487923 0.337827
0.613643 0.136356 0.25
0.241335 0.0689356 0.689729
0.103427 0.137908 0.758664
0.103452 0.586187 0.310361
0.172417 0.241381 0.586202
0.13793 0.344829 0.517241
0.379493 0.103418 0.517089
0.379274 9.53154e-05 0.620631
0.666666 0.333334 0
0.517235 0.103452 0.379313
9.97562e-05 0.586123 0.413777
0.275795 0.103419 0.620785
