0.482759 0.137929 0.379312
0.599999 0.400001 0
0.2 0.8 0
0.275859 0.172413 0.551728
0.172411 0.344823 0.482766
0.133333 0.866667 0
0.866665 0.133335 0
0.103429 0.448241 0.44833
0.344826 0.2069 0.448275
0.000103109 0.41375 0.586147
0.517242 0.172414 0.310344
9.69061e-05 0.16664 0.833263
0.344818 0.0689629 0.586219
0.269229 0.730771 0
0.586133 0.000103392 0.413764
0.966672 0.0333276 0
0.0333327 0.966667 0
0.000103388 0.655105 0.344792
0.0689655 0.379306 0.551728
0.607146 0.142854 0.25
0.000102376 0.214273 0.785624
0.148148 0.444453 0.4074
0.000102251 0.749898 0.25
0.517188 0.000103435 0.482709
0.274413 0.253956 0.471631
0.103495 0.586027 0.310478
0.137929 0.482765 0.379307
0.639935 9.9703e-05 0.359966
0.187167 0.299456 0.513377
0.0689658 0.31034 0.620694
0.37927 0.000103404 0.620627
0.311857 0.108649 0.579493
0.392859 0.357141 0.25
0.689668 0.310332 0
0.629625 0.370375 0
0.275854 0.379315 0.344831
9.98338e-05 0.9999 0
0.172411 0.517242 0.310347
0.9999 9.99904e-05 0
0.517241 0.482759 0
0.241377 0.34483 0.413793
0.407406 0.185184 0.407411
0.480012 0.519988 0
0.413793 0.275863 0.310344
1.9939e-05 8.96298e-05 0.99989
9.71888e-05 0.0666535 0.933249
0.123865 0.175226 0.700909
0.137912 0.275975 0.586112
0.137909 0.000103284 0.861988
0.502435 0.0669901 0.430575
0.239973 0.760027 0
0.448272 0.206898 0.34483
0.344838 0.275857 0.379305
0.241351 0.000103332 0.758546
0.370377 0.629623 0
0.000103136 0.346111 0.653786
0.766668 0.233332 0
0.448276 0.551724 0
0.333332 0.333333 0.333334
0.712788 0.035639 0.251573
0.482783 0.24139 0.275828
0.25 0.5 0.25
0.53571 0.21429 0.25
0.551728 0.103442 0.34483
0.000100961 0.607081 0.392818
0.000103393 0.517188 0.482709
0.172414 0.206895 0.620692
0.172414 0.827586 0
0.310338 0.689662 0
0.136367 0.613633 0.25
0.749898 0.000102212 0.25
0.275855 0.0344798 0.689665
0.214277 0.142852 0.642871
0.431934 0.0668316 0.501234
0.000103415 0.275826 0.72407
0.827586 0.172414 0
0.0681048 0.25085 0.681045
0.137943 0.0689709 0.793086
0.207262 0.413605 0.379133
0.571431 0.428569 0
0.0666709 0.933329 0
0.933328 0.0666718 0
0.250007 0.214271 0.535722
0.285713 0.428566 0.285721
0.0669829 0.502387 0.430631
0.103447 0.137929 0.758624
0.107143 0.892857 0
0.344954 0.137899 0.517147
0.892862 0.107138 0
0.0666546 9.60635e-05 0.933249
0.17241 0.103448 0.724141
0.620694 0.0689616 0.310344
0.0343381 0.107255 0.858407
0.448229 0.00010339 0.551668
0.0344848 0.689688 0.275828
0.134572 0.396669 0.468759
0.730771 0.269229 0
0.000100227 0.464261 0.535639
0.400006 0.599994 0
0.413794 0.137931 0.448275
