5.50811e-05 0.333314 0.666631
0.10345 0.275869 0.62068
0.199999 0.800001 0
0.379306 0.310352 0.310342
0.310344 0.379313 0.310343
0.866607 0.133393 0
0.133339 0.866661 0
0.482765 0.137931 0.379303
0.607144 0.392856 0
0.480002 0.519998 0
0.166634 7.1996e-05 0.833294
0.620681 0.068967 0.310352
0.0689554 0.344813 0.586232
0.269231 0.730769 0
0.586109 0.000102401 0.413789
0.275863 0.241381 0.482756
0.966665 0.0333346 0
0.0333313 0.966669 0
0.733333 0.266667 0
0.379784 0.0689092 0.551307
0.214298 0.32145 0.464252
0.586199 0.137946 0.275856
0.00010319 0.448219 0.551678
0.0344698 0.137963 0.827567
0.333332 0.333332 0.333336
0.103529 0.585885 0.310586
0.000103347 0.379272 0.620625
0.357145 0.392855 0.25
0.137919 0.517248 0.344833
0.44444 0.148147 0.407413
0.148147 0.44444 0.407413
0.137931 0.413792 0.448277
0.000101399 0.749899 0.25
0.639932 0.000101021 0.359967
0.299453 0.187212 0.513336
0.10729 0.0343333 0.858377
0.370375 0.629625 0
0.239998 0.760002 0
0.108696 0.311956 0.579348
0.214277 0.000102283 0.785621
9.99111e-05 0.9999 0
0.517182 0.000103436 0.482715
0.346115 0.00010317 0.653782
8.89584e-05 8.7232e-05 0.999824
0.749898 0.000102247 0.25
0.000103325 0.241357 0.75854
0.9999 9.98805e-05 0
0.107144 0.892856 0
0.517236 0.482764 0
0.214285 0.428564 0.357151
0.142852 0.21428 0.642868
0.0683256 0.40998 0.521694
0.175236 0.123813 0.700951
0.448275 0.206902 0.344823
0.499999 0.250001 0.25
0.250003 0.499997 0.25
0.642858 0.357142 0
0.17243 0.82757 0
0.000103439 0.517182 0.482715
0.712788 0.0356379 0.251574
0.275792 0.000103117 0.724105
0.44827 0.55173 0
0.310341 0.689659 0
0.827579 0.172421 0
0.310348 0.275861 0.413792
0.576924 0.423076 0
0.00010308 0.655112 0.344785
0.250881 0.0681024 0.681017
9.97723e-05 0.0999967 0.899903
0.0344822 0.689662 0.275856
0.379351 0.241346 0.379303
0.700008 0.299992 0
0.543683 0.0679745 0.388343
0.136365 0.613635 0.25
0.137931 0.344827 0.517242
0.0666679 0.933332 0
0.933334 0.0666655 0
0.0344814 0.275877 0.689642
0.00010013 0.607068 0.392832
0.206895 0.241381 0.551724
0.0666178 9.45576e-05 0.933288
0.137916 0.10344 0.758644
0.892856 0.107144 0
0.647729 0.102271 0.25
0.413729 0.000102895 0.586168
0.464244 0.000100285 0.535656
0.275906 0.137923 0.586171
0.517242 0.172415 0.310343
0.42857 0.285715 0.285716
0.766673 0.233327 0
0.344829 0.172416 0.482756
0.0669904 0.50239 0.43062
0.172413 0.551722 0.275865
0.0689578 0.206875 0.724167
0.275858 0.344823 0.379319
0.431873 0.100287 0.46784
0.275861 0.448274 0.275865
0.399997 0.600003 0
0.206905 0.172416 0.620679
0.310363 0.0689578 0.620679
