0.517189 0.10343 0.379381
0.103118 0.414172 0.482709
0.133339 0.866661 0
0.380394 0.171091 0.448514
0.241197 0.483275 0.275528
0.137734 0.206415 0.655852
0.310358 0.310373 0.379269
0.699935 0.300065 0
0.199996 0.800004 0
0.0680694 0.660139 0.271792
9.88662e-05 0.166649 0.833252
0.566691 0.433309 0
0.448276 0.0689655 0.482759
0.766676 0.233324 0
0.0333289 0.966671 0
0.966666 0.0333338 0
0.266659 0.733341 0
0.379264 0.344916 0.27582
0.933333 0.0666667 0
0.35714 0.39286 0.25
0.310314 0.000103408 0.689583
0.0343339 0.107324 0.858342
0.103432 0.000103396 0.896464
0.857103 0.142897 0
0.000102435 0.214265 0.785633
0.658221 0.0659693 0.27581
0.42857 0.142857 0.428573
0.000103231 0.653892 0.346005
0.142862 0.428566 0.428573
0.607144 0.392856 0
0.137932 0.0689658 0.793103
0.35715 0.64285 0
0.629588 6.55965e-05 0.370346
0.103448 0.586206 0.310345
0.000103302 0.517188 0.482709
0.639935 0.360065 0
0.333334 0.333334 0.333333
0.240001 0.240001 0.519998
0.0688926 0.482737 0.448371
0.000103213 0.346111 0.653786
0.107142 0.892858 0
9.99728e-05 0.9999 0
0.482709 0.000103431 0.517187
0.250038 0.392747 0.357214
0.9999 9.99446e-05 0
9.0922e-05 7.63805e-05 0.999833
0.392863 0.607137 0
0.714286 0.0357141 0.25
0.482758 0.517242 0
0.124754 0.1683 0.706946
0.000103415 0.275833 0.724063
0.586204 0.103449 0.310346
0.13647 0.613498 0.250033
0.535778 0.214222 0.25
0.73077 0.26923 0
0.344846 0.0689674 0.586186
0.137726 0.344742 0.517532
0.0356345 0.712591 0.251774
0.233323 0.766677 0
0.233308 9.99356e-05 0.766592
0.105297 0.298215 0.596488
0.204379 0.545621 0.25
0.39275 0.250036 0.357214
0.214287 0.142856 0.642857
0.166649 9.82829e-05 0.833252
0.733263 9.9972e-05 0.266637
0.799999 0.200001 0
0.166676 0.833324 0
0.423056 0.576944 0
0.310056 0.20762 0.482324
0.538512 0.461488 0
0.0679474 0.388553 0.5435
0.46429 0.28571 0.25
0.300066 0.699934 0
0.0688531 0.242724 0.688423
0.666667 0.333333 0
0.000102224 0.749898 0.25
0.521588 0.0683451 0.410067
0.214244 0.321439 0.464317
0.0689298 0.551647 0.379423
0.0666673 0.933333 0
0.174253 0.487907 0.337839
0.482759 0.241379 0.275862
0.482766 0.172412 0.344822
0.413792 0.0344827 0.551725
9.98048e-05 0.0666684 0.933232
0.275862 0.172413 0.551725
6.99053e-05 0.425695 0.574235
0.613639 0.136361 0.25
0.285557 0.464443 0.25
0.103446 0.137928 0.758626
0.206733 0.0689113 0.724356
0.17229 0.241524 0.586186
0.285773 0.285582 0.428645
0.56657 5.76546e-05 0.433372
0.275862 0.103449 0.62069
0.379315 0.103447 0.517237
0.379272 0.000103421 0.620624
0.900003 0.0999969 0
9.97955e-05 0.586094 0.413806
