0.517222 0.103453 0.379325
0.133343 0.866657 0
0.241397 0.482758 0.275845
0.448274 0.241383 0.310343
0.13793 0.206897 0.655173
0.699995 0.300005 0
0.166665 0.0999806 0.733355
0.199999 0.800001 0
0.392857 0.607143 0
9.9741e-05 0.166642 0.833258
0.566667 0.433333 0
0.448285 0.0689644 0.482751
0.766668 0.233332 0
0.966669 0.0333308 0
0.0333322 0.966668 0
0.413805 0.31035 0.275845
0.250053 0.392719 0.357228
0.310336 0.000103376 0.689561
0.103449 0.586157 0.310394
0.93333 0.0666699 0
0.0689283 0.241797 0.689275
0.103435 0.000103379 0.896461
0.105261 0.298248 0.596491
0.857141 0.142859 0
0.357151 0.392849 0.25
0.233331 0.766669 0
0.655207 0.068948 0.275845
0.428568 0.142859 0.428573
0.000102119 0.749898 0.25
0.379312 0.172409 0.448278
0.344825 0.0689704 0.586205
0.357148 0.642852 0
0.10345 0.137932 0.758618
0.629547 0.000100952 0.370352
0.240002 0.240001 0.519997
0.586204 0.103449 0.310347
0.107142 0.892858 0
0.136357 0.613643 0.25
0.607141 0.392859 0
0.8 0.2 0
0.9999 9.98932e-05 0
9.99054e-05 0.9999 0
0.266665 0.733335 0
0.333334 0.333333 0.333333
0.124755 0.168303 0.706942
0.0343441 0.107284 0.858372
0.214283 0.321428 0.464288
0.00010314 0.346116 0.65378
0.0679066 0.388855 0.543239
8.61376e-05 8.69998e-05 0.999827
0.000103406 0.517188 0.482709
0.482708 0.000103414 0.517188
0.714287 0.0357129 0.25
0.482758 0.517242 0
0.310348 0.310347 0.379306
0.730769 0.269231 0
0.0689541 0.448285 0.482761
0.0356383 0.712788 0.251574
0.233308 9.99665e-05 0.766592
0.464287 0.285713 0.25
0.535714 0.214286 0.25
0.000103215 0.653782 0.346115
0.300001 0.699999 0
0.0677008 0.661494 0.270805
0.204546 0.545454 0.25
0.142869 0.428568 0.428563
0.0666652 0.933335 0
0.392848 0.250002 0.35715
0.214289 0.142857 0.642854
0.73326 9.99795e-05 0.26664
0.137931 0.0689657 0.793103
0.166668 0.833332 0
0.241376 0.0689629 0.689662
0.423076 0.576924 0
0.379265 0.000103384 0.620631
0.31034 0.206909 0.482751
0.538459 0.461541 0
0.285703 0.464297 0.25
0.666667 0.333333 0
0.521729 0.0683228 0.409948
0.0672558 0.538112 0.394632
0.639981 0.360019 0
0.166651 9.11257e-05 0.833258
0.174253 0.487932 0.337815
0.413786 0.0344803 0.551733
9.97152e-05 0.0666554 0.933245
0.275864 0.103449 0.620687
0.275865 0.172409 0.551726
9.9637e-05 0.433268 0.566633
0.613637 0.136363 0.25
0.000103431 0.275833 0.724064
0.482763 0.172411 0.344826
0.172415 0.24138 0.586205
0.137929 0.344839 0.517231
0.285714 0.285713 0.428573
0.566609 9.97894e-05 0.433292
0.379445 0.103425 0.51713
0.000102425 0.214273 0.785624
0.899997 0.100003 0
0.000102591 0.586121 0.413777
