0.137924 0.379292 0.482784
0.034467 0.275849 0.689684
0.517243 0.103447 0.37931
0.799999 0.200001 0
0.275858 0.172411 0.551731
0.448279 0.241373 0.310348
0.0671867 0.428705 0.504108
0.866664 0.133336 0
0.133334 0.866666 0
0.4 0.6 0
0.730769 0.269231 0
0.0333312 0.966669 0
0.966667 0.0333331 0
0.655102 0.000103382 0.344794
0.166669 0.0333334 0.799997
9.97812e-05 0.0999911 0.899909
9.99861e-05 0.9999 0
0.137918 0.000103373 0.861978
0.551725 0.448275 0
0.366666 0.633334 0
0.499999 0.250001 0.25
0.107142 0.892858 0
0.613629 0.136371 0.25
0.892856 0.107144 0
0.000102552 0.615323 0.384574
0.000101323 0.357107 0.642792
0.0342805 0.142997 0.822723
0.172415 0.103447 0.724138
0.240001 0.240001 0.519999
0.519999 0.480001 0
0.000103404 0.482709 0.517188
0.517175 0.000103296 0.482722
9.92015e-05 9.92018e-05 0.999802
0.44444 0.148147 0.407413
0.310347 0.275857 0.413796
0.482765 0.517235 0
0.269232 0.730768 0
0.333332 0.333332 0.333336
0.689663 0.0344824 0.275855
0.586178 0.103456 0.310366
0.103444 0.551735 0.344821
0.185178 0.0741123 0.74071
0.03448 0.37935 0.58617
0.0357129 0.714287 0.25
0.214286 0.321428 0.464286
9.99789e-05 0.733262 0.266638
0.321427 0.214286 0.464287
0.315792 0.434208 0.25
0.0334107 0.501155 0.465434
0.105588 0.26087 0.633542
0.76 0.24 0
0.629629 0.370371 0
0.24136 0.000101165 0.758539
9.98131e-05 0.29997 0.69993
0.9999 9.99955e-05 0
0.346117 0.000103196 0.65378
0.310344 0.103448 0.586208
0.607075 0.000101158 0.392824
0.425803 0.0337763 0.540421
0.172422 0.827578 0
0.827585 0.172415 0
0.137896 0.482786 0.379318
0.689658 0.310342 0
0.137933 0.172414 0.689653
0.068957 0.206896 0.724147
0.214284 0.428566 0.35715
0.310342 0.689658 0
0.599998 0.400002 0
0.407409 0.296295 0.296296
0.428572 0.571428 0
0.749898 0.000102249 0.25
0.136368 0.613632 0.25
0.241381 0.137929 0.62069
0.0666452 0.0333171 0.900038
0.0666659 0.933334 0
0.310329 0.379323 0.310348
0.933328 0.0666719 0
0.000103429 0.206878 0.793019
0.0689115 0.517273 0.413815
0.20419 0.544502 0.251308
0.482768 0.172411 0.344821
0.172409 0.275861 0.551731
0.200002 0.799998 0
0.241381 0.482759 0.27586
0.0344835 0.655165 0.310351
0.147728 0.409087 0.443185
0.344874 0.137921 0.517205
0.502395 0.0669829 0.430622
0.275864 0.0344802 0.689656
0.103446 0.103446 0.793108
0.101141 0.359418 0.539441
0.240001 0.759999 0
0.275863 0.344825 0.379311
0.39286 0.35714 0.25
0.206896 0.206896 0.586208
0.379304 0.241381 0.379314
0.55172 0.172415 0.275865
0.39282 0.000101081 0.607079
0.172406 0.517253 0.310341
0.431634 0.1003 0.468066
