0.600006 0.399994 0
0.200001 0.799999 0
0.275834 0.172394 0.551773
0.413793 0.310347 0.27586
0.343604 0.206164 0.450232
0.137926 0.344828 0.517245
0.866658 0.133342 0
0.103339 0.44865 0.448011
0.275859 0.379313 0.344828
0.000103308 0.413748 0.586148
0.517242 0.172413 0.310345
9.99784e-05 0.16665 0.83325
0.344816 0.0689633 0.586221
0.586151 9.60296e-05 0.413753
0.966667 0.0333331 0
0.310364 0.275865 0.413771
0.068964 0.31034 0.620696
0.0689667 0.379326 0.551707
0.134181 0.396855 0.468965
0.0001034 0.655105 0.344792
0.607126 0.142873 0.250001
0.730769 0.269231 0
0.103456 0.586167 0.310376
0.000102201 0.214275 0.785623
0.639929 0.000101014 0.35997
0.187172 0.299462 0.513367
0.137891 0.482905 0.379203
0.39286 0.357139 0.250001
0.407402 0.185189 0.407409
0.370371 0.629629 0
0.000103424 0.517188 0.482709
0.107144 0.892856 0
0.311344 0.108738 0.579919
0.249985 0.214271 0.535744
0.333331 0.333331 0.333338
0.629632 0.370368 0
0.250001 0.499998 0.250001
9.77861e-05 8.96685e-05 0.999813
0.0343365 0.107265 0.858399
0.9999 9.99544e-05 0
0.517188 0.000103414 0.482709
0.892857 0.107143 0
9.98093e-05 0.9999 0
0.148154 0.444465 0.407381
0.0344767 0.68971 0.275814
0.269231 0.730769 0
0.0681172 0.250805 0.681078
0.517242 0.482758 0
0.000103218 0.346118 0.653778
0.000103414 0.275831 0.724066
0.448275 0.551725 0
0.448244 0.000103023 0.551653
0.48276 0.24138 0.275859
0.136363 0.613636 0.250001
0.76667 0.23333 0
0.17241 0.206894 0.620696
0.712796 0.035631 0.251573
0.000102258 0.749897 0.250001
0.274454 0.253944 0.471602
0.137889 0.000103405 0.862008
0.24135 0.00010341 0.758547
0.214285 0.142853 0.642862
0.571427 0.428573 0
0.689667 0.310333 0
0.000101118 0.607078 0.392821
0.172418 0.827582 0
0.310343 0.689657 0
0.749897 0.000102138 0.250001
0.431266 0.0669086 0.501826
0.0333324 0.966668 0
0.827586 0.172414 0
0.133342 0.866658 0
0.448275 0.206895 0.34483
0.379262 0.000103405 0.620634
0.13793 0.068965 0.793105
0.206896 0.413795 0.379309
4.79195e-05 0.0666606 0.933292
0.933333 0.0666671 0
0.4 0.6 0
0.0666624 0.933338 0
0.285713 0.428569 0.285718
0.275895 0.0344791 0.689626
0.000100397 0.46425 0.535649
0.502393 0.0669862 0.43062
0.137914 0.275979 0.586107
0.535719 0.21428 0.250001
0.241377 0.344832 0.413792
0.172413 0.517241 0.310346
0.239996 0.760004 0
0.0669853 0.502393 0.430622
0.379306 0.275864 0.34483
0.123857 0.17523 0.700914
0.344833 0.137924 0.517243
0.103438 0.137914 0.758648
0.0666659 0.0333333 0.900001
0.480001 0.519999 0
0.620678 0.0689672 0.310355
0.172413 0.103448 0.724139
0.551699 0.103465 0.344836
0.413793 0.13793 0.448277
