9.37913e-05 0.571374 0.428532
0.359997 0.640003 0
0.482766 0.241374 0.27586
0.24138 0.448276 0.310345
0.310342 0.310343 0.379315
0.300004 0.699996 0
0.100004 0.166668 0.733328
0.607142 0.392858 0
0.16665 9.63365e-05 0.833254
0.0689517 0.448287 0.482761
0.43333 0.56667 0
0.233329 0.766671 0
0.0333261 0.966674 0
0.966669 0.0333308 0
0.733333 0.266667 0
0.310344 0.413796 0.27586
0.068944 0.655196 0.27586
0.392853 0.249998 0.35715
0.799989 0.200011 0
0.545465 0.204533 0.250002
0.000102729 0.310308 0.689589
0.642848 0.357152 0
0.0666731 0.933327 0
0.298573 0.105215 0.596212
0.392862 0.357136 0.250002
0.214262 9.93887e-05 0.785639
0.240002 0.240002 0.519996
0.000103408 0.103432 0.896465
0.142861 0.428569 0.42857
0.653783 0.000103202 0.346114
0.89286 0.10714 0
0.142862 0.857138 0
0.0689627 0.344824 0.586214
0.749896 0.000102228 0.250002
0.000103336 0.482711 0.517186
0.241373 0.172416 0.586211
0.586205 0.10345 0.310345
0.321431 0.214285 0.464284
9.98603e-05 0.9999 0
0.206891 0.137926 0.655183
0.333333 0.333333 0.333334
0.103458 0.586187 0.310355
8.12924e-05 8.97927e-05 0.999829
0.766668 0.233332 0
0.866664 0.133336 0
0.107299 0.0343353 0.858366
0.712787 0.0356391 0.251574
0.388573 0.0679356 0.543491
0.000100984 0.629559 0.37034
0.58614 0.000103297 0.413757
0.269224 0.730776 0
0.066653 7.90585e-05 0.933268
0.168316 0.124752 0.706932
9.99594e-05 0.233316 0.766584
0.51724 0.48276 0
0.0357114 0.714287 0.250002
0.346117 0.000103209 0.65378
0.9999 9.97127e-05 0
0.214283 0.535715 0.250002
0.392859 0.607141 0
0.172417 0.482744 0.344839
0.250004 0.392846 0.35715
0.142859 0.214287 0.642854
0.137928 0.103445 0.758628
9.99937e-05 0.733256 0.266644
9.64695e-05 0.16665 0.833254
0.200006 0.799994 0
0.068966 0.137932 0.793102
0.833338 0.166662 0
0.655448 0.0689104 0.275641
0.576927 0.423073 0
0.206899 0.310345 0.482756
0.487931 0.174257 0.337811
0.46154 0.53846 0
0.7 0.3 0
0.0333224 0.53334 0.433337
0.285714 0.464284 0.250002
0.538105 0.0672567 0.394638
0.242352 0.0688759 0.688772
0.0344835 0.413768 0.551748
0.172412 0.27586 0.551728
0.000103357 0.379275 0.620622
0.428568 0.142865 0.428566
0.433291 9.99727e-05 0.566609
0.13636 0.613638 0.250002
0.333333 0.666667 0
0.613636 0.136362 0.250002
0.17241 0.3793 0.44829
0.275828 0.00010343 0.724068
0.464282 0.285716 0.250002
0.068962 0.241369 0.689669
0.344839 0.137919 0.517243
0.517187 0.000103213 0.482709
0.285715 0.285715 0.428571
0.103438 0.379373 0.51719
0.103436 0.517249 0.379315
0.933331 0.0666694 0
0.448279 0.0689465 0.482775
0.100005 0.899995 0
0.103451 0.275868 0.620681
