3.13481e-05 0.333323 0.666646
0.275867 0.413798 0.310335
0.44832 0.206874 0.344806
0.103441 0.275839 0.62072
0.200008 0.799992 0
0.137932 0.482766 0.379301
0.517207 0.206919 0.275874
0.866647 0.133353 0
0.133332 0.866668 0
0.607132 0.392868 0
0.479998 0.520002 0
0.413748 9.28711e-05 0.586159
0.166652 7.21132e-05 0.833276
0.269234 0.730766 0
0.586141 9.54079e-05 0.413763
0.137928 0.413824 0.448248
0.0333232 0.966677 0
0.392832 0.357168 0.25
0.379329 0.0689591 0.551711
0.137915 0.103437 0.758649
0.214294 0.321439 0.464267
0.892854 0.107146 0
0.000103416 0.137905 0.861991
0.000103437 0.448223 0.551673
9.07832e-05 0.379258 0.620652
0.444422 0.148151 0.407426
0.699998 0.300002 0
0.639951 0.000100854 0.359948
0.0666866 9.96203e-05 0.933214
0.642856 0.357144 0
0.107142 0.892858 0
0.107278 0.0343353 0.858386
0.370378 0.629622 0
0.310389 0.413865 0.275746
0.148148 0.444449 0.407403
0.9999 9.99345e-05 0
0.109065 0.311828 0.579108
0.400001 0.599999 0
0.000102589 0.51719 0.482707
0.464177 0.000100413 0.535723
0.29943 0.187236 0.513334
0.142848 0.214283 0.642869
0.51719 0.000102872 0.482707
0.431874 0.100261 0.467864
0.712788 0.0356381 0.251574
0.500002 0.249998 0.25
0.000103184 0.241356 0.758541
0.00010213 0.749898 0.25
0.517234 0.482766 0
9.35099e-05 9.65282e-05 0.99981
0.0344844 0.689697 0.275819
0.214253 0.000102095 0.785645
0.285714 0.285714 0.428572
0.586195 0.137931 0.275874
8.35266e-05 0.99986 6.10107e-05
0.24 0.76 0
0.333333 0.333333 0.333335
0.766677 0.233323 0
0.103463 0.586153 0.310384
0.000103391 0.655091 0.344806
0.346123 0.000103101 0.653774
0.25 0.5 0.25
0.448279 0.551721 0
0.000100193 0.607058 0.392842
0.310338 0.310339 0.379323
0.749898 0.00010207 0.25
0.310336 0.689664 0
0.8276 0.1724 0
0.172417 0.517248 0.310335
0.576921 0.423079 0
0.344862 0.172431 0.482707
0.250449 0.0681393 0.681412
0.0689642 0.137928 0.793108
0.0683426 0.409946 0.521711
0.175232 0.123871 0.700897
0.543709 0.0679692 0.388321
0.647725 0.102275 0.25
0.136365 0.613635 0.25
0.172416 0.827584 0
0.234044 0.401209 0.364747
0.933331 0.0666691 0
0.0666626 0.933337 0
0.0344776 0.275859 0.689663
0.379298 0.241379 0.379323
0.206917 0.241378 0.551705
0.0689382 0.344799 0.586263
0.275927 0.137915 0.586159
0.275824 9.89029e-05 0.724077
0.487922 0.174259 0.337819
0.0669865 0.502401 0.430613
0.0689576 0.206872 0.724171
0.206904 0.448284 0.344812
0.0333111 0.0666679 0.900021
0.413815 0.27585 0.310335
0.96667 0.0333301 0
0.137703 0.345932 0.516365
0.206875 0.172407 0.620717
0.620699 0.0689661 0.310335
0.310356 0.0689275 0.620717
0.733332 0.266668 0
