0.866665 0.133335 0
0.0689518 0.448283 0.482766
0.199999 0.800001 0
0.413781 0.206899 0.37932
0.241377 0.448285 0.310338
0.3448 0.275872 0.379328
0.133348 0.866652 0
0.799998 0.200002 0
0.607132 0.392868 0
0.0331824 0.133352 0.833466
0.480004 0.519996 0
0.137923 0.517245 0.344831
0.137932 0.413782 0.448286
0.657259 0.0685434 0.274197
0.269223 0.730777 0
0.0333324 0.0333329 0.933335
0.0333282 0.966672 0
0.96667 0.0333296 0
0.166672 0.0333298 0.799999
0.000103414 0.379286 0.620611
0.586204 0.103472 0.310325
0.0691189 0.349088 0.581793
0.766665 0.233335 0
0.321436 0.214285 0.464279
0.206892 0.310338 0.48277
0.214368 9.94113e-05 0.785532
0.000101935 0.319967 0.679931
9.86763e-05 0.749901 0.25
0.136401 0.613599 0.25
0.892865 0.107135 0
0.148151 0.444437 0.407411
0.142856 0.214285 0.642859
0.444457 0.148132 0.407411
0.433279 0.100008 0.466712
0.642846 0.357154 0
0.107143 0.892857 0
0.0714336 0.0714328 0.857134
0.240007 0.240009 0.519984
0.370394 0.629606 0
0.653787 8.57073e-05 0.346128
0.0999827 3.02436e-09 0.900017
0.517186 0.000103146 0.482711
9.98919e-05 0.655113 0.344787
0.103558 0.585738 0.310705
0.206894 0.137926 0.65518
0.333337 0.333332 0.333332
0.309981 0.103495 0.586524
9.87438e-05 9.19708e-05 0.999809
0.39283 0.35717 0.25
0.71279 0.0356392 0.251571
0.214279 0.428572 0.357149
0.168372 0.124745 0.706883
0.000103292 0.517159 0.482737
0.51723 0.48277 0
0.000101647 0.444398 0.5555
0.9999 9.99475e-05 0
0.0344979 0.689647 0.275855
0.749905 9.45276e-05 0.25
0.239998 0.760002 0
0.448276 0.551724 0
0.4 0.6 0
0.500011 0.249989 0.25
0.241368 0.172404 0.586228
0.250005 0.499995 0.25
0.000100635 0.607065 0.392835
0.172412 0.275868 0.55172
0.178567 0.357144 0.46429
0.543693 0.0679591 0.388348
0.427695 0.0336636 0.538641
0.172421 0.827579 0
0.310342 0.689658 0
0.833329 0.166671 0
0.576926 0.423074 0
0.699956 0.300044 0
0.0344695 0.241388 0.724143
0.000101798 0.185148 0.81475
0.392777 0.000101128 0.607122
0.733334 0.266666 0
0.25 0.0681856 0.681814
0.551768 0.172404 0.275828
0.066675 0.933325 0
9.99234e-05 0.9999 0
0.933332 0.0666684 0
9.87282e-05 0.0999874 0.899914
0.137905 0.10343 0.758665
0.346097 0.000103117 0.6538
0.285718 0.321414 0.392868
0.613642 0.136358 0.25
0.0666677 0.500002 0.43333
0.344837 0.137929 0.517234
0.392855 0.250001 0.357145
0.172412 0.551725 0.275862
0.310336 0.4138 0.275864
0.0666771 0.166665 0.766658
0.102927 0.382395 0.514678
0.103444 0.275836 0.620721
0.484078 0.171975 0.343947
0.275805 0.000102193 0.724093
0.586151 9.88086e-05 0.41375
0.448299 0.275848 0.275852
