0.275862 0.103448 0.62069
0.8 0.2 0
0.37931 0.310346 0.310345
0.310344 0.379312 0.310344
0.866658 0.133342 0
0.392858 0.607142 0
0.52 0.48 0
0.517239 0.137932 0.344829
0.0689656 0.62069 0.310345
0.344828 0.068965 0.586207
0.73077 0.26923 0
0.000103435 0.586146 0.41375
0.241377 0.275863 0.48276
0.0333317 0.966668 0
0.266668 0.733332 0
0.655105 0.000103438 0.344792
0.214285 0.142857 0.642858
0.321426 0.214284 0.46429
0.0689655 0.310345 0.62069
0.13793 0.586208 0.275862
0.000102428 0.21427 0.785628
0.379272 0.000103431 0.620625
0.0356385 0.712789 0.251573
0.966666 0.0333339 0
0.000101002 0.639937 0.359962
0.357146 0.642854 0
0.749898 0.000102242 0.25
0.34515 0.137863 0.516987
0.187185 0.299453 0.513361
0.6 0.4 0
0.000103437 0.517188 0.482709
9.99784e-05 0.9999 0
0.107142 0.892858 0
0.517188 0.000103423 0.482709
0.0343347 0.107298 0.858367
0.48276 0.51724 0
9.04913e-05 9.89247e-05 0.999811
0.123707 0.17525 0.701043
0.068966 0.379316 0.551718
0.409945 0.0683197 0.521736
0.444447 0.148148 0.407404
0.392856 0.357144 0.25
0.629625 0.370375 0
0.9999 9.9927e-05 0
0.133335 0.866665 0
0.148147 0.44444 0.407413
0.760002 0.239998 0
0.172414 0.206896 0.62069
0.233334 0.766666 0
0.172412 0.827588 0
0.333333 0.333333 0.333334
0.689654 0.034484 0.275862
0.103448 0.137931 0.758621
0.241378 0.379312 0.37931
0.000103211 0.346117 0.65378
0.137914 0.000103435 0.861983
0.892859 0.107141 0
0.311948 0.108721 0.579331
0.241355 0.000103296 0.758542
0.5 0.25 0.25
0.551725 0.448275 0
0.172414 0.344828 0.482759
0.607081 0.000101179 0.392818
0.137929 0.482761 0.37931
0.000102181 0.749898 0.25
0.448276 0.275862 0.275862
0.827586 0.172414 0
0.241379 0.206897 0.551724
0.689658 0.310342 0
0.423077 0.576923 0
0.137932 0.0689659 0.793102
0.300001 0.699999 0
0.000103396 0.413747 0.58615
0.067964 0.543688 0.388348
0.172414 0.517241 0.310345
0.613637 0.136363 0.25
9.93092e-05 0.0666579 0.933243
0.0666676 0.933332 0
0.586184 0.103454 0.310362
0.933332 0.0666681 0
9.91585e-05 0.166649 0.833252
0.275862 0.034482 0.689656
0.25 0.5 0.25
0.27586 0.310343 0.413797
0.413793 0.13793 0.448277
0.000100428 0.464241 0.535659
0.137931 0.275862 0.586207
0.285711 0.428574 0.285715
0.502384 0.0669822 0.430633
0.551725 0.172413 0.275862
0.344829 0.275858 0.379312
0.428572 0.214286 0.357142
0.0666579 0.033329 0.900013
0.100238 0.43198 0.467782
0.0681122 0.250767 0.681121
0.000103425 0.275825 0.724071
0.44823 0.000103396 0.551667
0.206894 0.448276 0.344829
0.102275 0.647725 0.25
0.206886 0.0689614 0.724153
