0.171515 0.206336 0.622149
0.866672 0.133328 0
0.199997 0.800003 0
0.310362 0.379328 0.31031
0.100426 0.39469 0.504884
0.413381 0.206733 0.379886
0.133336 0.866664 0
0.799998 0.200002 0
0.607089 0.392911 0
0.379272 0.00010139 0.620627
0.137913 0.517273 0.344814
0.656383 0.0686577 0.274959
0.26929 0.73071 0
0.0333187 0.0333216 0.93336
8.97478e-05 0.166654 0.833256
0.0332976 0.966702 0
0.966668 0.033332 0
0.733347 0.266653 0
0.00010276 0.655092 0.344805
0.214276 0.142852 0.642873
0.833329 0.166671 0
0.586098 0.103647 0.310255
0.275819 0.448322 0.275859
0.103612 0.309255 0.587133
0.10345 0.586193 0.310357
0.275856 0.103449 0.620695
0.185153 8.91022e-05 0.814758
0.266711 4.04063e-05 0.733248
0.6538 9.95729e-05 0.3461
0.357142 0.392853 0.250005
0.000102217 0.749893 0.250005
0.148144 0.444449 0.407407
0.444347 0.148114 0.407539
0.313303 0.216498 0.470199
0.107137 0.892863 0
0.172456 0.0344794 0.793065
0.0714206 0.0714201 0.857159
6.96012e-05 8.54103e-05 0.999845
0.103437 0.137911 0.758652
0.349102 0.0690616 0.581836
0.543651 0.0679545 0.388395
0.892861 0.107139 0
0.517235 0.482765 0
0.000103353 0.517183 0.482714
0.214288 0.428564 0.357148
0.333332 0.333331 0.333337
0.378836 0.17216 0.449004
0.439935 0.00010153 0.559964
0.448271 0.551729 0
0.766682 0.233318 0
0.517186 0.000103174 0.482711
0.214291 0.32141 0.464299
0.000101309 0.214303 0.785595
0.699996 0.300004 0
0.642839 0.357161 0
0.124748 0.168357 0.706894
9.97403e-05 0.9999 0
0.370403 0.629597 0
0.23993 0.76007 0
0.249999 0.499996 0.250005
0.0344852 0.689657 0.275858
0.379456 0.103419 0.517124
0.480023 0.519977 0
0.712793 0.03564 0.251567
0.319973 9.65509e-05 0.679931
0.500003 0.249991 0.250005
0.24 0.24 0.520001
9.79575e-05 0.607084 0.392818
0.0338178 0.425059 0.541123
0.172438 0.827562 0
0.310324 0.689676 0
6.51521e-05 0.0999928 0.899942
0.400001 0.599999 0
9.8496e-05 0.39282 0.607082
0.576935 0.423065 0
0.206898 0.0689653 0.724136
0.749894 0.000100431 0.250005
0.0681088 0.250841 0.68105
0.136369 0.613626 0.250005
0.551917 0.172355 0.275728
0.00010046 0.346118 0.653781
0.39358 0.249272 0.357148
0.933334 0.0666663 0
0.0666731 0.933327 0
0.099992 6.59219e-05 0.899942
0.613624 0.136367 0.250009
0.275858 0.172419 0.551723
0.172407 0.241438 0.586155
0.276896 0.344479 0.378625
0.137898 0.344989 0.517113
0.0667023 0.499803 0.433495
0.172414 0.551716 0.27587
0.413799 0.310343 0.275858
0.484004 0.172015 0.343982
0.000100516 0.275827 0.724073
0.586136 8.90265e-05 0.413775
0.309965 0.276257 0.413778
0.4665 0.0666881 0.466812
0.999901 9.88166e-05 0
0.13813 0.41255 0.44932
