0.199987 0.800013 0
0.275863 0.448276 0.275861
0.448293 0.103441 0.448267
0.172412 0.275852 0.551736
0.310343 0.310343 0.379314
0.379319 0.206887 0.413793
0.103444 0.172411 0.724145
0.866656 0.133344 0
0.133349 0.866651 0
0.241379 0.137939 0.620682
0.599999 0.400001 0
0.480009 0.519991 0
0.482754 0.137932 0.379314
0.413794 0.275863 0.310343
0.730769 0.269231 0
0.0333297 0.96667 0
0.966669 0.0333305 0
0.000102901 0.655097 0.3448
0.100661 0.429618 0.469721
0.448278 0.551722 0
0.100042 9.99332e-05 0.899858
0.409092 0.14773 0.443179
0.551666 0.00010337 0.448231
0.148141 0.444455 0.407404
0.655173 0.0344779 0.310349
0.892856 0.107144 0
0.107142 0.892858 0
0.0666741 0.933326 0
0.434213 0.315787 0.25
0.0333331 0.166686 0.799981
0.0333361 0.0666447 0.900019
0.615325 0.000102542 0.384572
0.269234 0.730766 0
0.73327 9.15708e-05 0.266639
0.37037 0.62963 0
0.240002 0.240002 0.519996
0.000102877 0.517149 0.482748
0.000103195 0.13792 0.861977
9.3755e-05 8.68259e-05 0.999819
0.206894 0.06896 0.724146
9.98484e-05 0.9999 0
0.103458 0.586189 0.310353
0.249997 0.500003 0.25
0.633333 0.366667 0
0.0337653 0.425976 0.540259
0.142005 0.0343225 0.823673
0.299956 9.99687e-05 0.699944
0.333333 0.333333 0.333334
0.48271 0.000103372 0.517187
0.103458 0.310319 0.586224
0.260886 0.10559 0.633525
0.517241 0.482759 0
0.0344842 0.689654 0.275861
0.8 0.2 0
0.380054 0.0344406 0.585506
0.551717 0.103454 0.344829
0.32142 0.178568 0.500013
0.0741135 0.185178 0.740709
0.714287 0.0357129 0.25
0.517251 0.172405 0.310344
0.759992 0.240008 0
0.9999 9.999e-05 0
0.214287 0.321428 0.464285
0.000103209 0.346115 0.653782
0.13792 0.34488 0.517199
0.544486 0.204229 0.251285
9.98568e-05 0.607079 0.392821
0.344841 0.10345 0.55171
0.827584 0.172416 0
0.295793 0.407714 0.296493
0.172415 0.827585 0
0.172423 0.137937 0.689639
0.000102988 0.241381 0.758516
0.310346 0.689654 0
0.275871 0.275871 0.448258
0.44827 0.206916 0.344813
0.206902 0.206902 0.586196
0.689658 0.310342 0
0.103398 0.103398 0.793204
0.57143 0.42857 0
0.239989 0.760011 0
0.136367 0.613633 0.25
0.613644 0.136356 0.25
0.137933 0.241385 0.620682
0.93335 0.0666498 0
0.206891 0.000102814 0.793006
0.51725 0.0689579 0.413792
0.172409 0.48277 0.344822
0.357146 0.25 0.392854
0.357103 0.000101485 0.642795
0.000102191 0.749898 0.25
0.0669897 0.502395 0.430616
0.0344829 0.275872 0.689645
0.482745 0.241387 0.275867
0.357141 0.392859 0.25
0.241371 0.379306 0.379324
0.172414 0.551725 0.275862
0.000101007 0.392815 0.607084
0.400002 0.599998 0
0.430624 0.0669875 0.502389
