0.206898 0.413797 0.379305
0.640001 0.359999 0
0.133334 0.866666 0
0.275828 0.00010265 0.72407
0.241358 0.482805 0.275837
0.310353 0.310342 0.379305
0.379285 0.172412 0.448303
0.699986 0.300014 0
0.241361 0.310323 0.448316
0.200001 0.799999 0
0.413792 0.0344728 0.551736
8.12072e-05 0.166673 0.833246
0.0687684 0.656158 0.275074
0.566669 0.433331 0
0.766683 0.233317 0
0.966674 0.0333259 0
0.0333336 0.966666 0
0.44828 0.0689601 0.48276
0.266667 0.733333 0
0.103448 0.586207 0.310345
0.482771 0.517229 0
0.482759 0.241379 0.275862
0.285714 0.285711 0.428575
0.933331 0.0666692 0
0.357147 0.392852 0.250001
0.344861 0.068963 0.586176
0.607143 0.392857 0
0.357143 0.642857 0
0.0343342 0.107323 0.858343
0.299884 0.0333385 0.666777
0.629569 9.55867e-05 0.370335
7.35695e-05 9.19421e-05 0.999834
0.240008 0.239999 0.519993
0.482727 0.000100955 0.517172
0.124758 0.168281 0.706961
0.107142 0.892858 0
0.000103317 0.517172 0.482725
0.14286 0.428579 0.428561
0.0689634 0.241391 0.689646
0.9999 9.96169e-05 0
0.857117 0.142883 0
0.17241 0.275854 0.551736
0.000102319 0.214263 0.785635
0.535715 0.214284 0.250001
9.98551e-05 0.65378 0.34612
0.300003 0.699997 0
0.333341 0.333329 0.33333
9.93002e-05 0.999901 0
0.428579 0.142853 0.428568
0.000103228 0.346106 0.65379
0.16665 9.96394e-05 0.83325
0.20454 0.545459 0.250001
0.714275 0.0357238 0.250001
0.900007 0.0999933 0
0.233321 0.766679 0
9.98759e-05 0.433289 0.566611
0.730777 0.269223 0
0.250006 0.392842 0.357152
0.136363 0.613636 0.250001
0.275865 0.103445 0.62069
0.0356546 0.712776 0.251569
0.285708 0.464291 0.250001
0.586151 0.103462 0.310387
0.392859 0.607141 0
0.233342 9.25777e-05 0.766566
0.103398 0.000102451 0.8965
0.310344 0.206898 0.482758
0.413796 0.310342 0.275862
0.0679432 0.388513 0.543544
0.733282 9.56797e-05 0.266622
0.214272 0.142846 0.642882
0.172417 0.206895 0.620688
0.800001 0.199999 0
0.379271 0.000103085 0.620626
0.13794 0.0689699 0.79309
0.166667 0.833333 0
0.42306 0.57694 0
0.538458 0.461542 0
0.666667 0.333333 0
0.000102221 0.749896 0.250001
0.533231 0.0333425 0.433427
0.174258 0.487921 0.337821
0.172427 0.344777 0.482796
0.464289 0.28571 0.250002
0.0672623 0.538105 0.394633
0.0666751 0.933325 0
9.20099e-05 0.0666558 0.933252
0.482741 0.172416 0.344843
0.105234 0.298447 0.596319
0.379314 0.103442 0.517244
0.613636 0.136363 0.250001
0.275865 0.172414 0.551721
0.103446 0.137926 0.758628
0.206898 0.068963 0.724139
0.517247 0.103435 0.379318
0.000101241 0.275829 0.72407
0.000103428 0.586137 0.413759
0.39261 0.250099 0.357291
0.0688308 0.449354 0.481816
0.655189 0.0689566 0.275854
