0.206896 0.310345 0.482759
0.199997 0.800003 0
0.344823 0.241374 0.413804
0.137931 0.413793 0.448276
0.413793 0.137931 0.448276
0.133333 0.866667 0
0.60714 0.39286 0
0.800001 0.199999 0
0.480012 0.519988 0
0.137925 0.51724 0.344835
0.266642 9.24353e-05 0.733266
0.655323 0.0689275 0.275749
0.269233 0.730767 0
0.0333317 0.0333317 0.933337
0.0333083 0.166665 0.800027
0.310345 0.310345 0.37931
0.500026 0.0666626 0.433312
0.310342 0.413798 0.27586
0.586205 0.10345 0.310344
0.000102196 0.749897 0.250001
0.103443 0.310318 0.586239
0.185141 0.000101784 0.814757
0.214282 0.142856 0.642862
0.148148 0.444445 0.407406
0.444445 0.148148 0.407406
0.892859 0.107141 0
0.172414 0.275863 0.551723
0.642858 0.357142 0
0.17241 0.551728 0.275862
0.107143 0.892857 0
0.448276 0.241379 0.310345
0.103468 0.586128 0.310404
0.37037 0.62963 0
0.3493 0.0685359 0.582164
0.214268 0.357152 0.42858
0.0714269 0.0714269 0.857146
0.24 0.24 0.519999
0.517187 0.000103322 0.482709
0.749897 0.00010226 0.250001
0.319965 0.000101987 0.679933
9.993e-05 0.9999 0
0.313241 0.216868 0.469891
0.034483 0.689655 0.275862
0.333333 0.333333 0.333335
0.653781 0.00010314 0.346116
0.0681766 0.250076 0.681747
0.833333 0.166667 0
0.9999 9.99679e-05 0
0.517241 0.482759 0
0.0666639 0.500002 0.433334
0.239999 0.760001 0
0.31034 0.68966 0
0.000102454 0.214269 0.785629
0.124751 0.168333 0.706916
0.448276 0.551724 0
0.41379 0.310349 0.27586
0.4 0.6 0
0.766668 0.233332 0
0.482765 0.137925 0.37931
0.00010319 0.346137 0.65376
0.357142 0.392858 0.250001
0.966667 0.0333331 0
0.71279 0.0356385 0.251571
0.5 0.25 0.250001
0.000103436 0.275832 0.724065
9.8311e-05 9.96553e-05 0.999802
0.249998 0.500001 0.250001
0.000101113 0.607082 0.392817
0.0333335 0.966667 0
0.0338146 0.425136 0.54105
0.172419 0.827581 0
9.14967e-05 0.0999857 0.899923
0.576925 0.423075 0
0.136362 0.613637 0.250001
0.000103435 0.517187 0.482709
0.699991 0.300009 0
0.206889 0.0689631 0.724147
0.429141 0.0335797 0.53728
0.17241 0.034482 0.793108
0.613633 0.136367 0.250001
0.401215 0.234031 0.364754
0.214286 0.464285 0.321429
0.0666664 0.933334 0
0.733331 0.266669 0
0.933334 0.0666665 0
0.0999874 9.78837e-05 0.899915
0.551725 0.0689652 0.37931
0.275855 0.172413 0.551733
0.275862 0.379309 0.344829
0.103448 0.137934 0.758618
0.517241 0.172414 0.310345
0.10072 0.395682 0.503598
0.000101095 0.392821 0.607078
0.395678 0.100724 0.503598
0.379271 0.000103389 0.620625
0.275862 0.275862 0.448276
0.172413 0.206897 0.62069
0.275862 0.103448 0.62069
0.586146 0.000103419 0.41375
0.000103418 0.655105 0.344792
