0.103443 0.517244 0.379312
0.800001 0.199999 0
0.200002 0.799998 0
0.275854 0.448282 0.275864
0.310345 0.310345 0.37931
0.866665 0.133335 0
0.133335 0.866665 0
0.275862 0.172411 0.551728
0.166677 0.100008 0.733315
0.600001 0.399999 0
0.172412 0.275858 0.55173
0.480001 0.519999 0
9.986e-05 0.16665 0.83325
0.730768 0.269232 0
0.269232 0.730768 0
0.0333335 0.966666 0
0.966667 0.0333326 0
0.000103437 0.655105 0.344792
0.100279 0.43175 0.46797
0.214286 0.321428 0.464286
0.501193 0.0334131 0.465394
0.310314 0.000103393 0.689582
0.214283 0.142855 0.642862
0.103485 0.586062 0.310454
0.428568 0.142862 0.428571
0.44827 0.55173 0
0.124752 0.168319 0.706929
0.000102201 0.749898 0.25
0.633341 0.366659 0
0.107138 0.892862 0
0.10347 0.310199 0.586331
0.615329 0.000102546 0.384569
0.000102448 0.214271 0.785626
0.166651 9.86701e-05 0.83325
0.0343359 0.107285 0.858379
0.24 0.24 0.520001
0.482709 0.000103413 0.517188
0.0344791 0.689691 0.275829
0.370373 0.629627 0
0.613636 0.136364 0.25
9.98634e-05 0.9999 0
0.333334 0.333334 0.333332
0.892857 0.107143 0
0.233312 9.99447e-05 0.766588
0.344835 0.0689669 0.586198
0.000103329 0.517186 0.48271
0.148148 0.444443 0.407409
9.92037e-05 9.82191e-05 0.999803
0.13793 0.344835 0.517235
0.733262 9.98964e-05 0.266639
0.517242 0.482758 0
0.239998 0.760002 0
0.103407 0.000103395 0.896489
0.689662 0.310338 0
0.759995 0.240005 0
0.172412 0.482766 0.344822
0.25 0.5 0.25
0.285712 0.285712 0.428576
0.000103233 0.346103 0.653794
0.544503 0.204189 0.251308
9.74873e-05 0.275834 0.724068
9.6469e-05 0.607083 0.39282
0.0337626 0.42603 0.540207
0.344829 0.206902 0.448269
0.827582 0.172418 0
0.172417 0.827583 0
0.321423 0.178566 0.500011
0.310338 0.689662 0
0.37931 0.24138 0.37931
0.379318 0.103447 0.517235
0.521503 0.0683562 0.410141
0.586209 0.103446 0.310344
0.137928 0.0689639 0.793109
0.296062 0.407543 0.296395
0.413794 0.275862 0.310344
0.0681421 0.250438 0.68142
0.714286 0.0357141 0.25
0.482758 0.241379 0.275862
0.9999 9.98837e-05 0
0.571428 0.428572 0
0.136366 0.613634 0.25
0.933339 0.0666613 0
0.066665 0.933335 0
0.482762 0.172416 0.344822
0.241347 0.0689553 0.689698
0.413784 0.0344831 0.551733
9.65569e-05 0.0666726 0.933231
0.428571 0.321429 0.25
0.178565 0.214285 0.60715
0.0669848 0.502394 0.430621
0.103433 0.137914 0.758654
0.357143 0.392857 0.25
0.249998 0.392856 0.357146
0.206896 0.413793 0.37931
0.655174 0.0344816 0.310344
0.275852 0.103445 0.620703
0.379272 0.000103301 0.620624
0.172416 0.55172 0.275864
0.000101159 0.392817 0.607082
0.4 0.6 0
