0.482791 0.137899 0.37931
0.599999 0.400001 0
0.200003 0.799997 0
0.275867 0.172408 0.551726
0.137926 0.482762 0.379312
0.133333 0.866667 0
0.172413 0.34483 0.482757
0.344825 0.206896 0.44828
0.275856 0.379314 0.34483
0.480001 0.519999 0
0.000103107 0.413718 0.586179
0.517242 0.172413 0.310345
5.15857e-05 0.166656 0.833292
0.344828 0.0689656 0.586206
0.966666 0.033334 0
0.000103421 0.655105 0.344792
0.448274 0.206896 0.34483
0.392855 0.357144 0.250001
0.0689622 0.379339 0.551698
0.137918 0.000103131 0.861979
0.273883 0.254149 0.471968
0.148142 0.444464 0.407394
0.000102471 0.214266 0.785632
0.000102127 0.749897 0.250001
0.749897 0.000102245 0.250001
0.892861 0.107139 0
0.63994 0.000101032 0.359959
0.000103412 0.275823 0.724073
0.134033 0.396909 0.469058
0.107144 0.892856 0
0.629631 0.370369 0
0.249992 0.214289 0.535719
0.187162 0.299464 0.513374
0.123712 0.175257 0.701031
0.448279 0.551721 0
0.0343356 0.107297 0.858368
0.311775 0.10867 0.579555
0.000103434 0.517187 0.482709
0.413796 0.275862 0.310343
0.586145 9.88124e-05 0.413756
0.333334 0.333334 0.333332
0.9999 9.99077e-05 0
9.99149e-05 0.9999 0
0.517187 0.000103391 0.482709
9.96375e-05 8.91117e-05 0.999811
0.379271 0.000103433 0.620626
0.766676 0.233324 0
0.249997 0.500002 0.250001
0.103478 0.586089 0.310433
0.407405 0.18518 0.407415
0.517238 0.482762 0
0.275875 0.0344793 0.689646
0.866667 0.133333 0
0.310345 0.689655 0
0.712788 0.0356399 0.251572
0.370371 0.629629 0
0.0333325 0.966667 0
0.241354 0.000103427 0.758543
0.00010321 0.346119 0.653778
0.482758 0.241379 0.275864
0.551725 0.103447 0.344829
0.214279 0.142852 0.642869
0.0666643 0.0333321 0.900004
0.689658 0.310342 0
0.000101124 0.60708 0.392819
0.571431 0.428569 0
0.172415 0.827585 0
0.432957 0.0667109 0.500332
0.827579 0.172421 0
0.0681111 0.250862 0.681027
0.0344834 0.689653 0.275864
0.172414 0.517241 0.310345
0.607111 0.142889 0.250001
0.13792 0.0689597 0.793121
0.206955 0.41376 0.379285
0.136363 0.613636 0.250001
0.269228 0.730772 0
9.99333e-05 0.0666559 0.933244
0.0666674 0.933333 0
0.93333 0.0666698 0
0.000100425 0.464241 0.535659
0.448238 0.000103409 0.551658
0.13793 0.275882 0.586188
0.535715 0.214285 0.250001
0.0689653 0.310345 0.62069
0.241377 0.344816 0.413808
0.285718 0.428574 0.285709
0.0669842 0.502392 0.430623
0.103449 0.44829 0.448261
0.344828 0.275862 0.37931
0.103445 0.137929 0.758626
0.345378 0.137821 0.5168
0.620696 0.0689585 0.310345
0.730772 0.269228 0
0.400001 0.599999 0
0.172411 0.206896 0.620693
0.502404 0.0669882 0.430608
0.172397 0.10344 0.724163
0.239998 0.760002 0
0.413788 0.137928 0.448284
