0.310344 0.206896 0.48276
0.24138 0.448275 0.310345
0.137932 0.413791 0.448277
0.413792 0.137931 0.448277
0.200001 0.799999 0
0.103436 0.482769 0.413795
0.0333338 0.133334 0.833332
0.519999 0.480001 0
0.517244 0.137926 0.34483
0.0689602 0.655178 0.275862
0.73077 0.26923 0
0.166651 9.9994e-05 0.833249
0.392857 0.607143 0
0.0333302 0.96667 0
0.310345 0.310345 0.37931
0.413793 0.310346 0.275862
0.266666 0.733334 0
0.966668 0.0333322 0
0.216865 0.313254 0.469881
0.142846 0.214289 0.642864
0.103453 0.586204 0.310343
0.0688498 0.349183 0.581967
0.760002 0.239998 0
0.000101841 0.185147 0.814752
0.444444 0.148148 0.407407
0.148148 0.444441 0.407411
0.464279 0.214285 0.321436
0.357141 0.642859 0
0.137916 0.103438 0.758646
0.749898 0.00010226 0.25
0.0356429 0.712785 0.251573
0.892857 0.107143 0
0.0344824 0.241381 0.724136
0.0714241 0.0714242 0.857152
0.172412 0.275862 0.551727
0.551723 0.448277 0
0.86666 0.13334 0
0.240001 0.240001 0.519998
0.000103419 0.517188 0.482709
0.233333 0.766667 0
9.99523e-05 0.9999 0
0.333333 0.333334 0.333333
0.107138 0.892862 0
9.53061e-05 9.03781e-05 0.999814
0.275862 0.275862 0.448277
0.000103209 0.653779 0.346118
0.168317 0.124752 0.706932
0.48276 0.51724 0
0.214265 0.000102447 0.785633
0.172401 0.482797 0.344802
0.517188 0.000103426 0.482709
0.346117 0.000103226 0.653779
0.629627 0.370373 0
0.689655 0.0344835 0.275862
0.392857 0.357143 0.25
0.310266 0.103462 0.586272
0.9999 9.99216e-05 0
0.655105 0.000103423 0.344792
0.250001 0.499999 0.25
0.500003 0.249997 0.25
0.607079 0.000101176 0.39282
0.425264 0.0338067 0.540929
0.827585 0.172415 0
0.68966 0.31034 0
0.357155 0.214282 0.428562
0.0999901 9.03099e-05 0.89992
0.166667 0.833333 0
0.423073 0.576927 0
0.933333 0.0666668 0
0.300004 0.699996 0
0.395684 0.10072 0.503596
0.000102254 0.749898 0.25
0.0335651 0.429391 0.537044
0.24791 0.0683722 0.683718
0.613628 0.136372 0.25
0.586164 0.103456 0.31038
0.172414 0.551724 0.275862
0.249999 0.392856 0.357145
0.0666654 0.933335 0
8.68672e-05 0.099988 0.899925
0.0679607 0.543685 0.388354
0.000103348 0.586145 0.413752
0.27586 0.172413 0.551727
0.206897 0.413792 0.379311
0.136364 0.613636 0.25
0.500046 0.0666723 0.433282
0.000101969 0.319967 0.679931
0.100719 0.395685 0.503596
0.310349 0.41379 0.275861
0.379311 0.27586 0.344828
0.000102858 0.379272 0.620626
0.0666757 0.16669 0.766635
0.206898 0.172409 0.620693
0.799999 0.200001 0
0.551726 0.172413 0.275862
0.0333285 0.0333285 0.933343
0.103448 0.275862 0.62069
0.27583 0.000103435 0.724066
0.392821 0.0001011 0.607078
0.6 0.4 0
