0.360001 0.639999 0
0.103447 0.413786 0.482767
0.8 0.2 0
0.310344 0.37931 0.310345
0.3 0.7 0
0.866666 0.133334 0
0.137928 0.482761 0.379312
0.599999 0.400001 0
0.241381 0.137928 0.620691
0.13793 0.241379 0.620691
0.551726 0.0689623 0.379312
0.379314 0.13793 0.482756
0.730766 0.269234 0
0.433334 0.566666 0
0.23333 0.76667 0
0.966673 0.0333275 0
0.0333311 0.966669 0
0.37931 0.275859 0.344831
0.0689656 0.65517 0.275864
0.73326 9.99895e-05 0.26664
0.0666668 0.933333 0
0.103448 0.586207 0.310345
0.392859 0.214279 0.392862
0.507832 0.140617 0.351551
0.392855 0.357144 0.25
0.000102654 0.178554 0.821344
0.260941 0.10558 0.633479
0.178554 0.000102616 0.821344
0.206894 0.379303 0.413803
0.0340919 0.38636 0.579549
0.409088 0.14773 0.443182
0.633333 0.366667 0
0.000103433 0.482709 0.517188
0.0689697 0.0689697 0.862061
0.89286 0.10714 0
0.392857 0.607143 0
0.615325 0.00010255 0.384572
0.46154 0.53846 0
0.105594 0.260874 0.633532
0.250001 0.357137 0.392862
0.035714 0.714286 0.25
0.482709 0.000103423 0.517188
9.43401e-05 9.82879e-05 0.999807
9.99269e-05 0.9999 0
0.310342 0.172417 0.517241
0.26923 0.73077 0
0.333333 0.333333 0.333334
0.517241 0.482759 0
0.714286 0.0357138 0.25
0.428529 0.000100811 0.57137
0.124999 0.124999 0.750001
0.759994 0.240006 0
0.206897 0.206897 0.586206
0.000101001 0.629567 0.370332
0.319967 0.000101938 0.679932
0.544502 0.20419 0.251309
0.25896 0.444624 0.296416
0.000103433 0.310298 0.689599
0.214284 0.535716 0.25
0.610206 0.102639 0.287155
0.464285 0.25 0.285715
0.386024 0.0341098 0.579866
0.068965 0.2069 0.724135
9.99856e-05 0.73326 0.26664
0.827585 0.172415 0
0.14773 0.409088 0.443182
0.306374 0.272334 0.421292
0.200002 0.799998 0
0.0689693 0.517238 0.413793
0.14286 0.85714 0
0.333333 0.666667 0
0.17857 0.321426 0.500004
0.206936 0.0689616 0.724103
0.241373 0.482763 0.275864
0.571431 0.428569 0
0.533335 0.0333319 0.433333
0.0333348 0.0333348 0.93333
0.933332 0.0666684 0
0.178432 0.464365 0.357203
0.136368 0.613632 0.25
0.172412 0.172412 0.655176
0.689655 0.310345 0
0.0666889 0.46649 0.466821
0.103387 0.345212 0.5514
0.0999902 9.74473e-05 0.899912
9.77744e-05 0.0999899 0.899912
0.321423 0.428577 0.25
0.9999 9.98565e-05 0
9.99567e-05 0.566605 0.433295
0.103447 0.103447 0.793107
0.233311 9.99651e-05 0.766589
9.99861e-05 0.233311 0.766589
0.655175 0.0344798 0.310345
0.466607 0.0666737 0.466719
0.0999999 0.9 0
0.344936 0.103421 0.551643
0.285934 0.249417 0.464648
0.579544 0.170456 0.25
0.24 0.24 0.520001
0.000101441 0.357107 0.642792
