0.600003 0.399997 0
0.275847 0.172404 0.551749
0.0666649 0.0666649 0.86667
0.275862 0.379314 0.344824
0.866661 0.133339 0
0.344763 0.206944 0.448293
0.137698 0.344744 0.517558
0.480009 0.519991 0
8.09144e-05 0.413718 0.586201
8.04692e-05 0.166653 0.833267
0.269233 0.730767 0
0.172403 0.379312 0.448285
0.586126 9.57245e-05 0.413778
0.0333342 0.966666 0
0.966668 0.033332 0
0.00010287 0.655105 0.344792
0.0689128 0.310433 0.620654
0.413792 0.275857 0.310351
0.448273 0.551727 0
0.133373 0.866627 0
0.272594 0.254595 0.472811
0.413842 0.137873 0.448285
0.392848 0.357152 0.25
0.137902 0.000103395 0.861995
0.103446 0.586206 0.310348
0.18719 0.299453 0.513356
0.370374 0.629626 0
0.9999 9.97198e-05 0
0.311276 0.108746 0.579978
0.639938 9.61028e-05 0.359966
0.000103393 0.517189 0.482708
0.448254 0.000102015 0.551644
0.517186 0.00010343 0.482711
0.43107 0.0669335 0.501996
0.407404 0.185176 0.40742
0.239998 0.760002 0
0.206867 0.0689538 0.724179
0.148121 0.444543 0.407336
0.712784 0.0356427 0.251573
9.97632e-05 0.9999 0
0.107149 0.892851 0
0.482762 0.241381 0.275856
0.344881 0.137922 0.517197
0.0689661 0.379336 0.551697
0.607097 0.142903 0.25
0.333333 0.333333 0.333333
0.34482 0.0689639 0.586216
0.629633 0.370367 0
8.35139e-05 9.61089e-05 0.99982
9.97338e-05 0.607072 0.392828
0.123803 0.175241 0.700957
0.517237 0.482763 0
0.000102224 0.214269 0.785628
0.214277 0.14285 0.642873
0.000102121 0.749898 0.25
0.766686 0.233314 0
0.379273 0.000102607 0.620624
0.892856 0.107144 0
0.034478 0.689701 0.275821
0.25 0.5 0.25
0.0681565 0.250288 0.681556
0.241357 0.000103282 0.75854
0.000103161 0.346122 0.653775
0.551352 0.103532 0.345116
0.0343348 0.107294 0.858371
0.689655 0.310345 0
0.517242 0.172409 0.310348
0.172426 0.827574 0
0.31034 0.68966 0
0.103442 0.13792 0.758638
0.827584 0.172416 0
0.749898 0.000102259 0.25
0.137918 0.0689592 0.793122
0.211802 0.411238 0.37696
0.172415 0.482761 0.344823
0.571422 0.428578 0
7.49967e-05 0.066656 0.933269
0.2 0.8 0
0.137823 0.276451 0.585726
0.0666675 0.933332 0
0.620704 0.0689468 0.310349
0.933336 0.0666639 0
0.275877 0.0344792 0.689644
0.249966 0.214243 0.535791
0.502406 0.0669934 0.430601
9.08477e-05 0.464284 0.535625
0.448264 0.206913 0.344823
0.285704 0.428577 0.285719
0.241371 0.344827 0.413802
0.172422 0.551689 0.275889
0.06697 0.502387 0.430643
0.536902 0.212545 0.250554
0.344798 0.275886 0.379315
0.0666548 7.6234e-05 0.933269
0.000101923 0.275733 0.724165
0.730766 0.269234 0
0.0999976 0.399992 0.50001
0.136363 0.613637 0.25
0.400025 0.599975 0
0.172448 0.206866 0.620686
