0.8 0.2 0
0.206841 0.137893 0.655266
0.431859 0.133702 0.434439
0.31014 0.379064 0.310796
0.170853 0.282552 0.546595
0.200001 0.799999 0
0.0666022 0.0665775 0.86682
0.133334 0.866666 0
0.607141 0.392859 0
0.480004 0.519996 0
0.137774 0.51741 0.344816
0.166653 7.90525e-05 0.833268
0.269231 0.730769 0
0.276517 0.241486 0.481998
0.586181 9.21161e-05 0.413727
0.966669 0.0333313 0
0.0333322 0.966668 0
0.0689094 0.344833 0.586258
0.357142 0.392857 0.25
0.346125 0.00010318 0.653772
0.000102376 0.137861 0.862037
0.103455 0.586181 0.310365
0.214266 0.000102373 0.785632
8.99072e-05 0.379277 0.620633
0.299475 0.187264 0.513262
0.000102232 0.749898 0.25
0.892858 0.107142 0
0.172413 0.827587 0
0.107143 0.892857 0
0.107322 0.0343358 0.858343
0.586201 0.137917 0.275882
0.2143 0.321553 0.464147
9.95053e-05 9.88271e-05 0.999802
0.000103442 0.517168 0.482729
0.0344837 0.689657 0.275859
0.517186 0.000103436 0.48271
0.444453 0.148145 0.407402
0.333333 0.333333 0.333335
0.862072 0.137928 0
0.25 0.5 0.25
9.99592e-05 0.9999 0
0.647766 0.102234 0.25
0.9999 9.99433e-05 0
0.148147 0.444442 0.407411
0.275689 0.344913 0.379398
0.51724 0.48276 0
0.172497 0.551525 0.275978
8.53143e-05 0.0666601 0.933255
0.109819 0.311534 0.578648
0.175257 0.123723 0.70102
0.392665 0.0674836 0.539851
0.0689536 0.137907 0.793139
0.499999 0.250001 0.25
0.766667 0.233333 0
0.639877 9.96481e-05 0.360023
9.09363e-05 0.241321 0.758588
0.642854 0.357146 0
0.712787 0.0356408 0.251572
0.448276 0.551724 0
0.000101182 0.607081 0.392818
0.137919 0.103438 0.758642
0.749898 0.000102251 0.25
0.0666648 9.32325e-05 0.933242
0.310343 0.689657 0
0.827572 0.172428 0
0.576923 0.423077 0
0.241363 0.17238 0.586257
0.250611 0.0681864 0.681203
0.142785 0.214179 0.643036
0.379308 0.241349 0.379343
0.2758 9.92396e-05 0.724101
0.62076 0.0688755 0.310365
0.448605 0.206282 0.345114
0.733333 0.266667 0
0.700002 0.299998 0
0.543723 0.0679721 0.388305
0.101969 0.448272 0.449759
0.0335148 0.429509 0.536976
0.00010337 0.655105 0.344792
0.136365 0.613635 0.25
0.214278 0.428557 0.357165
0.0666671 0.933333 0
0.933336 0.0666639 0
0.0344298 0.275832 0.689738
0.206915 0.241425 0.551659
0.310444 0.103431 0.586125
0.433263 9.66372e-05 0.566641
0.239999 0.760001 0
0.516976 0.1723 0.310724
0.428571 0.285714 0.285716
0.344568 0.172365 0.483067
0.275604 0.448807 0.27559
0.0669847 0.502398 0.430618
0.379316 0.310341 0.310343
0.137583 0.378662 0.483755
0.30661 0.275121 0.418269
0.46652 0.0666272 0.466853
0.399999 0.600001 0
0.370375 0.629625 0
0.100044 0.200085 0.699871
