0.448257 0.068968 0.482775
0.206896 0.413794 0.37931
0.310345 0.310345 0.37931
0.866658 0.133342 0
0.133334 0.866666 0
0.275858 0.172413 0.551729
0.600002 0.399998 0
0.172411 0.27586 0.551729
8.82167e-05 0.166651 0.833261
0.730769 0.269231 0
0.269237 0.730763 0
0.413795 0.275861 0.310345
0.0333298 0.96667 0
0.96667 0.0333302 0
0.000103299 0.655106 0.344791
0.100336 0.431513 0.468151
0.448278 0.551722 0
0.58621 0.103445 0.310345
0.428571 0.321428 0.25
0.42857 0.142855 0.428575
0.379271 0.000103379 0.620625
0.633333 0.366667 0
0.892859 0.107141 0
0.615324 0.000102525 0.384574
0.0343363 0.107256 0.858407
0.689662 0.310338 0
0.480004 0.519996 0
0.103434 0.00010339 0.896463
0.000101014 0.392816 0.607083
0.370373 0.629627 0
0.240001 0.24 0.519999
0.107142 0.892858 0
0.482711 0.000103422 0.517185
0.103479 0.586083 0.310438
0.37931 0.24138 0.37931
0.9999 9.99458e-05 0
0.00010344 0.517189 0.482708
9.99526e-05 0.9999 0
0.333334 0.333334 0.333332
0.310315 0.000103404 0.689582
0.148149 0.444446 0.407405
8.05223e-05 9.79394e-05 0.999822
0.000102142 0.749898 0.25
0.166672 0.100003 0.733325
0.482759 0.241379 0.275862
0.0344831 0.689655 0.275862
0.310342 0.689658 0
0.517241 0.482759 0
0.178562 0.21428 0.607158
0.344833 0.0689676 0.586199
0.0681469 0.250386 0.681467
0.24 0.76 0
0.000102428 0.214283 0.785615
0.214286 0.321427 0.464287
0.400001 0.599999 0
0.124755 0.168304 0.706942
0.2 0.8 0
0.714287 0.0357131 0.25
0.103458 0.310283 0.586259
0.000103218 0.346118 0.653779
0.759995 0.240005 0
0.249999 0.500001 0.25
0.233314 9.99524e-05 0.766586
0.321428 0.17857 0.500002
0.544501 0.204195 0.251305
0.379308 0.103446 0.517246
0.73326 9.99401e-05 0.26664
0.501193 0.0334136 0.465393
0.933336 0.0666644 0
0.214281 0.142851 0.642868
0.000101161 0.607081 0.392818
0.0337784 0.425719 0.540503
0.827585 0.172415 0
0.172421 0.827579 0
0.137926 0.068963 0.793111
0.296256 0.407431 0.296313
0.521002 0.0684291 0.410569
0.571429 0.428571 0
0.136363 0.613636 0.25
0.482763 0.172415 0.344822
0.0666649 0.933335 0
0.166646 9.37427e-05 0.833261
0.172407 0.482775 0.344817
0.275861 0.448279 0.275861
0.413792 0.0344791 0.551729
7.52058e-05 0.06665 0.933275
0.613656 0.136343 0.25
0.137915 0.3449 0.517184
0.0669807 0.502372 0.430648
0.241373 0.0689639 0.689663
0.285713 0.285712 0.428575
0.357138 0.392862 0.25
0.249996 0.392861 0.357143
0.799993 0.200007 0
0.655175 0.0344798 0.310345
0.275858 0.10345 0.620693
0.000103108 0.275832 0.724065
0.103438 0.137918 0.758644
0.172412 0.551726 0.275862
0.344826 0.206895 0.448279
