0.448279 0.206897 0.344824
0.400002 0.599998 0
0.172416 0.275855 0.55173
0.800007 0.199993 0
0.48276 0.137929 0.379311
0.310345 0.413795 0.27586
0.866659 0.133341 0
0.133333 0.866667 0
0.344827 0.172413 0.48276
0.448273 0.103442 0.448284
0.206896 0.344828 0.448275
0.379298 0.275868 0.344834
0.519999 0.480001 0
0.41374 0.000103364 0.586157
0.166646 9.58019e-05 0.833258
0.0689454 0.344834 0.58622
0.730769 0.269231 0
0.0333286 0.966671 0
0.966668 0.0333319 0
0.275857 0.310342 0.413801
0.551727 0.448273 0
0.357142 0.392858 0.25
0.0689481 0.620708 0.310344
0.379331 0.0689612 0.551708
0.48276 0.51724 0
0.214261 0.000102415 0.785636
0.185178 0.407404 0.407418
0.107137 0.892863 0
0.749898 0.000102104 0.25
0.892854 0.107146 0
0.0666573 6.86435e-05 0.933274
0.107297 0.0343355 0.858368
0.629626 0.370374 0
0.000103129 0.379282 0.620615
0.25386 0.27469 0.47145
0.0344782 0.275859 0.689663
0.10864 0.311976 0.579383
0.9999 9.99704e-05 0
0.000103348 0.586146 0.413751
9.98654e-05 0.9999 0
0.586174 0.103456 0.31037
0.137931 0.413794 0.448275
0.333334 0.333335 0.333331
0.172414 0.517242 0.310344
0.000103431 0.517188 0.482709
0.5 0.25 0.25
0.17525 0.123747 0.701003
0.396899 0.13404 0.469061
0.760003 0.239997 0
0.233333 0.766667 0
0.142864 0.607136 0.25
0.428573 0.285716 0.285711
0.517187 0.000103382 0.48271
0.000100678 0.639939 0.359961
0.689674 0.0344808 0.275845
0.933331 0.0666692 0
0.0344834 0.137938 0.827578
0.000103283 0.241361 0.758536
0.346119 0.000103227 0.653778
0.0356378 0.712792 0.25157
0.214281 0.249993 0.535726
9.8317e-05 9.35817e-05 0.999808
0.103451 0.55171 0.344838
0.142856 0.21429 0.642853
0.310344 0.689656 0
0.370368 0.629632 0
0.60708 0.000100991 0.392819
0.241377 0.482763 0.27586
0.827583 0.172417 0
0.689659 0.310341 0
0.214286 0.535714 0.25
0.000102221 0.749898 0.25
0.0666771 0.43322 0.500103
0.172412 0.827588 0
0.613636 0.136364 0.25
0.428571 0.571429 0
0.250688 0.0681198 0.681193
9.34026e-05 0.0999893 0.899917
0.413754 0.206969 0.379276
0.0689639 0.206892 0.724144
0.0666732 0.933327 0
0.137924 0.103443 0.758633
0.464241 0.000100434 0.535659
0.0669827 0.502397 0.430621
0.655105 0.000103257 0.344792
0.34483 0.241369 0.413801
0.517225 0.172417 0.310358
0.6 0.4 0
0.275865 0.137931 0.586204
0.502388 0.0669913 0.430621
0.27586 0.379307 0.344832
0.29946 0.187162 0.513378
0.137929 0.344823 0.517248
0.275833 0.000103432 0.724064
0.206892 0.448284 0.344824
0.000103335 0.448238 0.551659
0.26923 0.73077 0
0.444557 0.148118 0.407325
0.2069 0.172411 0.620688
0.310346 0.068966 0.620688
