0.172065 0.379066 0.448868
0.333019 9.07145e-05 0.66689
0.0997257 0.266956 0.633319
0.310292 0.379782 0.309927
0.800072 0.199928 0
0.310342 0.310342 0.379316
0.241077 0.172464 0.586459
0.666561 9.11425e-05 0.333348
0.172519 0.516855 0.310626
0.866663 0.133337 0
0.393234 0.606766 0
0.199993 0.800007 0
0.51951 0.48049 0
9.98626e-05 0.16665 0.83325
0.730769 0.269231 0
0.310432 0.206858 0.48271
0.033331 0.966669 0
0.214285 0.142857 0.642858
0.413966 0.206842 0.379191
0.103573 0.309968 0.586459
0.464735 0.143775 0.39149
0.448892 6.1154e-05 0.551047
0.000103179 0.653908 0.345989
0.9999 9.9867e-05 0
0.749898 0.000102161 0.25
0.107144 0.892856 0
0.375728 0.173415 0.450856
0.303387 0.438954 0.257659
0.143442 0.428057 0.428501
0.607105 0.142895 0.25
0.357306 0.642694 0
9.98943e-05 0.9999 0
0.137919 0.00010335 0.861977
0.892857 0.107143 0
0.283417 0.466583 0.25
0.0343363 0.107291 0.858373
0.133334 0.866666 0
0.423021 0.576979 0
4.96789e-05 0.393241 0.606709
0.344816 0.068965 0.586219
0.629628 0.370372 0
0.270174 0.20272 0.527106
0.123903 0.17522 0.700877
0.379266 0.000103312 0.620631
0.241355 0.000103337 0.758541
8.27735e-05 8.53566e-05 0.999832
9.40192e-05 0.275711 0.724195
0.517184 0.00010338 0.482713
0.266678 0.733322 0
0.408435 0.294657 0.296908
0.551736 0.448264 0
0.333332 0.333332 0.333337
0.500226 0.249774 0.25
0.482762 0.517238 0
0.000103433 0.517182 0.482715
0.233333 0.766667 0
0.0337697 0.42587 0.54036
0.760187 0.239813 0
0.166457 0.833543 0
0.584279 0.0688883 0.346833
0.0686657 0.482469 0.448866
0.000102428 0.214266 0.785631
0.0356067 0.712923 0.251471
0.689683 0.0344852 0.275831
0.000102831 0.346112 0.653786
0.106993 0.535774 0.357233
0.250154 0.393165 0.356681
0.213473 0.317514 0.469013
0.827585 0.172415 0
0.689656 0.310344 0
0.137931 0.0689614 0.793107
0.29999 0.70001 0
0.316431 0.136701 0.546869
0.13788 0.344727 0.517393
0.000102258 0.749898 0.25
0.516617 0.068493 0.41489
0.392852 0.357148 0.25
0.0666685 0.0666685 0.866663
0.136367 0.613633 0.25
0.620612 8.45656e-05 0.379303
0.0687891 0.243704 0.687507
9.97647e-05 0.0666617 0.933239
0.392587 0.250203 0.35721
0.431819 0.0668234 0.501357
0.933333 0.0666669 0
0.0666682 0.933332 0
0.178648 0.249545 0.571807
0.275857 0.0344771 0.689666
0.51721 0.172402 0.310388
4.83218e-05 0.586102 0.413849
0.285763 0.285477 0.42876
0.208949 0.477681 0.31337
0.204635 0.545364 0.25
0.103447 0.13793 0.758623
0.0688119 0.620805 0.310383
0.0666617 9.97446e-05 0.933239
0.6 0.4 0
0.206877 0.0689583 0.724165
0.275642 0.1034 0.620958
0.966667 0.033333 0
