0.639962 0.360038 0
0.241376 0.137925 0.620699
0.241375 0.482767 0.275858
0.351679 0.237033 0.411288
0.414269 0.206288 0.379443
0.699995 0.300005 0
0.20002 0.79998 0
0.392862 0.607138 0
0.172414 0.275864 0.551723
0.0686582 0.656707 0.274635
0.566672 0.433328 0
0.379322 0.137928 0.48275
0.766666 0.233334 0
0.966663 0.0333373 0
0.0333191 0.966681 0
0.266668 0.733332 0
0.275808 0.310109 0.414083
0.655175 0.0689618 0.275863
0.250001 0.392857 0.357143
0.214279 0.321428 0.464294
0.380608 0.0342744 0.585118
0.204543 0.545457 0.25
0.26089 0.105587 0.633523
0.0743083 0.185139 0.740553
0.105235 0.298437 0.596327
0.9 0.1 0
0.142856 0.428561 0.428583
0.516924 0.0689931 0.414083
0.409111 0.147724 0.443165
0.133334 0.866666 0
0.566535 9.46085e-05 0.43337
0.107136 0.892864 0
0.357147 0.642853 0
0.000102152 0.749898 0.25
0.629559 0.000100819 0.37034
0.933329 0.0666712 0
0.857142 0.142858 0
0.142996 0.0342796 0.822724
0.233326 0.766674 0
0.520283 0.136947 0.342769
0.585911 0.103521 0.310568
0.24 0.24 0.520001
0.00010333 0.137935 0.861962
0.034482 0.275861 0.689657
0.000103256 0.517164 0.482733
0.730774 0.269226 0
9.26789e-05 9.89256e-05 0.999808
0.174261 0.487936 0.337803
0.0689635 0.44826 0.482776
0.137927 0.344847 0.517226
0.482709 0.000103437 0.517188
0.714287 0.0357129 0.25
9.98501e-05 0.433287 0.566614
0.333332 0.333332 0.333336
0.00010295 0.653779 0.346118
0.9999 9.9995e-05 0
0.00010321 0.346121 0.653776
0.482759 0.517241 0
0.60714 0.39286 0
0.103451 0.172415 0.724134
0.357142 0.392858 0.25
0.299973 9.98543e-05 0.699927
0.0999934 9.96124e-05 0.899907
0.482757 0.24138 0.275863
0.0356425 0.712787 0.251571
0.535722 0.214278 0.25
0.4448 0.258668 0.296533
0.206868 0.0689536 0.724179
0.0678913 0.388928 0.543181
0.275863 0.172414 0.551723
0.733272 9.99317e-05 0.266628
0.0333368 0.16669 0.799974
0.172413 0.137931 0.689657
0.428607 0.321393 0.25
0.103446 0.586211 0.310342
0.800001 0.199999 0
0.16666 0.83334 0
0.000103385 0.586133 0.413764
0.423077 0.576923 0
0.538465 0.461535 0
0.321463 0.214175 0.464362
0.666666 0.333334 0
0.000102745 0.241342 0.758555
0.300009 0.699991 0
0.0672624 0.538111 0.394626
0.20688 0.00010296 0.793017
9.94829e-05 0.999901 0
0.206896 0.206896 0.586208
0.0331852 0.0666534 0.900161
0.34574 0.103161 0.551099
0.103439 0.103439 0.793123
0.465825 0.17805 0.356125
0.61363 0.136369 0.25
0.0666647 0.933335 0
0.136369 0.613631 0.25
0.285711 0.464289 0.25
0.13793 0.241371 0.620699
0.379363 0.275719 0.344918
0.357094 9.71959e-05 0.642809
0.466596 0.0666457 0.466758
