0.199998 0.800002 0
0.379332 0.310332 0.310336
0.137932 0.482758 0.379309
0.413798 0.137919 0.448283
0.137925 0.4138 0.448275
0.13334 0.86666 0
0.799997 0.200003 0
0.607134 0.392866 0
0.482778 0.137913 0.379309
0.482759 0.0689587 0.448282
0.000102361 0.379227 0.620671
0.206897 0.448273 0.34483
0.480004 0.519996 0
0.655496 0.0688987 0.275606
0.033323 0.0333326 0.933344
0.966674 0.0333264 0
0.166671 0.0332784 0.800051
0.103455 0.275872 0.620673
0.142857 0.214286 0.642857
0.249985 0.500011 0.250003
0.586235 0.103441 0.310324
0.310356 0.103442 0.586202
0.357143 0.392854 0.250003
0.0687634 0.349213 0.582023
0.133364 0.100015 0.766621
0.653778 0.000102982 0.346119
0.103449 0.586209 0.310343
0.136359 0.613638 0.250003
9.92929e-05 0.749897 0.250003
0.357139 0.214279 0.428582
0.89286 0.10714 0
0.14816 0.444418 0.407422
0.642856 0.357144 0
0.500016 0.249981 0.250003
0.107145 0.892855 0
0.216911 0.313113 0.469976
0.370372 0.629628 0
0.448281 0.20689 0.344829
0.241402 0.344805 0.413793
0.0714198 0.0714196 0.857161
0.240001 0.240001 0.519998
0.444444 0.148148 0.407409
0.000103196 0.517179 0.482718
0.9999 9.9991e-05 0
0.833334 0.166666 0
0.448271 0.551729 0
0.0689599 0.24137 0.68967
0.517178 0.000103375 0.482718
8.54853e-05 8.94046e-05 0.999825
0.0344863 0.689651 0.275862
0.0333389 0.133357 0.833304
0.000102261 0.214276 0.785622
0.712778 0.0356523 0.25157
0.517233 0.482767 0
0.346129 0.000102939 0.653768
9.9609e-05 0.9999 0
0.168601 0.124709 0.706689
0.240002 0.759998 0
0.269229 0.730771 0
0.000100564 0.31998 0.67992
0.766668 0.233332 0
0.000100839 0.607085 0.392815
0.586137 0.000103073 0.41376
0.429052 0.0335817 0.537367
0.551729 0.172414 0.275857
0.172414 0.827586 0
0.310297 0.689703 0
0.0999822 9.10143e-05 0.899927
8.77057e-05 0.0999855 0.899927
0.249784 0.0682016 0.682014
0.576924 0.423076 0
0.699995 0.300005 0
0.749895 0.000101282 0.250003
0.733323 0.266677 0
0.310344 0.310344 0.379312
9.3738e-05 0.439942 0.559964
0.234122 0.401164 0.364715
0.103443 0.172406 0.724151
0.933335 0.0666649 0
0.214269 9.88864e-05 0.785632
0.0666495 0.933351 0
0.172417 0.517207 0.310376
0.100724 0.39565 0.503626
0.543658 0.0679615 0.38838
0.379301 0.24139 0.379309
0.206887 0.172402 0.620711
0.428577 0.285718 0.285705
0.275862 0.172417 0.551721
0.172406 0.275873 0.551721
0.613637 0.13636 0.250003
0.39283 9.13695e-05 0.607079
0.395681 0.100735 0.503585
0.0333268 0.966673 0
0.0669423 0.502415 0.430643
0.275863 0.275863 0.448275
0.333333 0.333333 0.333334
0.275805 0.000103296 0.724091
0.275859 0.448279 0.275862
0.4 0.6 0
9.91448e-05 0.65511 0.344791
