0.379504 0.137868 0.482628
0.799997 0.200003 0
0.206859 0.413813 0.379328
0.310347 0.310346 0.379307
0.300006 0.699994 0
0.137931 0.448263 0.413806
0.551766 0.0689295 0.379304
0.44876 0.0685685 0.482671
0.6 0.4 0
0.730769 0.269231 0
0.433336 0.566664 0
0.23333 0.76667 0
0.0333047 0.966695 0
0.966685 0.033315 0
0.103435 0.517248 0.379317
0.068931 0.655199 0.27587
0.579557 0.170443 0.25
0.733288 9.67762e-05 0.266615
0.0666763 0.933324 0
0.551669 0.000100953 0.44823
0.516386 0.138177 0.345436
0.103457 0.586164 0.310378
0.2414 0.137937 0.620664
0.392857 0.607143 0
0.105564 0.261051 0.633385
0.379305 0.241388 0.379307
0.392843 0.357156 0.25
0.000102543 0.178589 0.821309
0.409094 0.147729 0.443176
9.99974e-05 0.73327 0.26663
0.633334 0.366666 0
0.0344833 0.0691296 0.896387
0.46669 0.248898 0.284412
0.615356 0.000101826 0.384542
0.142857 0.857143 0
0.0338144 0.541016 0.42517
0.178542 9.80428e-05 0.82136
0.14773 0.409089 0.443181
8.84151e-05 0.629573 0.370339
0.9999 9.95926e-05 0
0.124986 0.124986 0.750028
0.269226 0.730774 0
0.00010342 0.482708 0.517189
9.68584e-05 8.23664e-05 0.999821
0.482708 0.000103053 0.517189
0.448477 0.172355 0.379168
0.257286 0.445627 0.297087
0.892858 0.107142 0
9.99918e-05 0.9999 0
0.413781 0.275878 0.310341
0.103448 0.103447 0.793105
0.517241 0.482759 0
9.05665e-05 0.31995 0.679959
0.261991 0.105429 0.63258
0.333334 0.333333 0.333334
0.760004 0.239996 0
0.310275 0.000103005 0.689622
0.689654 0.310346 0
0.0357107 0.714289 0.25
0.100015 0.899985 0
0.137935 0.24139 0.620675
0.214273 0.535727 0.25
0.544505 0.204192 0.251303
0.38465 0.0341853 0.581164
0.10339 0.0344474 0.862163
0.137921 0.344832 0.517247
0.0684878 0.349335 0.582177
0.100155 0.432377 0.467468
0.827585 0.172415 0
0.199993 0.800007 0
0.461549 0.538451 0
0.60863 0.10496 0.286411
0.333336 0.666664 0
0.000100819 0.428543 0.571356
0.209948 0.309157 0.480895
0.505169 0.0673456 0.427485
0.068955 0.206953 0.724092
0.360886 0.100956 0.538158
0.239997 0.239996 0.520006
0.571424 0.428576 0
0.866662 0.133338 0
0.310367 0.172442 0.517191
0.206957 0.068951 0.724092
0.933329 0.0666712 0
0.172405 0.275835 0.55176
0.32143 0.42857 0.25
0.172428 0.172428 0.655144
0.714295 0.0357046 0.25
0.344828 0.206919 0.448252
0.172413 0.482763 0.344824
0.285714 0.285713 0.428574
0.136361 0.613638 0.25
9.40195e-05 0.233365 0.766541
0.249981 0.392864 0.357155
0.0666608 9.76765e-06 0.933329
0.206897 0.206896 0.586207
0.233367 9.21241e-05 0.766541
0.655189 0.0344698 0.310341
8.69197e-05 0.133318 0.866595
0.356868 5.88957e-05 0.643073
