0.448336 0.206836 0.344828
0.103441 0.275865 0.620694
0.399997 0.600003 0
0.800001 0.199999 0
0.482755 0.13793 0.379315
0.866663 0.133337 0
0.133334 0.866666 0
0.344828 0.172411 0.482761
0.378924 0.276177 0.344899
0.52 0.48 0
0.413751 0.000103203 0.586146
0.166652 8.94506e-05 0.833259
0.172599 0.378163 0.449238
0.0689474 0.344815 0.586237
0.172414 0.517241 0.310345
9.29376e-05 0.586076 0.413831
0.0333348 0.966665 0
0.966668 0.0333319 0
0.137929 0.448285 0.413786
0.655102 0.000103437 0.344794
0.357142 0.392858 0.25
0.0666575 7.91301e-05 0.933263
0.379363 0.0689631 0.551674
0.444444 0.14814 0.407416
0.000103118 0.13791 0.861987
0.210763 0.538109 0.251127
0.585906 0.103523 0.31057
0.137914 0.103422 0.758663
0.185186 0.407403 0.407411
0.254907 0.271722 0.473371
0.107142 0.892858 0
0.0666823 0.433244 0.500074
0.299452 0.187207 0.513341
0.107303 0.0343346 0.858362
0.448285 0.0689221 0.482793
0.629619 0.370381 0
0.749898 0.000102233 0.25
0.108716 0.311465 0.579819
0.551722 0.448278 0
9.92321e-05 9.42628e-05 0.999807
0.517188 0.000103434 0.482709
0.000100902 0.639938 0.359961
0.214275 0.000102377 0.785623
0.24138 0.482759 0.27586
0.250645 0.0681234 0.681231
0.9999 9.99175e-05 0
0.000103434 0.517187 0.48271
0.46426 0.000100392 0.535639
0.333333 0.333333 0.333334
0.275793 0.000102624 0.724104
9.99824e-05 0.9999 0
0.0356381 0.712788 0.251574
0.136972 0.349208 0.51382
0.482759 0.517241 0
0.346115 0.000103206 0.653782
0.689656 0.0344836 0.27586
0.892855 0.107145 0
0.500003 0.249997 0.25
0.000103367 0.379272 0.620625
0.233332 0.766668 0
0.175256 0.123719 0.701025
0.103446 0.551726 0.344828
0.502393 0.0669802 0.430627
0.000103392 0.241354 0.758542
0.142844 0.214268 0.642888
0.142962 0.607038 0.25
0.310344 0.689656 0
0.607082 0.000101154 0.392817
0.827585 0.172415 0
0.760001 0.239999 0
0.689657 0.310343 0
0.000102204 0.749898 0.25
0.27586 0.413795 0.310345
0.172417 0.827583 0
0.0689677 0.137939 0.793093
0.066998 0.502208 0.430794
0.413792 0.206905 0.379303
0.613632 0.136368 0.25
0.428578 0.571422 0
0.269237 0.730763 0
0.599998 0.400002 0
0.933334 0.0666662 0
0.0666655 0.933334 0
0.0344817 0.275862 0.689656
0.214218 0.249937 0.535846
0.275905 0.137927 0.586169
0.206892 0.448279 0.344829
0.428574 0.285713 0.285713
0.344838 0.241376 0.413785
0.033328 0.0666531 0.900019
0.517198 0.172438 0.310365
0.275824 0.344863 0.379313
0.730767 0.269233 0
0.206889 0.172413 0.620698
0.0689141 0.620739 0.310347
0.396732 0.134396 0.468872
0.370369 0.629631 0
0.103435 0.172393 0.724172
9.8008e-05 0.448228 0.551674
0.310343 0.0689629 0.620694
