0.241369 0.310336 0.448295
0.310344 0.310346 0.37931
0.310345 0.379311 0.310344
0.482765 0.137923 0.379312
0.199982 9.9933e-05 0.799918
0.866664 0.133336 0
0.133333 0.866667 0
0.137931 0.482759 0.37931
0.392859 0.607141 0
0.519994 0.480006 0
0.000103243 0.41375 0.586146
0.344844 0.0689352 0.586221
0.730769 0.269231 0
0.000103431 0.586146 0.413751
0.966669 0.0333314 0
0.0333326 0.966667 0
0.413797 0.13793 0.448273
0.444444 0.148148 0.407408
0.39285 0.35715 0.25
0.107141 0.892859 0
0.933334 0.066666 0
0.357147 0.642853 0
0.000101022 0.639935 0.359964
0.0689657 0.379322 0.551713
0.187149 0.29946 0.513392
0.148144 0.444448 0.407408
0.0343354 0.107284 0.85838
0.585969 0.103508 0.310524
0.206884 0.448288 0.344828
0.285716 0.285718 0.428566
0.311974 0.108644 0.579382
0.892858 0.107142 0
9.35374e-05 9.18774e-05 0.999815
0.00010243 0.214264 0.785634
0.102276 0.647724 0.25
0.517187 0.00010344 0.48271
0.000103385 0.517188 0.482709
9.99865e-05 0.9999 0
0.138149 0.0344731 0.827378
0.9999 9.99376e-05 0
0.448229 0.00010344 0.551667
0.32143 0.214286 0.464284
0.379275 0.000103414 0.620622
0.629624 0.370376 0
0.123712 0.175234 0.701054
0.241352 0.000103267 0.758545
0.233331 0.766669 0
0.799998 0.200002 0
0.689655 0.0344856 0.275859
0.0356343 0.712791 0.251575
0.500005 0.249995 0.25
8.62118e-05 0.166642 0.833272
0.000103221 0.346128 0.653769
0.749898 0.000102253 0.25
0.760001 0.239999 0
0.172411 0.103447 0.724142
0.482759 0.517241 0
0.25 0.5 0.25
0.551724 0.448276 0
0.607066 0.000101164 0.392833
0.344936 0.137908 0.517156
0.000102198 0.749898 0.25
0.689656 0.310344 0
0.266668 0.733332 0
0.82758 0.17242 0
0.172415 0.827585 0
0.214285 0.142856 0.642859
0.0999982 9.99469e-05 0.899902
0.423075 0.576925 0
0.44827 0.206895 0.344835
0.0681041 0.250881 0.681015
0.241381 0.379309 0.37931
0.300005 0.699995 0
0.409943 0.0683213 0.521735
0.0679554 0.543693 0.388351
0.502395 0.066986 0.430619
0.613624 0.136376 0.25
0.4012 0.234055 0.364745
0.333332 0.333334 0.333334
0.0666684 0.933332 0
0.275861 0.0344812 0.689658
0.172412 0.206891 0.620697
0.137931 0.586209 0.275859
0.241379 0.206897 0.551724
9.81092e-05 0.0666488 0.933253
0.103442 0.137924 0.758634
0.100262 0.431863 0.467875
0.000100405 0.464244 0.535655
0.275804 0.103492 0.620704
0.517241 0.172414 0.310346
0.068964 0.620691 0.310345
0.655105 0.000103203 0.344792
0.137922 0.275911 0.586167
0.172415 0.517235 0.310349
0.285712 0.428569 0.28572
0.172414 0.344828 0.482759
0.000103433 0.275833 0.724064
0.448283 0.275858 0.275859
0.600001 0.399999 0
0.0689581 0.310338 0.620703
