0.333293 9.70086e-05 0.66661
0.275862 0.103442 0.620695
0.799989 0.200011 0
0.310334 0.379331 0.310336
0.310344 0.310342 0.379314
0.866664 0.133336 0
0.133333 0.866667 0
0.137916 0.482782 0.379302
0.39286 0.60714 0
0.448325 0.206825 0.34485
0.519988 0.480012 0
9.70468e-05 0.413761 0.586142
0.0689453 0.620707 0.310348
0.344811 0.0689673 0.586221
0.730768 0.269232 0
9.68532e-05 0.586146 0.413757
0.413793 0.137929 0.448278
0.0333317 0.966668 0
0.321434 0.21429 0.464276
0.172404 0.103434 0.724162
0.586096 0.103475 0.310428
0.137935 0.0689674 0.793098
0.000102327 0.214272 0.785626
0.068924 0.379681 0.551395
0.444462 0.148152 0.407386
0.517313 0.103373 0.379315
0.749898 0.000102193 0.25
9.99552e-05 0.166652 0.833248
0.892856 0.107144 0
0.357143 0.642857 0
0.0681208 0.250833 0.681046
0.214287 0.142857 0.642856
0.000103411 0.517187 0.48271
0.187281 0.299432 0.513287
0.100274 0.431919 0.467808
0.137937 0.586202 0.275862
0.107137 0.892863 0
0.0343341 0.107295 0.858371
0.241337 0.379365 0.379298
0.629623 0.370377 0
0.311987 0.108633 0.579379
0.5 0.25 0.25
0.233333 0.766667 0
9.97938e-05 0.9999 0
0.206856 0.448245 0.344899
0.241358 0.000103292 0.758538
0.392848 0.357152 0.25
0.379275 0.000103282 0.620622
0.137911 0.000102896 0.861986
0.551725 0.448275 0
0.0356425 0.712784 0.251574
0.333333 0.333333 0.333333
0.24138 0.206904 0.551716
0.9999 9.99724e-05 0
0.102271 0.647729 0.25
0.148143 0.444442 0.407415
0.482761 0.517239 0
0.123768 0.175246 0.700986
6.79905e-05 9.69165e-05 0.999835
0.76 0.24 0
0.517187 0.000103415 0.48271
0.689678 0.0344804 0.275841
0.000103051 0.34612 0.653777
0.249978 0.500022 0.25
0.933328 0.0666716 0
0.607073 0.000100596 0.392826
0.00010222 0.749898 0.25
0.827586 0.172414 0
0.0666704 0.93333 0
0.689655 0.310345 0
0.96667 0.0333301 0
0.423075 0.576925 0
0.401197 0.234027 0.364776
0.172425 0.827575 0
0.300005 0.699995 0
0.409991 0.0683275 0.521682
9.41046e-05 0.464273 0.535632
0.26667 0.73333 0
0.613612 0.136388 0.25
9.09001e-05 0.0666602 0.933249
0.275894 0.0344821 0.689624
9.87277e-05 0.639926 0.359976
0.599999 0.400001 0
0.517241 0.172411 0.310348
0.137939 0.275857 0.586204
0.067959 0.543704 0.388337
0.172408 0.517236 0.310356
0.28571 0.428582 0.285707
0.172438 0.344851 0.482711
0.502411 0.0669863 0.430602
0.103445 0.137927 0.758628
0.28572 0.285717 0.428563
0.0664561 0.032851 0.900693
0.000102763 0.275828 0.724069
0.448336 0.275829 0.275835
0.345229 0.137851 0.51692
0.448296 7.7561e-05 0.551627
0.172442 0.206924 0.620635
0.655101 0.000103371 0.344796
0.0685166 0.310546 0.620937
