0.379383 0.275749 0.344868
0.275864 0.103443 0.620693
0.310343 0.310342 0.379314
0.310341 0.379313 0.310346
0.482756 0.13793 0.379314
0.133333 0.866667 0
0.39286 0.60714 0
0.519997 0.480003 0
0.000103231 0.41375 0.586147
9.71783e-05 0.16665 0.833252
0.0689657 0.620688 0.310346
0.730766 0.269234 0
0.344825 0.0689605 0.586214
0.966666 0.0333342 0
0.0333314 0.966669 0
0.413791 0.137931 0.448278
0.214284 0.142855 0.64286
0.392856 0.357144 0.25
0.0689596 0.379353 0.551687
0.137928 0.0344823 0.827589
0.206882 0.0689609 0.724157
0.2413 0.310246 0.448454
0.586194 0.103457 0.310349
0.68965 0.0344902 0.27586
0.444445 0.148149 0.407406
0.107143 0.892857 0
0.000100967 0.639941 0.359958
0.379286 0.00010323 0.620611
0.102277 0.647723 0.25
0.357145 0.642855 0
0.321426 0.214289 0.464284
0.0356465 0.712779 0.251574
0.892852 0.107148 0
0.655106 0.000102956 0.344791
0.187174 0.299466 0.513361
0.250002 0.499998 0.25
0.8 0.2 0
0.0343389 0.107291 0.85837
0.629631 0.370369 0
0.31193 0.108782 0.579288
0.517188 0.000103422 0.482709
0.502392 0.0669893 0.430619
0.9999 9.99303e-05 0
0.000103265 0.517187 0.482709
0.749898 0.000101899 0.25
0.124014 0.175197 0.700789
0.333332 0.33333 0.333338
9.9936e-05 0.9999 0
0.241379 0.379306 0.379315
0.148148 0.444446 0.407406
0.482764 0.517236 0
0.0666661 0.933334 0
0.760003 0.239997 0
0.613636 0.136364 0.25
0.233321 0.766679 0
0.000103208 0.586141 0.413756
0.137934 0.586205 0.275861
9.9919e-05 6.96574e-05 0.99983
0.000103185 0.346139 0.653758
0.241354 0.000103404 0.758543
0.137927 0.275901 0.586172
0.49999 0.250005 0.250005
0.551728 0.448272 0
0.866663 0.133337 0
0.344942 0.137908 0.51715
0.448268 0.2069 0.344832
0.000102188 0.749898 0.25
0.827586 0.172414 0
0.689655 0.310345 0
0.172412 0.827588 0
0.51724 0.172414 0.310346
0.42307 0.57693 0
0.0681131 0.250772 0.681115
0.0999958 9.99325e-05 0.899904
0.000103398 0.275786 0.72411
0.000102433 0.214267 0.785631
0.300003 0.699997 0
0.137919 0.482766 0.379315
0.409935 0.0683236 0.521741
0.933345 0.0666552 0
0.275887 0.0344799 0.689633
0.241386 0.206901 0.551713
8.5106e-05 0.0666942 0.933221
0.103448 0.137926 0.758626
0.401216 0.234047 0.364737
0.000100427 0.464241 0.535658
0.172414 0.51724 0.310346
0.607086 0.000101153 0.392813
0.285716 0.428573 0.285712
0.172416 0.344827 0.482757
0.285716 0.285715 0.428569
0.100249 0.431906 0.467845
0.448287 0.275853 0.27586
0.448229 0.000102512 0.551668
0.600001 0.399999 0
0.206884 0.448284 0.344832
0.172404 0.206903 0.620693
0.0679505 0.543693 0.388357
0.0689475 0.310346 0.620707
0.266667 0.733333 0
