0.482619 0.137759 0.379622
0.206895 0.413796 0.37931
0.275918 0.44824 0.275842
0.199998 0.800002 0
0.799999 0.200001 0
0.172356 0.275819 0.551825
0.0666702 0.0666703 0.866659
0.866668 0.133332 0
0.133356 0.866644 0
0.6 0.4 0
0.730767 0.269233 0
0.26923 0.73077 0
0.966668 0.0333322 0
0.100298 0.431671 0.468031
0.379961 0.0344479 0.585591
0.733271 9.98117e-05 0.266629
0.434182 0.315818 0.25
0.172505 0.137981 0.689514
0.448289 0.551711 0
0.249971 0.500028 0.25
0.103451 0.310259 0.58629
0.260879 0.105589 0.633532
0.000101498 0.137934 0.861964
9.74764e-05 0.749902 0.25
0.892862 0.107138 0
0.107135 0.892865 0
0.206892 0.0689658 0.724142
0.615325 0.000102545 0.384573
0.633335 0.366665 0
0.357101 9.43286e-05 0.642805
0.142085 0.0343262 0.823589
0.103487 0.585978 0.310535
0.827586 0.172414 0
0.370397 0.629603 0
0.551714 0.103467 0.344818
0.239991 0.23999 0.52002
0.0345223 0.689637 0.27584
0.409084 0.147734 0.443182
0.544506 0.20419 0.251303
0.482715 0.000103425 0.517181
0.000103402 0.517177 0.48272
0.759993 0.240007 0
0.148123 0.444392 0.407486
9.98388e-05 9.79635e-05 0.999802
0.400002 0.599998 0
8.50919e-05 0.6551 0.344815
0.9999 9.99819e-05 0
0.333333 0.333331 0.333336
0.000102953 0.346139 0.653758
0.517241 0.482759 0
9.99129e-05 0.9999 0
0.239983 0.760017 0
0.0742901 0.185141 0.740569
0.413788 0.275858 0.310354
0.714296 0.0357037 0.25
0.299937 8.82551e-05 0.699975
0.0333341 0.966666 0
7.97186e-05 0.607099 0.392822
0.0337266 0.426625 0.539648
0.172415 0.827585 0
0.379237 0.137926 0.482837
0.310339 0.689661 0
9.60813e-05 0.241293 0.758611
0.655163 0.0344816 0.310355
0.689662 0.310338 0
0.172432 0.482793 0.344775
0.100031 9.62698e-05 0.899873
0.275867 0.172422 0.551712
0.295781 0.407772 0.296447
0.448513 0.0686505 0.482837
0.136402 0.613598 0.25
0.448302 0.206926 0.344772
0.613622 0.136378 0.25
0.137937 0.241366 0.620696
0.933333 0.0666668 0
0.0666668 0.933333 0
0.0671241 0.502295 0.430581
0.103233 0.172153 0.724614
0.20689 9.1076e-05 0.793019
0.357139 0.392861 0.25
0.517181 0.0344272 0.448392
0.0333245 0.166696 0.79998
0.275852 0.379329 0.344818
4.81997e-05 0.0666503 0.933301
0.214287 0.321423 0.46429
0.137926 0.344855 0.517218
0.0344392 0.276047 0.689514
0.57143 0.42857 0
0.517264 0.172412 0.310323
0.344768 0.27592 0.379311
0.206873 0.20687 0.586257
0.48 0.52 0
0.359557 0.101129 0.539315
0.321408 0.214278 0.464315
0.103447 0.103447 0.793107
0.249421 0.358641 0.391938
0.482761 0.241397 0.275842
0.172378 0.551782 0.27584
9.93095e-05 0.392833 0.607068
0.467818 0.100335 0.431847
