0.241388 0.448258 0.310353
0.310326 0.241344 0.44833
0.13334 0.100005 0.766655
0.866667 0.133333 0
0.133365 0.866635 0
0.482744 0.137943 0.379313
0.607138 0.392862 0
0.480027 0.519973 0
0.413756 8.88027e-05 0.586155
0.137536 0.414106 0.448358
0.269238 0.730762 0
0.586134 7.94328e-05 0.413787
0.0333239 0.966676 0
0.966671 0.0333292 0
0.0688319 0.344937 0.586231
0.310309 0.137914 0.551778
0.310344 0.310344 0.379313
0.733335 0.266665 0
0.379349 0.0689568 0.551695
0.933339 0.0666609 0
0.214283 0.0341613 0.751555
0.066984 0.502404 0.430612
0.586206 0.137936 0.275858
0.103423 0.0689471 0.82763
9.87414e-05 0.379289 0.620612
0.000101735 0.749897 0.250001
0.642857 0.357143 0
0.239997 0.760003 0
0.299415 0.187308 0.513277
0.517228 0.172413 0.310359
0.148054 0.000101807 0.851844
9.99462e-05 0.9999 0
0.109878 0.311548 0.578574
0.0344593 0.275982 0.689559
0.517187 0.000101759 0.482711
0.0666779 9.87983e-05 0.933223
0.148142 0.444455 0.407403
0.620739 0.068899 0.310362
0.172413 0.827587 0
0.892856 0.107144 0
0.63994 0.000100443 0.35996
0.999901 9.86874e-05 0
0.370384 0.629616 0
8.42899e-05 9.63508e-05 0.999819
0.333332 0.333332 0.333336
0.000103406 0.51718 0.482716
0.517207 0.482793 0
0.000103104 0.103405 0.896492
0.448283 0.551717 0
0.17524 0.123803 0.700957
0.346083 0.000101427 0.653815
0.444419 0.148143 0.407438
0.275838 0.000101744 0.72406
0.766678 0.233322 0
0.275827 0.10343 0.620743
0.103462 0.58614 0.310398
0.214254 0.321405 0.464341
0.10714 0.89286 0
0.0345133 0.68963 0.275856
0.712791 0.0356404 0.251568
0.392854 0.357145 0.250001
7.79577e-05 0.333362 0.66656
0.303836 0.417711 0.278454
0.499998 0.250001 0.250001
9.78426e-05 0.607025 0.392877
0.000103371 0.241358 0.758538
0.249998 0.500001 0.250001
0.0689451 0.137891 0.793164
0.749915 8.44153e-05 0.250001
0.310339 0.689661 0
0.827583 0.172417 0
0.576939 0.423061 0
0.13794 0.517184 0.344876
0.379318 0.241367 0.379315
0.172424 0.551718 0.275858
0.068317 0.409945 0.521738
0.136357 0.613642 0.250001
0.44831 0.206843 0.344847
0.200004 0.799996 0
0.214273 0.428549 0.357178
0.0666641 0.933336 0
0.206906 0.241399 0.551695
0.647726 0.102273 0.250001
0.344829 0.172416 0.482756
0.241384 0.172414 0.586201
0.285715 0.285715 0.42857
9.07993e-05 0.166649 0.833261
0.413793 0.275854 0.310353
0.431995 0.100228 0.467777
0.103402 0.17234 0.724258
0.142856 0.214298 0.642846
0.241367 0.379318 0.379315
0.543744 0.0679833 0.388273
0.136896 0.349842 0.513262
0.46422 9.96332e-05 0.53568
0.400005 0.599995 0
0.000100952 0.448228 0.551671
0.241363 0.0689601 0.689677
0.699998 0.300002 0
0.000100154 0.655168 0.344732
