0.799999 0.200001 0
0.486632 0.1369 0.376467
0.448295 0.0689448 0.48276
0.52 0.48 0
0.413729 0.000103417 0.586167
0.172409 0.51724 0.310351
0.730771 0.269229 0
0.0333212 0.966679 0
0.966667 0.0333329 0
0.241376 0.344829 0.413795
0.551722 0.448278 0
0.689656 0.310344 0
0.254315 0.273391 0.472294
0.000103339 0.241343 0.758554
0.357183 0.392816 0.250001
0.379315 0.0689662 0.551719
0.586149 0.103462 0.310388
0.142857 0.607142 0.250001
0.185178 0.407394 0.407428
0.269234 0.730766 0
0.749897 0.000102188 0.250001
0.444451 0.148148 0.407401
0.214266 0.000101874 0.785632
0.344827 0.172414 0.48276
0.000103337 0.379271 0.620626
0.10714 0.89286 0
0.499999 0.25 0.250001
9.9908e-05 0.639934 0.359966
0.892858 0.107142 0
0.37036 0.62964 0
0.0689647 0.137929 0.793107
0.299455 0.187164 0.513381
0.107292 0.0343336 0.858374
0.000103367 0.586139 0.413758
0.464279 0.000100021 0.535621
0.16665 9.93578e-05 0.833251
0.10866 0.311828 0.579512
0.206915 0.17241 0.620675
9.96338e-05 0.9999 0
0.0689651 0.620686 0.310349
0.482761 0.517239 0
0.9999 9.99089e-05 0
0.655105 0.00010326 0.344791
0.175194 0.124033 0.700774
0.400001 0.599999 0
0.517186 0.000103427 0.48271
0.233334 0.766666 0
0.333333 0.333333 0.333333
0.428582 0.28571 0.285709
0.000103351 0.517186 0.482711
0.172414 0.275861 0.551725
0.760014 0.239986 0
0.62963 0.37037 0
0.241381 0.482758 0.275861
0.133334 0.866666 0
0.0356397 0.712787 0.251573
0.866667 0.133333 0
0.206898 0.448276 0.344827
0.689654 0.034485 0.275861
8.04104e-05 9.6756e-05 0.999823
0.310345 0.413795 0.275861
0.103454 0.551688 0.344858
0.346152 0.000102797 0.653745
0.000103367 0.137931 0.861966
0.142851 0.214275 0.642874
0.000101483 0.749898 0.250001
0.310341 0.689659 0
0.60709 0.000101116 0.392809
0.275863 0.137931 0.586206
0.827582 0.172418 0
0.214301 0.535699 0.250001
0.172416 0.827584 0
0.51724 0.172411 0.310349
0.250661 0.0681251 0.681214
0.413771 0.206938 0.37929
0.613635 0.136364 0.250001
0.310354 0.310354 0.379292
0.42857 0.57143 0
0.0666537 6.08627e-05 0.933285
0.933332 0.066668 0
0.0666784 0.933322 0
0.03448 0.275871 0.689649
0.214279 0.249986 0.535735
0.0689275 0.344811 0.586262
0.0669702 0.502413 0.430616
0.34483 0.241374 0.413796
0.502397 0.0669858 0.430617
0.275861 0.379299 0.34484
0.137926 0.103445 0.758629
0.137857 0.34518 0.516963
0.0333332 0.0666644 0.900002
0.275819 0.000101615 0.724079
0.0666664 0.433331 0.500003
0.396665 0.134556 0.468779
0.379303 0.275857 0.34484
0.000103373 0.448254 0.551643
0.599994 0.400006 0
0.068958 0.206881 0.724161
0.137928 0.413798 0.448273
0.310333 0.0689647 0.620703
