0.599997 0.400003 0
0.2 0.8 0
0.0666585 0.0666584 0.866683
0.13736 0.4849 0.37774
0.133339 0.866661 0
0.866665 0.133335 0
0.103437 0.448281 0.448281
0.344827 0.206892 0.448281
0.27586 0.379315 0.344825
0.480009 0.519991 0
0.517257 0.172391 0.310352
9.98934e-05 0.166656 0.833244
0.269229 0.730771 0
0.586154 9.24477e-05 0.413754
0.344837 0.0689399 0.586223
0.0333302 0.96667 0
0.966668 0.0333318 0
0.0689651 0.310347 0.620688
0.00010329 0.655104 0.344793
0.27584 0.172396 0.551764
0.134309 0.396777 0.468914
0.273947 0.25412 0.471934
0.0681018 0.250883 0.681015
0.448277 0.551723 0
0.392855 0.357144 0.25
0.137914 0.000103419 0.861982
0.103575 0.585699 0.310726
0.107142 0.892858 0
0.148153 0.444453 0.407394
0.000102357 0.214284 0.785614
0.551728 0.103448 0.344825
0.892862 0.107138 0
0.407399 0.185186 0.407415
0.639937 0.000100886 0.359962
0.4 0.6 0
0.187175 0.299469 0.513356
0.172186 0.344979 0.482835
0.0343344 0.107295 0.85837
0.206914 0.413786 0.379299
0.629629 0.370371 0
0.370372 0.629628 0
0.311419 0.108729 0.579852
0.310344 0.689656 0
9.3494e-05 9.61843e-05 0.99981
0.482763 0.241377 0.27586
0.9999 9.97482e-05 0
0.000103184 0.346118 0.653778
9.98827e-05 0.9999 0
0.517189 0.000103401 0.482708
0.333332 0.333331 0.333337
0.000103428 0.41375 0.586146
0.00010179 0.749898 0.25
0.344828 0.275873 0.379299
0.766666 0.233334 0
0.000103371 0.517189 0.482708
0.730769 0.269231 0
0.136368 0.613632 0.25
0.379273 0.000102346 0.620625
0.517241 0.482759 0
0.124174 0.175165 0.700661
0.249998 0.500001 0.25
0.239997 0.760003 0
0.0344855 0.689655 0.27586
9.72769e-05 0.0666589 0.933244
0.0689629 0.379333 0.551704
0.275869 0.0344802 0.68965
0.712792 0.0356376 0.251571
0.0666539 9.26586e-05 0.933253
0.241361 0.000103358 0.758535
0.214266 0.142841 0.642893
0.137864 0.276214 0.585922
0.689655 0.310345 0
0.172416 0.827584 0
0.749899 0.000100977 0.25
0.827586 0.172414 0
0.0666674 0.933333 0
0.000101174 0.607079 0.39282
0.137918 0.0689577 0.793124
0.57143 0.42857 0
0.93333 0.0666697 0
0.535714 0.214286 0.25
0.249996 0.214283 0.535721
0.00010001 0.464245 0.535655
0.433322 0.0666665 0.500011
0.241379 0.344831 0.41379
0.172414 0.517234 0.310352
0.0669615 0.502418 0.430621
0.103447 0.137928 0.758624
0.344934 0.137907 0.517159
0.448282 0.206893 0.344825
0.60715 0.14285 0.25
0.620704 0.0689342 0.310361
0.285716 0.428574 0.28571
0.000103146 0.275824 0.724073
0.448233 0.000103392 0.551664
0.172403 0.206883 0.620714
0.172412 0.103445 0.724143
0.413795 0.137924 0.448281
0.502428 0.0669916 0.43058
0.413796 0.275859 0.310345
