0.137183 0.517656 0.345161
0.79999 0.20001 0
0.482738 0.137921 0.379341
0.344832 0.241377 0.413791
0.20689 0.20689 0.586221
0.13794 0.413786 0.448273
0.866664 0.133336 0
0.199986 0.800014 0
0.103443 0.48279 0.413767
0.448307 0.20688 0.344813
0.519983 0.480017 0
0.0677585 0.661208 0.271034
0.73077 0.26923 0
6.54069e-05 0.166651 0.833284
0.966674 0.033326 0
0.0333314 0.966669 0
0.266661 0.733339 0
0.413796 0.137931 0.448273
0.313255 0.216866 0.469879
0.392859 0.35714 0.25
0.214281 0.14285 0.642869
0.103463 0.586192 0.310346
0.517188 0.000102117 0.48271
0.0333187 0.0333177 0.933364
0.185155 9.93472e-05 0.814746
0.349181 0.0688586 0.581961
0.214099 0.357413 0.428488
0.000102078 0.214271 0.785627
0.300003 0.699997 0
0.000101522 0.65378 0.346118
0.31034 0.379299 0.310362
0.749898 0.00010161 0.25
0.133334 0.0333306 0.833335
0.067965 0.543637 0.388398
0.107137 0.892863 0
0.333332 0.333332 0.333335
0.148156 0.444431 0.407412
0.892855 0.107145 0
0.629616 0.370384 0
0.401221 0.234029 0.364751
0.0714278 0.0714278 0.857144
0.000100924 0.517196 0.482703
0.249996 0.500003 0.25
0.551733 0.448267 0
9.97004e-05 0.9999 0
0.584804 0.103795 0.311401
9.83708e-05 9.55774e-05 0.999806
0.999901 9.92603e-05 0
0.31998 0.000101986 0.679918
0.240002 0.240002 0.519996
0.275865 0.10345 0.620685
0.482759 0.517241 0
0.500017 0.249982 0.25
0.103591 0.309411 0.586998
0.233349 9.99319e-05 0.766551
0.233306 0.766694 0
0.000101153 0.749899 0.25
0.124736 0.168427 0.706837
0.760002 0.239998 0
0.35716 0.64284 0
0.172418 0.551722 0.27586
0.0356318 0.712794 0.251574
0.066668 0.933332 0
0.933321 0.066679 0
0.607006 9.82769e-05 0.392896
0.137905 0.241408 0.620687
0.0337414 0.42638 0.539879
0.423071 0.576929 0
0.827564 0.172436 0
0.689657 0.310343 0
0.000101027 0.392833 0.607066
9.95752e-05 0.099989 0.899911
0.502365 0.0669789 0.430656
0.689662 0.0344973 0.275841
0.206889 0.0689625 0.724148
0.42961 0.033525 0.536865
0.613621 0.136379 0.25
0.0689646 0.241406 0.689629
0.444442 0.148146 0.407412
0.099979 8.17824e-05 0.899939
0.000102762 0.275813 0.724084
0.103444 0.137928 0.758628
0.285712 0.428555 0.285733
0.000103109 0.346153 0.653744
0.275854 0.172409 0.551738
0.136373 0.613627 0.25
0.517242 0.172413 0.310346
0.100732 0.395669 0.503599
0.275763 0.344896 0.379341
0.392915 0.607085 0
0.379265 9.84594e-05 0.620636
0.206907 0.448279 0.344813
0.166666 0.833334 0
0.275863 0.275863 0.448273
0.448325 0.275854 0.275821
0.172394 0.275868 0.551738
0.000103181 0.586143 0.413754
0.395631 0.100737 0.503632
0.599986 0.400014 0
0.655104 0.000103036 0.344793
