0.241375 0.310347 0.448277
0.275877 0.103432 0.620691
0.800001 0.199999 0
0.310345 0.310345 0.37931
0.482762 0.137924 0.379314
0.86666 0.13334 0
0.133338 0.866662 0
0.137929 0.482761 0.37931
0.392867 0.607133 0
0.448276 0.206889 0.344835
0.0689458 0.620704 0.31035
0.730765 0.269235 0
0.344802 0.0689395 0.586258
0.519997 0.480003 0
0.000103368 0.586147 0.41375
0.413799 0.137933 0.448269
0.0333327 0.966667 0
0.966666 0.0333335 0
0.0689591 0.379325 0.551716
0.107144 0.892856 0
0.321433 0.214288 0.464279
0.933334 0.0666664 0
0.586196 0.103454 0.31035
0.379271 0.000103433 0.620625
0.5 0.25 0.25
0.613636 0.136364 0.25
0.892856 0.107144 0
0.187173 0.299463 0.513364
0.0343354 0.107307 0.858357
0.310345 0.379313 0.310342
0.311927 0.108781 0.579292
0.749898 0.000102194 0.25
0.9999 9.99234e-05 0
0.000103426 0.517188 0.482709
9.99533e-05 0.9999 0
0.517188 0.000103434 0.482709
0.357144 0.642856 0
0.138019 0.0344781 0.827503
0.423067 0.576933 0
0.241354 0.00010339 0.758542
0.148147 0.444445 0.407409
0.333334 0.333333 0.333333
0.444443 0.148148 0.407409
9.79989e-05 7.17977e-05 0.99983
0.482762 0.517238 0
0.0356396 0.712786 0.251574
0.607084 0.000101151 0.392815
0.123865 0.175228 0.700907
0.285715 0.285714 0.428571
0.233327 0.766673 0
0.76 0.24 0
0.24138 0.37931 0.37931
0.137939 0.586194 0.275867
0.551726 0.448274 0
0.000102475 0.214262 0.785635
0.10227 0.64773 0.25
0.689653 0.0344942 0.275853
0.000103204 0.346121 0.653776
0.000102849 0.41375 0.586147
0.25 0.5 0.25
0.379324 0.275841 0.344836
0.214279 0.142853 0.642868
0.629629 0.370371 0
0.000100771 0.639935 0.359964
0.000102237 0.749898 0.25
0.392849 0.357151 0.25
0.827585 0.172415 0
0.689658 0.310342 0
0.275867 0.0344775 0.689655
0.17241 0.82759 0
0.0681035 0.250842 0.681054
0.0999906 9.99473e-05 0.899909
0.3 0.7 0
0.409956 0.0683214 0.521723
0.0679583 0.54369 0.388352
0.517237 0.172413 0.31035
0.401213 0.234049 0.364738
0.0666667 0.933333 0
9.99269e-05 0.166653 0.833247
0.241383 0.206898 0.551719
0.172413 0.344826 0.482761
0.103445 0.137929 0.758625
0.448233 0.000103434 0.551663
9.99553e-05 0.0666631 0.933237
0.000100347 0.464248 0.535652
0.137931 0.275862 0.586207
0.172414 0.517236 0.31035
0.285712 0.428579 0.285709
0.502386 0.0669847 0.43063
0.206814 0.0689378 0.724248
0.100262 0.431858 0.46788
0.6 0.4 0
0.0001034 0.275829 0.724068
0.448278 0.275855 0.275867
0.206879 0.448282 0.344839
0.346429 0.137597 0.515975
0.172414 0.206895 0.620691
0.655105 0.000103395 0.344792
0.0689663 0.310343 0.620691
0.266669 0.733331 0
