0.333544 0.666456 0
0.666516 8.86006e-05 0.333396
0.103134 0.517553 0.379312
0.200004 0.799996 0
0.799998 0.200002 0
0.138394 0.861606 0
0.861802 0.138198 0
0.599996 0.400004 0
0.137874 0.344938 0.517188
0.480043 0.519957 0
0.275764 0.344887 0.379349
9.94367e-05 0.166649 0.833251
0.730704 0.269296 0
0.448338 0.0689364 0.482726
0.269169 0.730831 0
0.137936 0.206894 0.65517
0.966665 0.0333353 0
0.0333271 0.966673 0
0.000103397 0.655134 0.344762
0.448352 0.551648 0
0.310324 0.000103316 0.689573
0.103396 0.000103154 0.896501
0.103485 0.310166 0.586349
0.000102303 0.214281 0.785617
0.428567 0.142855 0.428578
0.551459 8.80279e-05 0.448453
0.428677 0.321323 0.25
0.633338 0.366662 0
0.214277 0.321439 0.464284
0.24 0.24 0.519999
0.107142 0.892858 0
0.0666711 0.933329 0
0.344822 0.0689717 0.586206
0.0343354 0.107284 0.85838
0.370456 0.629544 0
0.571764 0.428236 0
0.5862 0.10345 0.31035
9.99111e-05 0.9999 0
0.9999 9.98573e-05 0
0.000103419 0.517187 0.482709
0.61535 0.000100996 0.384549
0.333334 0.333334 0.333332
0.103447 0.586206 0.310347
0.000103178 0.346121 0.653776
0.482709 0.000103282 0.517187
9.84646e-05 9.90538e-05 0.999802
0.203165 0.451792 0.345043
0.29364 0.409078 0.297282
0.759883 0.240117 0
0.000102224 0.749898 0.25
0.239999 0.760001 0
0.233308 9.99899e-05 0.766592
0.714284 0.0357163 0.25
0.124756 0.168315 0.706929
0.544557 0.204448 0.250995
0.249922 0.500078 0.25
0.733267 9.96754e-05 0.266633
0.137932 0.0689662 0.793102
0.0345067 0.689996 0.275497
0.214286 0.142854 0.64286
7.29523e-05 0.607099 0.392828
0.827353 0.172647 0
0.172784 0.827216 0
0.310236 0.689764 0
7.93112e-05 0.0666289 0.933292
0.166701 0.100021 0.733278
0.0671459 0.395892 0.536962
0.613637 0.136363 0.25
0.392858 0.24998 0.357161
0.689823 0.310177 0
0.400101 0.599899 0
0.148054 0.444511 0.407435
0.310682 0.20532 0.483998
0.0689638 0.24139 0.689646
0.517221 0.0688705 0.413908
0.103393 0.413825 0.482782
0.136363 0.613637 0.25
0.481793 0.241363 0.276844
0.933328 0.0666716 0
0.48277 0.172406 0.344824
0.413778 0.0344696 0.551753
0.275865 0.172412 0.551723
0.172211 0.517039 0.310749
0.172414 0.24138 0.586206
9.96333e-05 0.433282 0.566619
0.892978 0.107022 0
0.0667118 0.502449 0.430839
0.241323 0.0689289 0.689748
0.103445 0.13793 0.758625
0.171962 0.378057 0.449982
0.166654 6.67431e-05 0.833279
0.357145 0.392855 0.25
0.309972 0.275525 0.414504
0.379373 0.10344 0.517187
0.25001 0.392833 0.357157
0.655186 0.0689523 0.275861
0.379273 0.000103425 0.620623
0.517235 0.482765 0
0.000102204 0.275827 0.724071
0.275863 0.103442 0.620694
