0.20689 0.137918 0.655193
0.200004 0.799996 0
0.0666657 0.0666659 0.866668
0.379308 0.31035 0.310342
0.137919 0.482776 0.379305
0.169397 0.288528 0.542075
0.133332 0.866668 0
0.86666 0.13334 0
0.103449 0.448272 0.448279
0.482773 0.137923 0.379305
0.607141 0.392859 0
0.20688 0.448288 0.344832
0.480005 0.519995 0
0.166646 9.07443e-05 0.833263
0.620693 0.0689603 0.310347
0.0689588 0.344829 0.586213
0.269241 0.730759 0
0.586128 0.000103391 0.413768
0.0333293 0.966671 0
0.966669 0.0333306 0
0.142846 0.214269 0.642885
0.0344786 0.27591 0.689612
0.214279 0.321418 0.464304
0.827587 0.172413 0
0.148139 0.44446 0.407401
0.766675 0.233325 0
0.892865 0.107135 0
0.639936 0.000100931 0.359963
0.642849 0.357151 0
0.107293 0.0343461 0.858361
0.370383 0.629617 0
0.000103421 0.241355 0.758542
0.394467 0.0672917 0.538241
0.108646 0.311983 0.579371
0.0344802 0.689674 0.275845
0.107145 0.892855 0
0.000103385 0.517185 0.482711
0.103545 0.585821 0.310634
0.749897 0.000102154 0.25
0.214252 0.000102207 0.785645
0.346113 0.00010322 0.653784
0.299439 0.187252 0.51331
0.517185 0.000103405 0.482711
0.9999 9.9619e-05 0
9.99663e-05 0.9999 0
0.433297 0.100007 0.466696
0.333335 0.333334 0.333332
3.25645e-05 9.88917e-05 0.999869
0.00010335 0.137903 0.861994
0.712779 0.0356517 0.251569
0.175252 0.123745 0.701003
0.357146 0.392854 0.25
0.241382 0.172415 0.586203
0.500024 0.249975 0.25
0.310348 0.310347 0.379305
0.249998 0.500002 0.25
0.448257 0.551743 0
9.92407e-05 0.60708 0.39282
0.172421 0.827579 0
0.310388 0.103438 0.586174
0.310342 0.689658 0
0.000102791 0.655098 0.344799
0.576924 0.423076 0
0.249946 0.0681916 0.681862
0.379316 0.24138 0.379305
0.00010339 0.448243 0.551653
0.0689653 0.137932 0.793102
0.7 0.3 0
0.172417 0.517233 0.31035
0.068315 0.409938 0.521747
0.543696 0.067958 0.388346
0.13636 0.613639 0.25
0.517238 0.172415 0.310347
0.310345 0.241376 0.448279
0.234052 0.401232 0.364716
0.000102186 0.749897 0.25
0.137931 0.103446 0.758623
0.24 0.76 0
0.0666377 9.93525e-05 0.933263
0.586224 0.137926 0.27585
0.275811 0.000103176 0.724086
0.0666699 0.93333 0
0.444463 0.148153 0.407384
0.0689607 0.206902 0.724137
0.647715 0.102285 0.25
0.000103017 0.379255 0.620642
0.433284 9.85868e-05 0.566617
0.428585 0.285707 0.285708
0.344805 0.172419 0.482776
0.0669762 0.502398 0.430626
0.933331 0.066669 0
8.717e-05 0.0666267 0.933286
0.51724 0.48276 0
0.27587 0.448281 0.27585
0.206949 0.241397 0.551653
0.137921 0.379299 0.48278
0.2857 0.285701 0.428599
0.4 0.6 0
0.448348 0.206809 0.344842
0.733333 0.266667 0
