0.379419 0.310322 0.310259
0.133333 0.866667 0
0.517255 0.103428 0.379317
0.344524 0.137809 0.517667
0.799999 0.200001 0
0.0666815 0.0666816 0.866637
0.310355 0.379306 0.310339
0.233353 0.0666138 0.700033
0.866674 0.133326 0
0.200007 0.799993 0
0.448291 0.206886 0.344823
0.519997 0.480003 0
6.32665e-05 0.16665 0.833287
0.730768 0.269232 0
0.344837 0.275813 0.37935
0.966665 0.0333354 0
0.0333298 0.96667 0
0.392865 0.357134 0.250002
9.84892e-05 0.214282 0.785619
0.103448 0.310274 0.586278
0.000100592 0.392848 0.607051
0.000101913 0.749896 0.250002
0.000103079 0.653778 0.346119
0.137932 9.98527e-05 0.861968
0.107128 0.892872 0
0.21428 0.107138 0.678582
0.370324 9.94572e-05 0.629576
0.517143 0.172368 0.310489
0.357143 0.642857 0
0.219934 0.271325 0.508742
0.892862 0.107138 0
9.85041e-05 0.346122 0.653779
0.551737 0.448263 0
0.629625 0.370375 0
0.296304 0.14815 0.555546
0.000103393 0.517188 0.482708
0.035654 0.712778 0.251568
0.123875 0.175226 0.700899
9.93474e-05 0.999901 0
0.000102005 0.586149 0.413749
0.333333 0.333333 0.333334
0.395674 0.100729 0.503597
0.5 0.249998 0.250002
0.142846 0.571396 0.285758
0.153721 0.423134 0.423145
9.5782e-05 9.86424e-05 0.999806
0.9999 9.98897e-05 0
0.0343383 0.107272 0.85839
0.3 0.7 0
0.241354 9.91666e-05 0.758547
0.172381 0.310206 0.517413
0.482758 0.517242 0
0.444492 0.148135 0.407373
0.6897 0.0344874 0.275813
0.760005 0.239995 0
0.249995 0.500003 0.250002
0.275842 0.103448 0.62071
0.321419 0.214278 0.464304
0.607076 0.000101042 0.392823
0.585838 0.103537 0.310625
0.827582 0.172418 0
0.749897 0.000101123 0.250002
0.249993 0.357141 0.392865
0.689656 0.310344 0
0.425549 0.0337894 0.540661
0.0683465 0.248333 0.68332
0.0333244 0.433252 0.533424
0.241379 0.172412 0.586209
0.0679615 0.543676 0.388362
0.423078 0.576922 0
0.166648 0.833352 0
0.206643 0.517831 0.275526
0.137861 0.0689299 0.793209
0.613632 0.136366 0.250002
0.401244 0.234069 0.364687
0.448292 0.275852 0.275855
0.413806 0.13791 0.448284
7.84905e-05 0.0666582 0.933263
0.137934 0.379319 0.482748
0.172413 0.206892 0.620696
0.933329 0.0666713 0
0.0666655 0.933334 0
0.517192 9.77281e-05 0.48271
0.172423 0.482744 0.344833
0.102294 0.647704 0.250002
0.285708 0.428586 0.285707
0.310349 0.0344768 0.655174
0.23334 0.76666 0
0.50239 0.0669779 0.430632
0.275875 0.275877 0.448248
0.103329 0.448906 0.447764
0.066645 9.10162e-05 0.933264
0.103401 0.137882 0.758717
8.95275e-05 0.275758 0.724152
0.600001 0.399999 0
0.655117 0.000103041 0.34478
0.344834 0.0689542 0.586212
0.0689741 0.620665 0.310361
0.392858 0.607142 0
0.266666 0.733334 0
