0.360033 0.639967 0
0.866664 0.133336 0
0.0332815 4.40324e-05 0.966674
0.137926 0.48277 0.379305
0.482765 0.241374 0.275861
0.206896 0.482757 0.310347
0.310342 0.379311 0.310347
0.300001 0.699999 0
0.310347 0.241357 0.448296
0.800002 0.199998 0
0.607132 0.392868 0
0.433334 0.566666 0
0.137922 0.37931 0.482768
0.233333 0.766667 0
0.966676 0.0333244 0
0.0333303 0.96667 0
0.306818 0.443182 0.25
0.733333 0.266667 0
0.0689537 0.655184 0.275862
0.392823 0.250012 0.357165
0.103473 0.5861 0.310426
0.39286 0.35714 0.25
0.105595 0.260871 0.633534
0.137946 0.00010336 0.86195
0.428568 0.142867 0.428565
0.14773 0.409089 0.443182
0.333349 0.666651 0
0.39286 0.60714 0
0.653775 0.000103214 0.346121
4.37901e-05 8.7164e-05 0.999869
0.000100714 0.629563 0.370336
0.035711 0.714289 0.25
0.0343002 0.142622 0.823078
0.586192 0.103454 0.310353
0.239999 0.24 0.520001
0.034445 0.27591 0.689645
0.000103398 0.482708 0.517188
0.656257 0.0687474 0.274995
0.0343806 0.381144 0.584476
0.517188 0.000103394 0.482709
9.9848e-05 0.9999 0
0.461532 0.538468 0
0.642842 0.357158 0
9.99877e-05 0.299962 0.699938
0.9999 9.98459e-05 0
0.538055 0.0672555 0.394689
0.26923 0.73077 0
0.517239 0.482761 0
0.185131 0.0743423 0.740527
0.178569 0.464292 0.357139
0.333333 0.333333 0.333334
0.299508 0.105072 0.59542
0.214278 0.535722 0.25
9.9948e-05 0.10001 0.89989
0.576922 0.423078 0
0.712778 0.0356533 0.251569
0.000101421 0.357107 0.642791
0.13793 0.172423 0.689647
0.142863 0.857137 0
0.0688995 0.551782 0.379319
0.892856 0.107144 0
0.545468 0.204532 0.25
0.0666791 0.933321 0
0.346134 0.000103225 0.653763
9.97834e-05 0.733266 0.266634
0.833331 0.166669 0
0.214286 0.321433 0.464281
0.24128 0.103405 0.655315
0.700002 0.299998 0
0.241357 0.000103417 0.758539
0.285712 0.428573 0.285716
0.749898 0.000101744 0.25
0.0335535 0.536905 0.429541
0.344821 0.172411 0.482768
0.487935 0.174263 0.337803
0.586149 0.00010288 0.413748
0.933342 0.0666577 0
0.310341 0.310341 0.379318
0.000102116 0.206895 0.793002
0.206902 0.206902 0.586196
0.0666673 0.0333337 0.899999
0.103439 0.344851 0.55171
0.100011 0.899989 0
0.433279 9.81941e-05 0.566623
0.0666652 0.466444 0.466891
0.136351 0.613648 0.25
0.613635 0.136364 0.25
0.2 0.8 0
0.464285 0.285714 0.25
0.241379 0.379303 0.379318
0.285712 0.285712 0.428576
0.103441 0.103441 0.793118
0.0689597 0.206897 0.724144
0.275864 0.0344823 0.689654
0.275868 0.172412 0.55172
0.38898 0.0679036 0.543116
0.172403 0.275841 0.551756
0.448232 0.0689602 0.482808
0.766665 0.233335 0
0.166667 0.0333317 0.800001
