0.199999 0.800001 0
0.79998 0.20002 0
0.275871 0.448267 0.275863
0.206886 0.413799 0.379315
0.310344 0.310346 0.379311
0.137928 0.482761 0.379311
0.866665 0.133335 0
0.275852 0.172417 0.551731
0.599987 0.400013 0
0.172396 0.27587 0.551734
0.480002 0.519998 0
9.9924e-05 0.166664 0.833236
0.730767 0.269233 0
0.269229 0.730771 0
0.413791 0.275866 0.310343
0.0333301 0.96667 0
0.966667 0.0333331 0
0.379312 0.103448 0.51724
0.000103219 0.655131 0.344765
0.586188 0.103457 0.310355
0.0343379 0.107252 0.85841
0.31031 0.000103396 0.689586
0.379251 0.241521 0.379228
0.000102174 0.214274 0.785624
0.428574 0.142858 0.428568
0.172413 0.517244 0.310343
0.892866 0.107134 0
0.285712 0.285714 0.428574
0.615325 9.90987e-05 0.384576
0.124755 0.168293 0.706953
0.44827 0.55173 0
0.103451 0.586194 0.310355
0.21428 0.321419 0.464301
0.370372 0.629628 0
0.310329 0.689671 0
0.239999 0.24 0.520001
0.448272 0.0689658 0.482762
0.0338118 0.425192 0.540997
9.08605e-05 8.91959e-05 0.99982
9.98443e-05 0.9999 0
0.233332 9.97048e-05 0.766568
0.9999 9.96811e-05 0
0.333331 0.333333 0.333335
0.0344785 0.6897 0.275821
0.107141 0.892859 0
0.48271 0.000103253 0.517187
0.544502 0.204195 0.251303
0.344833 0.0689653 0.586202
0.714283 0.035716 0.250001
0.239989 0.760011 0
0.000101853 0.749897 0.250001
0.000103421 0.517187 0.482709
0.000103046 0.34613 0.653767
0.148148 0.444448 0.407404
0.51724 0.48276 0
0.759972 0.240028 0
0.249989 0.500011 0.250001
0.10345 0.310345 0.586205
0.733263 9.97596e-05 0.266637
0.21429 0.142863 0.642847
0.137908 0.241376 0.620715
0.000100768 0.60708 0.392819
0.827578 0.172422 0
0.172419 0.827581 0
0.13793 0.0689655 0.793105
0.689672 0.310328 0
0.0689581 0.241446 0.689596
0.321548 0.178516 0.499936
0.2963 0.407415 0.296284
0.519963 0.0685778 0.411459
0.571435 0.428565 0
0.655181 0.068956 0.275863
0.13637 0.613629 0.250001
0.482768 0.172413 0.344819
0.428592 0.321407 0.250001
0.0666629 0.933337 0
0.933333 0.0666671 0
9.36419e-05 0.0666526 0.933254
0.178548 0.214256 0.607196
0.137357 0.346475 0.516168
0.633338 0.366662 0
0.0666772 0.499975 0.433348
0.241336 0.0689412 0.689723
0.103448 0.137932 0.758621
0.413783 0.034483 0.551734
0.551671 7.88791e-05 0.44825
0.10342 0.000103374 0.896477
0.250001 0.392856 0.357144
0.166646 9.28544e-05 0.833261
0.357146 0.392853 0.250001
0.482757 0.24138 0.275863
0.275864 0.103441 0.620695
0.379272 0.000102631 0.620625
0.133343 0.866657 0
9.84812e-05 0.27582 0.724081
0.613637 0.136362 0.250001
9.97714e-05 0.392819 0.607081
0.344834 0.206894 0.448272
0.400001 0.599999 0
0.100454 0.430764 0.468782
