0.64 0.36 0
0.133336 0.866664 0
0.275833 0.000102648 0.724064
0.241377 0.482764 0.275859
0.482758 0.241379 0.275863
0.137931 0.206897 0.655172
0.37934 0.172355 0.448305
0.310345 0.310345 0.379311
0.699985 0.300015 0
0.200002 0.799998 0
0.392857 0.607143 0
9.99741e-05 0.166652 0.833248
0.0689633 0.65518 0.275856
0.566667 0.433333 0
0.766666 0.233334 0
0.966672 0.0333279 0
0.0333343 0.966666 0
0.448276 0.0689649 0.482759
0.26667 0.73333 0
0.103429 0.000103402 0.896468
0.105235 0.298432 0.596333
0.000103157 0.653779 0.346118
0.233313 9.99147e-05 0.766587
0.413799 0.0344749 0.551727
0.344835 0.0689644 0.586201
0.357143 0.642857 0
0.629566 0.000100996 0.370333
0.239999 0.239999 0.520001
0.000103408 0.517188 0.482709
0.310345 0.206896 0.482759
0.607142 0.392858 0
0.586207 0.103449 0.310343
0.107141 0.892859 0
9.99897e-05 0.433288 0.566612
0.9999 9.99412e-05 0
9.80416e-05 9.84523e-05 0.999804
0.103445 0.586211 0.310344
0.27586 0.103445 0.620695
0.250001 0.392854 0.357144
0.000102458 0.214274 0.785624
9.99632e-05 0.9999 0
0.206893 0.413796 0.379311
0.333333 0.333333 0.333335
0.00010342 0.275833 0.724064
0.666667 0.333333 0
0.298384 0.0334099 0.668206
0.142857 0.428571 0.428571
0.000102253 0.749898 0.25
0.482761 0.517239 0
0.124752 0.168316 0.706931
0.37931 0.344828 0.275862
0.714286 0.035714 0.25
0.933328 0.0666716 0
0.730769 0.269231 0
0.067916 0.388747 0.543337
0.357145 0.392855 0.25
0.0343352 0.1073 0.858365
0.482709 0.000103367 0.517188
0.535714 0.214286 0.25
0.613635 0.136365 0.25
0.233333 0.766667 0
0.00010323 0.346119 0.653778
0.857139 0.142861 0
0.392852 0.250004 0.357144
0.733263 9.99753e-05 0.266637
0.799999 0.200001 0
0.275862 0.172414 0.551724
0.214284 0.142856 0.642859
0.137935 0.0689673 0.793098
0.482756 0.172414 0.344829
0.166667 0.833333 0
0.423076 0.576924 0
0.538462 0.461538 0
0.3 0.7 0
0.533336 0.0333341 0.43333
0.0672677 0.538114 0.394618
0.214283 0.321424 0.464293
0.166653 9.98956e-05 0.833248
0.464282 0.285718 0.25
0.379271 0.00010343 0.620626
0.068943 0.241627 0.68943
0.174257 0.487929 0.337814
0.137928 0.344829 0.517243
0.0356327 0.712793 0.251574
7.64896e-05 0.0666553 0.933268
0.204538 0.545462 0.25
0.379313 0.103444 0.517243
0.136363 0.613637 0.25
0.285708 0.464292 0.25
0.103446 0.137928 0.758625
0.172416 0.241383 0.586201
0.285714 0.285714 0.428571
0.428569 0.142862 0.428569
0.206897 0.0689642 0.724139
0.517244 0.103445 0.379311
0.899999 0.100001 0
0.0666663 0.933334 0
0.00010341 0.586144 0.413753
0.0689638 0.448277 0.48276
0.655176 0.0689586 0.275866
