0.359998 0.640002 0
0.866664 0.133336 0
0.482759 0.241383 0.275858
0.300001 0.699999 0
0.206887 0.379312 0.413801
0.137929 0.482762 0.379309
0.607132 0.392868 0
0.655988 0.0688023 0.27521
0.233333 0.766667 0
0.966669 0.0333313 0
0.0333315 0.966668 0
0.733334 0.266666 0
0.0669865 0.430637 0.502376
0.310345 0.275861 0.413794
0.0689607 0.655181 0.275858
0.166673 0.0333345 0.799992
0.241384 0.482758 0.275858
0.392856 0.250001 0.357143
0.0344744 0.379414 0.586111
0.333333 0.333333 0.333334
0.586197 0.103451 0.310352
0.066668 0.933332 0
0.103471 0.586117 0.310412
0.392844 0.357156 0.25
0.137925 0.000103383 0.861971
0.749898 0.000101995 0.25
0.642856 0.357144 0
0.298243 0.105264 0.596493
0.172419 0.206911 0.62067
0.178555 0.46432 0.357126
0.000100885 0.629567 0.370332
0.142856 0.857144 0
0.8 0.2 0
0.428569 0.142861 0.42857
0.147733 0.409082 0.443185
0.24 0.24 0.519999
0.653775 0.000103142 0.346122
0.000103398 0.482709 0.517188
0.321427 0.428573 0.25
9.72317e-05 9.75728e-05 0.999805
0.517188 0.000103404 0.482709
0.9999 9.99259e-05 0
0.461539 0.538461 0
0.0357167 0.714283 0.25
0.487937 0.174257 0.337805
9.99883e-05 0.9999 0
0.766679 0.233321 0
0.545459 0.204541 0.25
0.517243 0.482757 0
0.333338 0.666662 0
0.214281 0.535719 0.25
0.185179 0.0741054 0.740716
9.99822e-05 0.29997 0.69993
0.259131 0.444521 0.296349
0.310352 0.379308 0.310341
0.269228 0.730772 0
0.103448 0.448266 0.448286
0.464287 0.285713 0.25
0.712789 0.0356402 0.251571
0.392859 0.607141 0
0.000102677 0.142846 0.857051
0.586146 0.000102923 0.413751
0.275862 0.172413 0.551725
0.346111 0.00010318 0.653786
0.388437 0.0679518 0.543611
0.433334 0.566666 0
9.99433e-05 0.733263 0.266637
0.200001 0.799999 0
0.241378 0.413795 0.344828
0.933332 0.0666683 0
0.0666698 0.0333353 0.899995
0.833334 0.166666 0
0.214283 0.321429 0.464288
0.206906 0.137932 0.655162
0.068929 0.517497 0.413574
0.7 0.3 0
0.241355 0.000103428 0.758541
0.576928 0.423072 0
0.321432 0.21428 0.464288
0.538116 0.0672644 0.394619
0.172441 0.275808 0.551751
0.105589 0.26088 0.633531
0.43329 9.99315e-05 0.56661
0.136362 0.613638 0.25
0.61364 0.13636 0.25
0.103423 0.103423 0.793154
0.275864 0.344826 0.379309
0.892864 0.107136 0
9.97191e-05 0.23332 0.76658
3.1104e-05 0.0666579 0.933311
0.101256 0.358762 0.539982
0.344828 0.137931 0.517241
0.275859 0.0344823 0.689659
0.000101445 0.357103 0.642796
0.100004 0.899996 0
9.95171e-05 0.566607 0.433293
0.0689624 0.241379 0.689659
0.0689651 0.172418 0.758616
0.448276 0.0689653 0.482759
0.137932 0.137932 0.724135
