0.4 0.6 0
0.800001 0.199999 0
0.133337 0.866663 0
0.866661 0.133339 0
0.344829 0.172414 0.482756
0.379311 0.275861 0.344828
0.519985 0.480015 0
0.413746 0.000102434 0.586152
0.172412 0.517248 0.31034
0.16666 9.9766e-05 0.83324
0.0689625 0.344828 0.58621
9.76653e-05 0.586145 0.413757
0.0333288 0.966671 0
0.966668 0.0333315 0
0.586205 0.103446 0.31035
0.0666668 0.933333 0
0.357157 0.392843 0.25
0.214271 0.00010246 0.785627
0.185179 0.407397 0.407424
0.444452 0.148145 0.407403
0.142848 0.607152 0.25
0.448283 0.206886 0.344832
0.107143 0.892857 0
0.370369 0.629631 0
0.749897 0.000102209 0.25
0.42857 0.57143 0
0.299461 0.187159 0.51338
0.396899 0.134057 0.469044
0.55173 0.44827 0
0.933338 0.0666622 0
0.107293 0.0343355 0.858371
0.629598 0.370402 0
0.108707 0.311522 0.579771
0.241392 0.48275 0.275857
0.517188 0.00010339 0.482709
0.6 0.4 0
9.98657e-05 0.9999 0
0.9999 9.99679e-05 0
0.346128 0.000103203 0.653769
0.333333 0.333333 0.333333
0.175175 0.124122 0.700702
0.760004 0.239996 0
0.000103328 0.379273 0.620624
0.517236 0.172414 0.31035
0.000100834 0.63995 0.359949
0.482758 0.517242 0
0.0344713 0.138207 0.827322
0.233329 0.766671 0
0.000103424 0.241361 0.758536
0.892858 0.107142 0
0.482773 0.137929 0.379297
0.689665 0.0344819 0.275853
9.97186e-05 6.6498e-05 0.999834
0.0356413 0.712788 0.251571
0.5 0.25 0.25
0.103463 0.551667 0.34487
0.254382 0.273203 0.472415
0.142848 0.214271 0.642881
0.0344822 0.27586 0.689658
0.310346 0.413797 0.275857
0.310345 0.689655 0
0.60708 0.000101077 0.392819
0.827577 0.172423 0
0.17225 0.275926 0.551824
0.689677 0.310323 0
0.000102258 0.749897 0.25
0.275819 0.000103405 0.724078
0.275865 0.310346 0.413789
0.0668747 0.431534 0.501591
0.172414 0.827586 0
0.2508 0.0681086 0.681092
9.99645e-05 0.0999886 0.899911
0.413 0.20842 0.37858
0.61363 0.136369 0.25
0.730756 0.269244 0
0.0666497 7.21126e-05 0.933278
0.137935 0.103445 0.75862
0.464242 0.000100258 0.535657
0.0669749 0.502396 0.430629
0.275875 0.137929 0.586195
0.21428 0.53572 0.25
0.428569 0.285711 0.28572
0.344829 0.241382 0.413789
0.000103276 0.448237 0.55166
0.448279 0.103446 0.448275
0.502388 0.0669833 0.430629
0.379316 0.0689685 0.551716
0.275872 0.379282 0.344846
0.137924 0.34486 0.517215
0.0689561 0.206873 0.724171
0.206897 0.344828 0.448275
0.0689123 0.620722 0.310366
0.000103435 0.517188 0.482709
0.206898 0.448274 0.344829
0.269246 0.730754 0
0.214285 0.250002 0.535714
0.206893 0.172415 0.620692
0.13793 0.413802 0.448268
0.655105 0.000103103 0.344792
0.310346 0.0689614 0.620692
