0.866666 0.133334 0
0.0333087 9.56308e-05 0.966596
0.137929 0.24138 0.620691
0.482758 0.24138 0.275862
0.103448 0.448273 0.448279
0.241229 0.413951 0.34482
0.31034 0.379318 0.310343
0.137933 0.482756 0.379311
0.800002 0.199998 0
0.607138 0.392862 0
0.433334 0.566666 0
0.233334 0.766666 0
0.0333341 0.966666 0
0.966667 0.0333334 0
0.733335 0.266665 0
0.310315 0.275848 0.413837
0.0689629 0.655175 0.275862
0.39281 0.250017 0.357172
0.0344627 0.379671 0.585867
0.0666722 0.933328 0
0.275865 0.172409 0.551726
0.586205 0.103448 0.310346
0.103441 0.586212 0.310347
0.298321 0.105249 0.59643
0.333333 0.666667 0
0.392854 0.357146 0.25
0.105589 0.26088 0.633532
0.214282 0.321441 0.464277
0.42857 0.142859 0.428571
0.653778 0.000103201 0.346119
0.892858 0.107142 0
0.259066 0.444561 0.296373
0.142859 0.857141 0
0.0342769 0.143079 0.822644
0.147727 0.409091 0.443182
0.000103424 0.482711 0.517186
0.241379 0.482759 0.275862
9.98976e-05 0.0999908 0.899909
0.13792 0.000103361 0.861977
0.0357134 0.714287 0.25
0.766669 0.233331 0
0.392858 0.607142 0
9.67763e-05 9.86978e-05 0.999805
9.99186e-05 0.9999 0
0.00010099 0.629566 0.370334
0.333333 0.333333 0.333334
0.613636 0.136364 0.25
0.517237 0.482763 0
0.517188 0.000103438 0.482709
0.344824 0.13792 0.517256
9.99826e-05 0.299969 0.699931
0.206896 0.206896 0.586207
0.185165 0.0741802 0.740655
0.448276 0.0689636 0.48276
0.26923 0.73077 0
0.712788 0.0356405 0.251572
0.642858 0.357142 0
0.545454 0.204546 0.25
0.461541 0.538459 0
0.346119 0.000103214 0.653778
0.214285 0.535715 0.25
0.300002 0.699998 0
0.487935 0.174263 0.337802
0.388358 0.0679603 0.543681
9.99826e-05 0.733261 0.266639
0.2 0.8 0
0.0666661 0.033328 0.900006
0.833333 0.166667 0
0.576924 0.423076 0
0.0689498 0.517348 0.413702
0.136361 0.613639 0.25
0.655327 0.0689347 0.275739
0.7 0.3 0
0.241354 0.000103429 0.758543
0.103448 0.344828 0.551724
0.749898 0.000102256 0.25
0.538119 0.0672642 0.394617
0.933334 0.0666661 0
0.000101489 0.357103 0.642796
0.000103399 0.206874 0.793022
0.137932 0.172415 0.689653
0.433291 9.9924e-05 0.566609
0.178506 0.464322 0.357172
0.464287 0.285713 0.25
0.321437 0.214258 0.464305
0.1 0.9 0
0.241381 0.103449 0.65517
0.275861 0.344828 0.379311
0.166672 0.0333343 0.799994
0.103448 0.103448 0.793104
0.13793 0.379311 0.482759
0.0689608 0.206887 0.724153
0.24 0.24 0.519999
0.321426 0.428574 0.25
0.9999 9.98777e-05 0
0.58614 0.000103288 0.413757
9.99746e-05 0.566608 0.433292
0.27586 0.0344821 0.689658
0.172414 0.27586 0.551726
0.06699 0.430605 0.502405
