0.310037 0.378927 0.311036
0.800004 0.199996 0
0.137927 0.413771 0.448302
0.20689 0.20689 0.586219
0.862053 0.137947 0
0.392868 0.607132 0
0.0689574 0.48274 0.448303
0.133315 0.0333275 0.833358
0.519984 0.480016 0
0.0688743 0.655605 0.275521
0.448286 0.206897 0.344817
0.73077 0.26923 0
0.033327 0.033327 0.933346
0.344814 0.275833 0.379353
9.97114e-05 0.166651 0.833249
0.96667 0.0333302 0
0.0333316 0.966668 0
0.266673 0.733327 0
0.313234 0.21687 0.469897
0.275865 0.275866 0.448269
0.551749 0.448251 0
0.392851 0.357148 0.250002
0.444422 0.148153 0.407425
0.103475 0.310145 0.58638
0.136342 0.613656 0.250002
0.000102123 0.214269 0.785629
0.233334 0.766666 0
0.148149 0.444437 0.407414
0.892857 0.107143 0
0.166701 0.0666804 0.766619
0.413786 0.13794 0.448274
0.749901 9.75456e-05 0.250002
0.349205 0.0687862 0.582009
0.613624 0.136375 0.250002
9.77048e-05 0.749901 0.250002
0.000101097 0.653784 0.346115
0.0713984 0.0713985 0.857203
0.357151 0.642849 0
0.103443 0.137928 0.75863
0.24 0.240001 0.519999
0.000102885 0.517175 0.482722
0.827576 0.172424 0
0.482845 0.137891 0.379265
0.585806 0.103548 0.310646
0.319961 9.65684e-05 0.679942
0.21428 0.142859 0.642861
0.760012 0.239988 0
0.517179 9.90454e-05 0.482722
0.137914 0.241341 0.620745
0.482766 0.517234 0
0.124753 0.168312 0.706936
9.99455e-05 9.91474e-05 0.999801
0.5 0.249998 0.250002
0.103449 0.586216 0.310335
0.689648 0.034492 0.27586
0.9999 9.954e-05 0
0.000103102 0.346115 0.653782
0.107144 0.892856 0
0.035632 0.712803 0.251565
9.89728e-05 0.999901 0
0.249999 0.499999 0.250002
0.607089 9.33485e-05 0.392817
0.100721 0.395696 0.503583
0.0337755 0.425683 0.540541
0.300018 0.699982 0
0.689661 0.310339 0
0.185158 9.70967e-05 0.814745
0.214256 0.357148 0.428595
9.97826e-05 0.100016 0.899884
0.166667 0.833333 0
0.333333 0.333334 0.333333
0.423073 0.576927 0
0.2414 0.0344759 0.724124
0.429253 0.0335759 0.537171
0.0683619 0.247999 0.683639
0.517258 0.172406 0.310336
0.172425 0.551747 0.275828
0.401213 0.234041 0.364746
0.0666636 0.933336 0
0.933329 0.0666709 0
0.0999693 6.70197e-06 0.900024
0.206901 0.44828 0.344818
0.0679528 0.543701 0.388346
0.28576 0.42856 0.28568
0.172411 0.275872 0.551718
0.275869 0.172403 0.551728
0.502332 0.0670009 0.430667
0.137932 0.482756 0.379312
0.395686 0.100713 0.503601
0.199999 0.800001 0
0.379263 0.000103316 0.620633
0.275873 0.103451 0.620676
0.629612 0.370388 0
0.448289 0.275887 0.275824
9.90591e-05 0.586104 0.413797
0.00010114 0.392797 0.607101
0.59999 0.40001 0
0.275882 0.344799 0.379319
0.000103045 0.275813 0.724084
0.655107 0.000101251 0.344792
