0.310361 0.241353 0.448286
0.2 0.8 0
0.0666626 0.0665851 0.866752
0.310346 0.310346 0.379308
0.169321 0.288859 0.54182
0.133346 0.866654 0
0.866656 0.133344 0
0.103429 0.448266 0.448305
0.607137 0.392863 0
0.480005 0.519995 0
0.413749 9.77435e-05 0.586153
0.137929 0.517242 0.344829
0.620697 0.0689462 0.310356
0.0689618 0.344832 0.586206
0.269233 0.730767 0
0.586143 0.000103208 0.413754
0.966666 0.0333342 0
0.0333305 0.96667 0
0.733336 0.266664 0
0.310333 0.0689608 0.620706
0.379364 0.0689655 0.551671
0.16665 9.35868e-05 0.833256
0.21429 0.321423 0.464287
0.142853 0.214295 0.642852
0.214257 0.000102421 0.78564
0.000103426 0.379254 0.620642
0.892862 0.107138 0
0.639935 0.000101001 0.359964
0.482803 0.13787 0.379327
0.107142 0.892858 0
0.000102204 0.65508 0.344818
0.299451 0.187158 0.513391
0.107268 0.0343374 0.858395
0.000102206 0.749898 0.25
0.136384 0.613616 0.25
0.370371 0.629629 0
0.64772 0.10228 0.25
0.108653 0.311973 0.579374
0.517186 0.000103349 0.482711
9.98381e-05 0.9999 0
0.00010333 0.517184 0.482713
0.333329 0.333329 0.333342
0.444449 0.148141 0.407411
0.392852 0.357148 0.25
0.517237 0.482763 0
0.749898 0.000102262 0.25
0.000103096 0.137896 0.862001
0.766681 0.233319 0
0.103442 0.172414 0.724144
0.500001 0.249999 0.25
0.239997 0.760003 0
0.432129 0.100204 0.467666
0.175257 0.123716 0.701027
0.0344917 0.689663 0.275846
0.586205 0.137929 0.275865
0.712786 0.0356439 0.25157
9.21862e-05 8.69112e-05 0.999821
0.000103156 0.241356 0.758541
0.346123 0.000103181 0.653774
0.25 0.5 0.25
0.06896 0.13792 0.79312
0.448273 0.551727 0
0.24138 0.379305 0.379315
0.103472 0.586094 0.310434
0.000100987 0.607072 0.392827
0.0344793 0.275856 0.689665
0.172417 0.827583 0
0.310339 0.689661 0
8.98033e-05 0.0666549 0.933255
0.642848 0.357152 0
0.827581 0.172419 0
0.576922 0.423078 0
0.250888 0.0681017 0.681011
0.379316 0.241376 0.379308
0.700002 0.299998 0
0.0683295 0.409933 0.521738
0.543688 0.067966 0.388346
0.214286 0.428571 0.357143
0.9999 9.99198e-05 0
0.0666597 9.45607e-05 0.933246
0.0666651 0.933335 0
0.933333 0.0666666 0
0.0669851 0.502393 0.430622
0.206898 0.241392 0.55171
0.40001 0.59999 0
0.464237 0.000100225 0.535663
0.517236 0.172408 0.310356
0.275996 0.137906 0.586099
0.344826 0.172415 0.482758
0.137924 0.103448 0.758628
0.3038 0.417728 0.278472
0.148147 0.444443 0.407411
0.285707 0.285707 0.428585
0.413782 0.275866 0.310352
0.172413 0.551721 0.275865
0.275787 0.000103214 0.724109
0.000100529 0.448242 0.551658
0.137923 0.37926 0.482816
0.448287 0.206884 0.344829
0.206878 0.172414 0.620707
