0.360056 0.639944 0
0.866663 0.133337 0
0.482823 0.24135 0.275827
0.241369 0.482744 0.275887
0.310346 0.310345 0.379309
0.300023 0.699977 0
0.206886 0.137913 0.655201
0.0999936 0.166661 0.733345
0.800001 0.199999 0
0.321395 0.214288 0.464317
0.607142 0.392858 0
0.166657 9.99325e-05 0.833243
0.0689482 0.448403 0.482649
0.655236 0.0689527 0.275811
0.233321 0.766679 0
0.966675 0.0333246 0
0.0333315 0.966669 0
0.733326 0.266674 0
0.344831 0.379315 0.275855
0.392864 0.249994 0.357142
0.586199 0.103452 0.310349
0.0666825 0.933318 0
0.428558 0.142901 0.42854
0.000100299 0.103422 0.896477
0.301822 0.104746 0.593432
0.14286 0.428567 0.428573
0.0689632 0.137928 0.793109
0.392858 0.607142 0
0.172477 0.482567 0.344957
0.642853 0.357147 0
0.214269 0.00010243 0.785629
0.0344622 0.413755 0.551783
0.433328 0.566672 0
0.000100514 0.629565 0.370334
0.142857 0.857143 0
0.24 0.239999 0.520001
0.103452 0.586199 0.310349
9.64408e-05 0.999904 0
0.214256 0.535737 0.250008
0.269228 0.730772 0
0.9999 9.98299e-05 0
0.517186 0.000103302 0.482711
0.107266 0.0343353 0.858399
0.346118 0.000103216 0.653779
0.333335 0.333334 0.333331
0.000103366 0.310311 0.689586
0.0689659 0.344831 0.586203
0.0666338 9.06209e-05 0.933276
9.46935e-05 7.4408e-05 0.999831
9.87949e-05 0.733272 0.26663
0.517221 0.482779 0
0.333331 0.666669 0
0.653797 9.9138e-05 0.346104
0.168092 0.124789 0.707119
0.137929 0.103436 0.758634
0.712789 0.0356395 0.251572
0.0357168 0.714276 0.250008
0.892875 0.107125 0
0.766681 0.233319 0
0.545469 0.204523 0.250007
0.000103234 0.482705 0.517192
0.482772 0.0689407 0.448287
8.35907e-05 0.233329 0.766587
0.142856 0.214286 0.642859
0.199998 0.800002 0
0.413856 0.0344753 0.551669
0.833344 0.166656 0
0.576923 0.423077 0
0.275808 0.000103314 0.724088
0.172403 0.379302 0.448295
0.206897 0.310348 0.482755
0.461538 0.538462 0
0.699987 0.300013 0
0.749898 0.000102189 0.25
0.392841 0.357151 0.250008
0.344718 0.172504 0.482779
0.0333337 0.533362 0.433304
0.285702 0.464291 0.250007
0.241352 0.0689555 0.689692
0.538114 0.0672087 0.394677
9.58234e-05 0.379251 0.620653
0.487937 0.174246 0.337818
0.933333 0.0666671 0
0.285714 0.285713 0.428573
0.172402 0.275868 0.55173
0.136353 0.61364 0.250008
0.613639 0.136353 0.250008
0.250025 0.39281 0.357165
0.0689489 0.241357 0.689694
0.241382 0.172415 0.586203
0.103409 0.516989 0.379602
0.379318 0.103447 0.517235
0.46428 0.285712 0.250008
0.103438 0.37937 0.517192
0.100004 0.899996 0
0.586133 0.000102478 0.413764
8.1452e-05 0.166653 0.833266
0.464253 9.69822e-05 0.53565
0.103448 0.275868 0.620685
0.0689481 0.655209 0.275843
