4.77995e-05 0.333291 0.666661
0.379283 0.310378 0.310339
0.310345 0.310345 0.379311
0.169418 0.28851 0.542072
0.10345 0.448247 0.448303
0.482769 0.137921 0.37931
0.607139 0.392861 0
0.206888 0.448275 0.344836
0.413731 9.3667e-05 0.586176
0.166653 9.99704e-05 0.833247
0.269233 0.730767 0
0.0689577 0.344809 0.586233
0.966669 0.0333305 0
0.033332 0.966668 0
0.733331 0.266669 0
0.357143 0.392857 0.25
0.000103435 0.517188 0.482709
0.379767 0.068915 0.551318
0.214312 0.321468 0.46422
0.000103406 0.137913 0.861984
9.26636e-05 0.379276 0.620632
0.1073 0.0343357 0.858364
0.148149 0.444442 0.407409
0.639938 0.000100971 0.359961
0.214267 0.000102466 0.78563
0.299466 0.18718 0.513354
0.370377 0.629623 0
0.444426 0.148144 0.40743
0.108856 0.311904 0.57924
0.000102247 0.749898 0.25
0.107146 0.892854 0
9.99882e-05 0.9999 0
0.448264 0.206899 0.344837
0.240001 0.759999 0
0.712784 0.0356353 0.25158
0.25 0.5 0.25
0.333334 0.333334 0.333332
0.133334 0.866666 0
0.586219 0.137927 0.275854
0.103433 0.586277 0.31029
0.93333 0.0666696 0
0.13793 0.482745 0.379326
0.0344819 0.275878 0.68964
0.517241 0.482759 0
0.137928 0.379299 0.482774
9.15365e-05 9.90863e-05 0.999809
0.142848 0.214274 0.642877
0.275832 0.000103408 0.724065
0.9999 9.99729e-05 0
0.206911 0.241377 0.551712
0.175247 0.123749 0.701004
0.517188 0.000103434 0.482709
0.068319 0.40995 0.521731
0.766672 0.233328 0
0.576933 0.423067 0
0.620731 0.0689209 0.310348
0.0344813 0.689668 0.27585
0.500003 0.249997 0.25
0.892857 0.107143 0
8.75885e-05 0.607094 0.392818
0.346118 0.000103226 0.653778
0.000103302 0.241354 0.758542
0.44827 0.55173 0
0.642858 0.357142 0
0.749898 0.000102227 0.25
0.172413 0.827587 0
0.586141 0.000100727 0.413758
0.310347 0.068961 0.620692
0.310343 0.689657 0
0.827575 0.172425 0
0.250786 0.0681134 0.681101
0.2 0.8 0
0.0689675 0.137935 0.793098
0.699998 0.300002 0
0.543694 0.0679591 0.388347
0.517237 0.172415 0.310348
0.866611 0.133389 0
0.136372 0.613628 0.25
0.48001 0.51999 0
0.0666666 0.933333 0
0.234039 0.401202 0.364759
0.0666594 9.74596e-05 0.933243
0.647723 0.102277 0.25
0.275901 0.137924 0.586175
0.464261 0.000100255 0.535639
0.285712 0.285712 0.428576
0.172414 0.517238 0.310348
0.428597 0.285697 0.285706
0.34482 0.172407 0.482773
0.137916 0.103439 0.758645
0.066983 0.502368 0.430649
0.0333165 0.066632 0.900052
0.431988 0.100244 0.467768
0.275858 0.448286 0.275856
0.379303 0.241386 0.379311
0.000103215 0.448233 0.551663
0.4 0.6 0
0.206886 0.172422 0.620692
0.0689633 0.206897 0.72414
9.04671e-05 0.655121 0.344789
