0.799996 0.200004 0
0.2 0.8 0
0.103437 0.517248 0.379315
0.17241 0.275858 0.551733
0.310343 0.310343 0.379315
0.379401 0.206826 0.413773
0.103445 0.172409 0.724147
0.133333 0.866667 0
0.241377 0.13793 0.620693
0.599999 0.400001 0
0.480002 0.519998 0
0.269231 0.730769 0
0.730769 0.269231 0
0.448313 0.137885 0.413802
0.96667 0.0333304 0
0.0333317 0.966668 0
0.241353 0.448326 0.310321
0.100275 0.431731 0.467995
0.379436 0.0344739 0.586091
0.24 0.76 0
0.448276 0.551724 0
0.000103442 0.241369 0.758527
0.551705 0.103476 0.344819
0.43421 0.31579 0.25
0.206867 0.00010318 0.79303
0.103492 0.586033 0.310475
0.9999 9.99753e-05 0
0.0333343 0.166668 0.799997
0.136365 0.613635 0.25
0.73326 9.9938e-05 0.26664
0.00010332 0.13792 0.861977
9.68265e-05 0.607084 0.392819
0.000102266 0.749898 0.25
0.551658 0.000103208 0.448238
0.615322 0.000102552 0.384575
0.448274 0.206919 0.344807
0.103452 0.310326 0.586222
0.370371 0.629629 0
0.409092 0.147727 0.443181
0.517239 0.482761 0
0.000103446 0.517188 0.482709
0.714282 0.0357184 0.25
0.482711 0.000103439 0.517186
0.143079 0.0342789 0.822642
0.240001 0.240001 0.519998
0.000103236 0.346115 0.653781
9.97816e-05 0.9999 0
0.00010309 0.655105 0.344792
0.0999967 9.98877e-05 0.899903
0.0344913 0.68965 0.275859
0.250002 0.499998 0.25
0.892858 0.107142 0
0.333333 0.333333 0.333333
0.759999 0.240001 0
9.66084e-05 8.01716e-05 0.999823
0.413809 0.275872 0.310319
0.299969 9.97542e-05 0.699931
0.137926 0.241381 0.620693
0.107142 0.892858 0
0.0741009 0.18518 0.740719
0.0666616 0.500003 0.433335
0.633336 0.366664 0
0.260883 0.105588 0.633529
0.172412 0.551726 0.275862
0.544503 0.204195 0.251302
0.214286 0.321423 0.464291
0.033812 0.425196 0.540993
0.172412 0.137931 0.689657
0.827585 0.172415 0
0.172415 0.827585 0
0.148155 0.44443 0.407415
0.310327 0.689673 0
0.689656 0.310344 0
0.296287 0.407416 0.296297
0.571428 0.428572 0
0.613636 0.136364 0.25
0.0666662 0.933334 0
0.933336 0.0666644 0
0.517241 0.0689666 0.413792
0.17241 0.48277 0.34482
0.357176 0.249926 0.392898
0.430612 0.0669858 0.502402
0.0333228 0.0666646 0.900013
0.345042 0.103414 0.551544
0.206897 0.206897 0.586207
0.137931 0.344829 0.517241
0.0344817 0.275862 0.689656
0.655175 0.0689612 0.275863
0.866667 0.133333 0
0.482758 0.24138 0.275862
0.103448 0.103448 0.793105
0.357142 0.392858 0.25
0.321427 0.178571 0.500002
0.400005 0.599995 0
0.241381 0.379304 0.379315
0.206901 0.0689654 0.724134
0.275867 0.275867 0.448267
0.357105 9.54356e-05 0.642799
0.000100901 0.392815 0.607084
0.517237 0.172409 0.310354
