0.0678981 0.356589 0.575513
0.866641 0.133359 0
0.233334 0.133308 0.633358
0.517267 0.20688 0.275854
0.199996 0.800004 0
0.0666332 0.0666547 0.866712
0.133334 0.866666 0
0.800001 0.199999 0
0.607144 0.392856 0
0.137934 0.517231 0.344835
0.166658 1.77596e-06 0.83334
0.269232 0.730768 0
0.0333262 0.966674 0
0.310339 0.310339 0.379322
0.31027 0.413927 0.275803
0.733332 0.266668 0
0.137912 0.379312 0.482776
0.620697 0.0689563 0.310347
0.448288 0.551712 0
0.571455 0.142845 0.285699
0.0001029 0.137913 0.861984
0.14812 0.444549 0.407331
0.000100098 0.370308 0.629592
0.214297 0.000102135 0.785601
0.543689 0.0679635 0.388348
0.65379 9.77237e-05 0.346113
0.642858 0.357142 0
0.370376 0.629624 0
0.148163 0.296337 0.5555
0.214294 0.357152 0.428554
0.107227 0.0343431 0.858429
0.357166 0.392834 0.25
0.517185 9.7517e-05 0.482717
0.239985 0.760015 0
0.310115 0.103485 0.5864
0.103542 0.585832 0.310626
0.24138 0.275891 0.482728
0.000103106 0.517187 0.48271
0.107121 0.214256 0.678623
9.79353e-05 7.66446e-05 0.999825
0.379272 0.137953 0.482775
0.517239 0.482761 0
0.034481 0.689665 0.275854
0.333331 0.333331 0.333337
9.99443e-05 0.9999 0
0.966676 0.0333241 0
0.999901 9.93116e-05 0
0.107143 0.892857 0
0.172384 0.241433 0.586183
0.175231 0.12388 0.700888
0.892856 0.107144 0
0.480011 0.519989 0
0.76667 0.23333 0
0.712786 0.0356365 0.251577
0.45079 0.102977 0.446233
9.75115e-05 0.749897 0.250006
9.99916e-05 0.241359 0.758541
0.346193 0.000101592 0.653705
0.214193 0.464203 0.321605
0.269627 0.224839 0.505534
0.499996 0.250004 0.250001
0.250012 0.499982 0.250006
0.000100668 0.607065 0.392834
0.310346 0.689654 0
0.0683228 0.409941 0.521736
0.066656 4.73689e-05 0.933297
0.423077 0.15383 0.423093
0.433501 0.0333047 0.533194
0.933322 0.0666776 0
0.833337 0.166663 0
0.576923 0.423077 0
0.699958 0.300042 0
0.103437 0.448293 0.44827
0.749892 0.000102101 0.250006
0.0689654 0.137936 0.793099
0.136384 0.613614 0.250001
0.647725 0.102269 0.250006
0.24359 0.0687517 0.687658
0.206912 0.172376 0.620712
0.0666694 0.933331 0
0.482773 0.172391 0.344837
0.172416 0.827584 0
0.0344751 0.275893 0.689632
0.428556 0.285704 0.28574
0.0669843 0.502393 0.430622
0.137932 0.103443 0.758625
9.80817e-05 0.433299 0.566603
0.172385 0.55176 0.275854
9.35181e-05 0.0666098 0.933297
0.344856 0.206874 0.44827
0.379287 0.241413 0.379301
0.103441 0.310346 0.586212
0.275778 0.000103153 0.724119
0.392869 9.66833e-05 0.607034
0.379368 0.310358 0.310274
0.275845 0.172437 0.551718
0.586137 0.000103349 0.41376
0.27587 0.379293 0.344837
0.400011 0.599989 0
9.58756e-05 0.655106 0.344798
