0.0332855 2.93921e-05 0.966685
0.137933 0.241382 0.620685
0.482759 0.241378 0.275863
0.103434 0.448288 0.448278
0.241379 0.482758 0.275863
0.310342 0.379312 0.310346
0.241378 0.413795 0.344827
0.300001 0.699999 0
0.206887 0.379318 0.413795
0.13793 0.482756 0.379314
0.799999 0.200001 0
0.607143 0.392857 0
0.655368 0.0689263 0.275706
0.433333 0.566667 0
0.233333 0.766667 0
0.0333331 0.966667 0
0.733332 0.266668 0
0.344827 0.275859 0.379314
0.0689658 0.655172 0.275862
0.0344514 0.379876 0.585673
0.586204 0.103449 0.310347
0.653778 0.000103214 0.346118
9.87123e-05 0.0999884 0.899913
0.428572 0.142857 0.428571
0.147726 0.409095 0.443178
0.392856 0.357144 0.25
0.892857 0.107143 0
0.142863 0.857137 0
0.642854 0.357146 0
0.0342792 0.143071 0.82265
0.24 0.24 0.520001
0.137928 0.000103398 0.861969
0.517188 0.00010344 0.482709
0.103451 0.586202 0.310347
0.137931 0.379308 0.48276
0.586146 0.00010342 0.41375
0.000103405 0.482709 0.517187
0.259261 0.444446 0.296293
0.392826 0.250012 0.357162
0.9999 9.98798e-05 0
0.178517 0.464321 0.357162
0.0666681 0.933332 0
0.433288 9.99569e-05 0.566612
9.99106e-05 0.9999 0
0.000100953 0.629566 0.370333
0.545458 0.204542 0.25
0.0357145 0.714285 0.25
0.392857 0.607143 0
0.333332 0.333332 0.333335
0.461539 0.538461 0
0.18518 0.074099 0.740721
9.99562e-05 0.299968 0.699932
0.269229 0.730771 0
0.51724 0.48276 0
0.93333 0.0666698 0
0.712788 0.0356393 0.251572
0.346122 0.000103131 0.653775
0.214282 0.535718 0.25
0.388537 0.0679404 0.543523
0.749897 0.000102259 0.25
9.98998e-05 0.733259 0.266641
0.275866 0.344826 0.379308
0.137936 0.172416 0.689648
0.199997 0.800003 0
0.833334 0.166666 0
0.0666661 0.0333323 0.900002
0.576925 0.423075 0
0.214285 0.321426 0.464289
9.27856e-05 9.07888e-05 0.999816
0.0689662 0.517241 0.413793
0.105578 0.26095 0.633471
0.700001 0.299999 0
0.241358 0.000103296 0.758539
0.321432 0.214279 0.464289
0.487937 0.174261 0.337802
0.000103344 0.206883 0.793013
0.206897 0.206897 0.586207
0.538116 0.0672647 0.394619
0.103449 0.344827 0.551724
0.76667 0.23333 0
0.13636 0.61364 0.25
0.298477 0.105231 0.596292
9.99877e-05 0.56661 0.43329
0.613637 0.136363 0.25
0.464285 0.285714 0.25
0.966667 0.0333325 0
0.241381 0.103448 0.655171
0.103447 0.103447 0.793106
0.344831 0.137927 0.517242
0.0689656 0.206897 0.724138
0.321422 0.428578 0.25
0.27586 0.0344818 0.689658
0.000101447 0.357103 0.642795
0.0999997 0.9 0
0.172414 0.275862 0.551724
0.275857 0.172414 0.551728
0.0669851 0.430618 0.502397
0.448275 0.0689649 0.48276
0.333334 0.666666 0
0.166665 0.0333328 0.800002
