0.379355 0.0344585 0.586187
0.799996 0.200004 0
0.413781 0.206885 0.379334
0.310338 0.310337 0.379325
0.448281 0.275863 0.275856
0.275881 0.137934 0.586186
0.866669 0.133331 0
0.133336 0.866664 0
0.4 0.6 0
0.519997 0.480003 0
0.166652 7.96284e-05 0.833268
0.0689036 0.448368 0.482728
0.730769 0.269231 0
0.275801 0.41389 0.310309
0.413782 0.137921 0.448297
0.0333305 0.966669 0
0.966669 0.0333315 0
0.103417 0.379344 0.517239
0.321427 0.214284 0.464289
0.000101116 0.103384 0.896515
0.321402 0.428595 0.250003
0.172373 0.275723 0.551904
0.10344 0.586218 0.310342
0.142861 0.428576 0.428563
0.749895 0.000102105 0.250003
0.214221 0.178472 0.607308
0.444448 0.148142 0.40741
0.607064 9.99869e-05 0.392836
0.366659 0.633341 0
0.107129 0.892871 0
0.892858 0.107142 0
8.65797e-05 0.310321 0.689592
0.31025 0.103466 0.586284
0.17243 0.48284 0.34473
9.59323e-05 0.615335 0.384569
0.551747 0.172397 0.275857
0.107287 0.0343346 0.858378
0.629629 0.370371 0
0.0689619 0.344851 0.586187
0.551729 0.448271 0
0.240007 0.240007 0.519986
0.482761 0.517239 0
0.0357212 0.714276 0.250003
0.310341 0.689659 0
0.517185 0.000102995 0.482712
0.585994 0.103503 0.310503
0.00010338 0.379265 0.620632
0.346183 0.000103202 0.653714
0.000100783 0.482807 0.517093
6.77926e-05 9.46769e-05 0.999838
0.275808 0.000103413 0.724089
0.214351 9.28549e-05 0.785556
9.98834e-05 0.9999 0
0.0689554 0.206909 0.724136
0.999901 9.92633e-05 0
0.760002 0.239998 0
0.689647 0.0344935 0.27586
0.239997 0.760003 0
0.204195 0.544507 0.251298
0.0338422 0.526222 0.439936
0.500002 0.249995 0.250003
9.98144e-05 0.733267 0.266633
0.409926 0.0683157 0.521758
0.142859 0.214288 0.642853
0.137918 0.103441 0.758641
0.172414 0.827586 0
0.68966 0.31034 0
0.0689275 0.137919 0.793153
0.178528 0.321494 0.499978
0.433277 9.93168e-05 0.566624
0.168334 0.124764 0.706902
0.407413 0.296301 0.296287
0.827587 0.172413 0
0.034474 0.413788 0.551738
0.242497 0.0688633 0.68864
0.42857 0.57143 0
0.103433 0.517243 0.379324
0.6551 0.000101959 0.344798
0.933322 0.0666779 0
0.0666671 0.933333 0
9.68996e-05 0.233303 0.7666
0.482759 0.172415 0.344826
0.0666874 9.70541e-05 0.933216
0.200004 0.799996 0
0.136324 0.613673 0.250003
0.333323 0.333322 0.333355
0.502407 0.0669815 0.430611
0.241425 0.379322 0.379254
0.103445 0.275846 0.62071
0.241481 0.482526 0.275993
0.613629 0.136368 0.250003
0.285672 0.285767 0.428562
0.269252 0.730748 0
8.49924e-05 0.166647 0.833268
0.392862 0.357135 0.250003
0.345897 0.137703 0.5164
0.392868 0.24998 0.357152
0.0344787 0.655177 0.310345
0.206875 0.344809 0.448316
0.600001 0.399999 0
