0.413793 0.206897 0.379311
0.36 0.64 0
0.866667 0.133333 0
0.482758 0.241379 0.275862
0.241378 0.482761 0.275861
0.206899 0.137929 0.655172
0.310345 0.310344 0.379311
0.300007 0.699993 0
0.0999994 0.166667 0.733333
0.799998 0.200002 0
0.166652 8.32003e-05 0.833265
0.656554 0.0686883 0.274758
0.0689583 0.448282 0.48276
0.433336 0.566664 0
0.233337 0.766663 0
0.966671 0.0333294 0
0.0333306 0.966669 0
0.0689594 0.655178 0.275862
0.392856 0.250001 0.357144
0.0666741 0.933326 0
0.448276 0.0689653 0.482759
0.142857 0.428572 0.428572
0.000103441 0.310313 0.689583
0.42857 0.142858 0.428572
0.392858 0.357142 0.25
0.892855 0.107145 0
0.0689662 0.344827 0.586206
0.642854 0.357146 0
0.545456 0.204543 0.25
0.107296 0.034337 0.858367
0.733334 0.266666 0
0.214276 0.000102467 0.785622
0.142857 0.857143 0
0.0689441 0.241365 0.689691
0.240001 0.24 0.519999
0.000103435 0.482709 0.517188
0.241379 0.172415 0.586206
0.392857 0.607143 0
0.712784 0.035643 0.251573
0.103448 0.379313 0.517239
0.000103397 0.103437 0.89646
9.99383e-05 0.23331 0.76659
0.298469 0.10523 0.596301
0.285707 0.464292 0.25
0.9999 9.99206e-05 0
0.310347 0.413792 0.275861
0.25 0.392857 0.357144
9.6159e-05 9.64796e-05 0.999807
9.99498e-05 0.9999 0
0.136365 0.613635 0.25
0.142854 0.214287 0.642859
0.607142 0.392858 0
0.517241 0.482759 0
0.168312 0.124753 0.706935
0.000100973 0.629563 0.370336
0.269228 0.730772 0
0.653777 0.00010323 0.34612
0.586206 0.103447 0.310346
0.576924 0.423076 0
0.517188 0.000103441 0.482709
0.34612 0.000103191 0.653777
0.388363 0.0679592 0.543678
9.99984e-05 0.733245 0.266655
0.10345 0.586204 0.310346
0.2 0.8 0
0.766671 0.233329 0
0.241538 0.068951 0.689511
0.068965 0.137931 0.793104
0.833332 0.166668 0
0.461539 0.538461 0
0.7 0.3 0
0.333331 0.666669 0
0.749897 0.000102253 0.25
0.321431 0.214287 0.464283
0.538111 0.0672621 0.394626
0.172417 0.379309 0.448273
0.487934 0.174262 0.337804
0.000103406 0.379272 0.620625
0.933336 0.0666636 0
0.0344749 0.413796 0.551729
0.0666644 9.99541e-05 0.933236
0.214281 0.535719 0.25
0.172415 0.482756 0.344829
0.172404 0.275867 0.551729
0.433293 9.9988e-05 0.566607
0.206918 0.310336 0.482746
0.285715 0.285714 0.428572
0.613632 0.136368 0.25
0.464287 0.285713 0.25
0.0357141 0.714286 0.25
0.137922 0.103441 0.758638
0.033338 0.533364 0.433298
0.344827 0.137933 0.51724
9.55558e-05 0.16665 0.833254
0.103448 0.517242 0.379311
0.275831 0.000103426 0.724066
0.100008 0.899992 0
0.333334 0.333333 0.333333
0.586144 0.00010344 0.413752
0.103448 0.275862 0.62069
