0.360003 0.639997 0
0.866664 0.133336 0
0.482778 0.241368 0.275854
0.103366 0.448345 0.448289
0.241379 0.482759 0.275862
0.310345 0.37931 0.310345
0.206897 0.37931 0.413793
0.137923 0.379314 0.482763
0.137932 0.482758 0.37931
0.800004 0.199996 0
0.60713 0.39287 0
0.433334 0.566666 0
0.233334 0.766666 0
0.966667 0.0333329 0
0.0333329 0.966667 0
0.275867 0.172407 0.551725
0.310345 0.275862 0.413793
0.0689633 0.655174 0.275863
0.0344798 0.379363 0.586157
9.98512e-05 0.100005 0.899895
0.712788 0.0356392 0.251572
0.066668 0.933332 0
0.137948 0.000103376 0.861949
0.487929 0.174259 0.337812
0.147728 0.40909 0.443182
0.392859 0.607141 0
0.0342871 0.142774 0.822939
0.642855 0.357145 0
9.99538e-05 0.299968 0.699932
0.000100977 0.629569 0.37033
0.892857 0.107143 0
0.14286 0.85714 0
0.103504 0.585985 0.310511
0.0357147 0.714285 0.25
0.10559 0.260872 0.633538
0.24 0.24 0.520001
0.000103419 0.48271 0.517187
9.8858e-05 9.89973e-05 0.999802
0.241364 0.000103392 0.758532
0.214285 0.535715 0.25
0.206899 0.206899 0.586203
0.9999 9.99892e-05 0
0.259234 0.444459 0.296306
0.333334 0.333334 0.333332
0.586191 0.103453 0.310356
0.448275 0.0689623 0.482763
0.346118 0.000103165 0.653779
9.98832e-05 0.9999 0
0.0664137 0.0333243 0.900262
0.51719 0.000103438 0.482707
0.517242 0.482758 0
0.655564 0.068887 0.275549
0.392857 0.357143 0.25
0.185183 0.074089 0.740728
0.766671 0.233329 0
0.39285 0.250003 0.357147
0.65378 0.000103229 0.346117
0.137935 0.172418 0.689647
0.214286 0.32143 0.464284
0.388727 0.0679209 0.543352
9.9991e-05 0.733257 0.266643
0.199999 0.800001 0
0.83334 0.16666 0
0.576923 0.423077 0
0.275862 0.344828 0.37931
0.0689524 0.517333 0.413714
0.46154 0.53846 0
0.7 0.3 0
0.333333 0.666667 0
0.00010147 0.357112 0.642787
0.24138 0.413795 0.344825
0.749898 0.000102008 0.25
0.3 0.7 0
0.321429 0.214287 0.464284
0.538112 0.0672667 0.394621
0.136364 0.613636 0.25
0.428568 0.142861 0.428571
0.933334 0.0666655 0
0.26923 0.73077 0
0.0689625 0.206898 0.72414
0.000103199 0.206874 0.793023
0.733334 0.266666 0
0.103446 0.344831 0.551723
0.178558 0.464294 0.357148
0.100003 0.899997 0
0.433289 9.99268e-05 0.566611
0.613641 0.136359 0.25
0.464286 0.285714 0.25
0.298299 0.105255 0.596445
0.241372 0.103445 0.655183
0.103448 0.103448 0.793104
0.545459 0.204541 0.25
0.344827 0.13793 0.517242
0.321429 0.428571 0.25
9.99845e-05 0.56661 0.43329
0.275856 0.0344791 0.689665
0.586146 0.00010343 0.41375
0.172414 0.27586 0.551725
0.0669971 0.430593 0.50241
0.166671 0.0333326 0.799996
