3.97401e-05 0.332691 0.667269
0.518054 0.102766 0.379179
0.0677238 0.60956 0.322716
0.800001 0.199999 0
0.37931 0.310306 0.310384
0.103551 0.275104 0.621345
0.275832 0.413751 0.310417
0.866662 0.133338 0
0.100064 0.200124 0.699812
0.519986 0.480014 0
0.413851 5.69699e-05 0.586092
0.166667 9.99615e-05 0.833233
0.172413 0.517235 0.310353
0.068963 0.344832 0.586205
0.966669 0.0333311 0
0.033333 0.966667 0
0.655071 0.00010124 0.344828
0.357138 0.392862 0.25
0.58611 0.10347 0.310419
0.379557 0.0689328 0.551511
0.178552 0.571448 0.25
8.48882e-05 0.379339 0.620576
0.892855 0.107145 0
0.285707 0.464293 0.25
0.10714 0.89286 0
0.107305 0.0343402 0.858354
0.254725 0.272918 0.472356
0.108713 0.311673 0.579614
0.551718 0.448282 0
0.689672 0.0344822 0.275846
0.0344731 0.137904 0.827623
0.000102413 0.24137 0.758528
0.749898 0.000102217 0.25
0.6 0.4 0
9.99346e-05 0.9999 0
0.346118 0.000103157 0.653779
0.299271 0.187704 0.513025
0.9999 9.9839e-05 0
0.730768 0.269232 0
0.517187 0.000103433 0.48271
0.333333 0.333333 0.333333
9.88376e-05 9.83539e-05 0.999803
0.48276 0.51724 0
0.827582 0.172418 0
0.0356468 0.712775 0.251578
0.137923 0.103442 0.758634
0.000103435 0.517186 0.482711
0.175222 0.123881 0.700896
0.62962 0.37038 0
0.760002 0.239998 0
0.184362 0.407156 0.408482
0.50002 0.24998 0.25
0.133336 0.866664 0
0.20758 0.446765 0.345655
0.21427 0.000102451 0.785628
0.607072 9.38901e-05 0.392834
0.444547 0.148037 0.407416
0.310164 0.0689918 0.620844
0.000100579 0.639933 0.359966
0.241382 0.482752 0.275866
0.0666614 4.89785e-05 0.93329
0.103441 0.551735 0.344824
0.142532 0.214101 0.643366
0.310344 0.689656 0
0.000102257 0.749898 0.25
0.689656 0.310344 0
0.0675074 0.430032 0.502461
0.250832 0.0682389 0.680929
0.0335117 0.536226 0.430262
0.172418 0.827582 0
7.24289e-05 0.0999912 0.899936
0.370377 0.629623 0
0.410323 0.213583 0.376094
0.613631 0.136368 0.250001
0.428568 0.571432 0
0.413742 0.103436 0.482822
0.933333 0.0666667 0
0.0666659 0.933334 0
0.170414 0.378377 0.451208
0.034425 0.276005 0.68957
0.214152 0.249996 0.535852
0.482414 0.172407 0.34518
0.103446 0.620687 0.275866
0.50239 0.0669351 0.430675
0.0666695 0.166674 0.766657
0.464278 7.54206e-05 0.535647
0.275701 0.344666 0.379633
0.275947 0.137958 0.586094
0.428806 0.285871 0.285323
0.55174 0.172424 0.275837
0.357134 0.178547 0.464319
0.399998 0.600002 0
0.137687 0.346727 0.515586
0.137923 0.482791 0.379285
0.344835 0.275873 0.379292
0.275815 0.000101006 0.724084
9.03794e-05 0.448291 0.551618
0.269247 0.730753 0
0.233325 0.766675 0
0.206758 0.172316 0.620926
