0.359997 0.640003 0
0.482761 0.241378 0.27586
0.241373 0.482772 0.275855
0.206899 0.137932 0.655169
0.310345 0.310345 0.37931
0.172416 0.379302 0.448282
0.300003 0.699997 0
0.310335 0.241383 0.448282
0.800002 0.199998 0
9.10446e-05 0.275993 0.723916
0.0344817 0.413788 0.551731
0.607139 0.392861 0
0.310349 0.13792 0.551731
0.166649 9.33237e-05 0.833257
0.433333 0.566667 0
0.233334 0.766666 0
0.0333176 0.966682 0
0.966664 0.0333355 0
0.0689556 0.448281 0.482763
0.733327 0.266673 0
0.392832 0.250015 0.357153
0.586207 0.103448 0.310344
0.0333945 0.298514 0.668091
0.0666883 0.933312 0
0.214286 0.535714 0.25
0.103454 0.586192 0.310354
0.285713 0.464287 0.25
0.392856 0.357144 0.25
0.892861 0.107139 0
0.0689661 0.344827 0.586207
0.487937 0.174256 0.337806
0.214309 0.000102126 0.785589
0.65378 0.00010322 0.346117
0.39286 0.60714 0
0.642856 0.357144 0
0.298504 0.105224 0.596272
0.428557 0.142876 0.428567
7.14908e-05 0.166652 0.833276
0.866664 0.133336 0
0.517182 0.000103359 0.482715
0.000103434 0.482716 0.51718
0.241376 0.172418 0.586206
0.269231 0.730769 0
9.88334e-05 7.98904e-05 0.999821
0.240006 0.240006 0.519987
0.51724 0.48276 0
0.000103403 0.103434 0.896463
0.54545 0.20455 0.25
0.712782 0.0356475 0.251571
9.98323e-05 0.9999 0
0.142854 0.214276 0.64287
0.142865 0.428567 0.428568
0.999901 9.94536e-05 0
0.168257 0.124762 0.706982
0.655923 0.0688149 0.275262
0.346114 0.000103219 0.653783
0.766679 0.233321 0
0.538117 0.0672658 0.394617
9.99821e-05 0.233321 0.766579
0.275828 0.000103113 0.724069
0.0357181 0.714282 0.25
0.000100991 0.629561 0.370338
0.44827 0.0689662 0.482764
0.250009 0.392837 0.357154
0.388356 0.0679623 0.543681
9.9978e-05 0.733263 0.266637
0.200011 0.799989 0
0.344816 0.172417 0.482767
0.0689642 0.137928 0.793108
0.833336 0.166664 0
0.576924 0.423076 0
0.100008 0.899992 0
0.461542 0.538458 0
0.699993 0.300007 0
0.749898 0.000102184 0.25
0.000103329 0.379274 0.620622
0.46428 0.285717 0.250003
0.24148 0.0689564 0.689564
0.933334 0.0666659 0
0.0666523 4.78011e-05 0.9333
0.107285 0.0343354 0.85838
0.172405 0.482763 0.344833
0.10344 0.379353 0.517208
0.142856 0.857144 0
0.285715 0.285715 0.428571
0.433286 9.99374e-05 0.566614
0.136363 0.613637 0.25
0.206958 0.31032 0.482722
0.613623 0.136377 0.25
0.172411 0.275859 0.55173
0.137923 0.103443 0.758634
0.33333 0.33333 0.333341
0.068867 0.20706 0.724073
0.103449 0.517238 0.379313
0.0333339 0.533334 0.433332
0.58613 0.000103197 0.413767
0.333335 0.666665 0
0.0689591 0.65518 0.275861
0.103445 0.275856 0.620698
0.344831 0.379309 0.27586
