0.866666 0.133334 0
0.483085 0.241231 0.275684
0.103309 0.448379 0.448312
0.310345 0.379312 0.310343
0.300005 0.699995 0
0.241348 0.413832 0.34482
0.206896 0.379313 0.413791
0.137925 0.379298 0.482777
0.0666768 0.0666768 0.866646
0.137913 0.482774 0.379312
0.800003 0.199997 0
0.607139 0.392861 0
0.655579 0.0688841 0.275537
0.433334 0.566666 0
0.233328 0.766672 0
0.0333346 0.966665 0
0.966667 0.0333326 0
0.275862 0.172408 0.55173
0.733334 0.266666 0
0.310352 0.275858 0.413791
0.392834 0.25001 0.357157
0.0666785 0.933321 0
0.766676 0.233324 0
0.298342 0.105248 0.59641
0.137914 0.000102868 0.861983
0.653781 0.000102716 0.346116
0.545457 0.204543 0.25
0.428555 0.142879 0.428566
0.642856 0.357144 0
0.0344665 0.379598 0.585936
0.14773 0.409097 0.443173
0.241347 0.103425 0.655228
0.392858 0.607142 0
0.142859 0.857141 0
0.0342779 0.14301 0.822712
0.000103436 0.482714 0.517182
0.214283 0.535717 0.25
0.613633 0.136367 0.25
0.517151 0.000103245 0.482746
0.333333 0.333333 0.333334
9.99351e-05 0.9999 0
9.98878e-05 0.299946 0.699954
0.464288 0.285712 0.25
0.586206 0.103451 0.310343
9.9844e-05 9.98422e-05 0.9998
0.103449 0.103449 0.793103
0.9999 9.98704e-05 0
0.712781 0.0356406 0.251578
0.24 0.24 0.520001
9.98484e-05 0.100022 0.899878
0.0357105 0.71429 0.25
0.51724 0.48276 0
9.98894e-05 0.629568 0.370332
0.185142 0.0743049 0.740553
0.392857 0.357143 0.25
0.105562 0.261078 0.63336
0.269228 0.730772 0
0.103452 0.586205 0.310343
0.388576 0.0679317 0.543493
0.892856 0.107144 0
0.346103 0.000103182 0.653794
0.241381 0.482763 0.275856
0.258951 0.444628 0.29642
0.137937 0.172421 0.689642
0.206897 0.206897 0.586206
0.200003 0.799997 0
0.0689614 0.517248 0.41379
0.833333 0.166667 0
0.576933 0.423067 0
9.99894e-05 0.733256 0.266644
0.461543 0.538457 0
0.699995 0.300005 0
0.333333 0.666667 0
0.321418 0.21428 0.464302
0.241371 0.000103282 0.758526
0.749899 0.000100936 0.25
0.538116 0.0672648 0.394619
0.487916 0.174251 0.337833
0.433287 9.89499e-05 0.566614
0.933334 0.0666664 0
0.214256 0.321409 0.464335
9.57581e-05 0.206887 0.793017
0.0689498 0.206902 0.724148
0.0666653 9.9879e-05 0.933235
0.103441 0.344829 0.55173
0.178276 0.464453 0.357271
0.136374 0.613626 0.25
0.06895 0.655201 0.275849
0.275865 0.344831 0.379304
0.344831 0.137926 0.517243
0.321425 0.428575 0.25
9.99724e-05 0.566588 0.433312
0.275854 0.0344819 0.689664
0.448296 0.0689602 0.482744
0.000101444 0.357101 0.642798
0.100001 0.899999 0
0.586147 0.000103166 0.41375
0.172419 0.275851 0.55173
0.0669849 0.430624 0.502392
0.166675 0.0333351 0.79999
