0.413793 0.206896 0.37931
0.36 0.64 0
0.24138 0.482759 0.275861
0.310345 0.310345 0.37931
0.172408 0.379306 0.448286
0.206895 0.137931 0.655174
0.3 0.7 0
0.799999 0.200001 0
0.166649 9.19203e-05 0.833259
0.0689648 0.448276 0.482759
0.433334 0.566666 0
0.233332 0.766668 0
0.0333328 0.966667 0
0.733332 0.266668 0
0.310343 0.413795 0.275861
0.48276 0.241379 0.275861
0.0689606 0.655178 0.275861
0.298747 0.105188 0.596065
0.653775 0.00010323 0.346122
0.142857 0.428572 0.428572
0.0689642 0.241379 0.689657
0.586199 0.10345 0.310351
0.428571 0.142857 0.428571
0.966665 0.0333349 0
0.275831 0.000103414 0.724066
0.892863 0.107137 0
0.214264 0.000102471 0.785634
0.392856 0.607144 0
0.107296 0.0343384 0.858366
0.142857 0.857143 0
9.61084e-05 0.166646 0.833258
0.000103419 0.482709 0.517188
0.000100751 0.629567 0.370332
0.168297 0.124755 0.706948
0.517188 0.000103411 0.482709
0.392854 0.357146 0.25
0.54546 0.20454 0.25
0.137931 0.103447 0.758622
9.33896e-05 8.50448e-05 0.999822
9.99888e-05 0.9999 0
0.642858 0.357142 0
0.241394 0.0689647 0.689641
0.9999 9.99901e-05 0
0.000103416 0.103423 0.896473
0.333333 0.333333 0.333334
0.833335 0.166665 0
0.000103333 0.310316 0.689581
0.0689644 0.344831 0.586204
0.392858 0.249998 0.357144
0.517241 0.482759 0
0.655665 0.0688669 0.275468
0.249999 0.392858 0.357143
0.269231 0.730769 0
0.346119 0.000103126 0.653778
0.24 0.24 0.519999
0.0357125 0.714287 0.25
0.586145 0.000103427 0.413752
0.0666743 0.933326 0
0.712788 0.0356401 0.251572
9.99872e-05 0.233311 0.766589
0.103447 0.275867 0.620686
0.21428 0.53572 0.25
0.142857 0.214285 0.642858
0.10345 0.586199 0.310351
9.99806e-05 0.733262 0.266638
0.388547 0.0679399 0.543513
0.103437 0.379376 0.517187
0.199999 0.800001 0
0.0689652 0.13793 0.793104
0.866666 0.133334 0
0.576923 0.423077 0
0.172412 0.275863 0.551725
0.206897 0.310344 0.482759
0.344826 0.137932 0.517242
0.461538 0.538462 0
0.699999 0.300001 0
0.333333 0.666667 0
0.607144 0.392856 0
0.749898 0.000102257 0.25
0.766667 0.233333 0
0.033333 0.533336 0.433331
0.100005 0.166676 0.733319
0.241382 0.172413 0.586205
0.321429 0.214287 0.464284
0.285714 0.464286 0.25
0.43329 9.99655e-05 0.56661
0.538116 0.067263 0.394621
0.487935 0.174253 0.337812
0.933332 0.0666682 0
0.0344826 0.413786 0.551731
0.0666339 9.772e-05 0.933268
0.172414 0.482754 0.344832
0.13636 0.61364 0.25
0.613638 0.136362 0.25
0.464286 0.285714 0.25
0.285714 0.285714 0.428571
0.103446 0.517244 0.37931
0.000103406 0.379271 0.620626
0.1 0.9 0
0.448274 0.0689658 0.48276
