0.275865 0.0344824 0.689653
0.639999 0.360001 0
0.133334 0.866666 0
2.80585e-05 0.0332757 0.966696
0.241379 0.482759 0.275862
0.482788 0.241365 0.275847
0.379312 0.275854 0.344834
0.699997 0.300003 0
0.379307 0.13793 0.482763
0.448274 0.137934 0.413792
0.392857 0.607143 0
0.0688789 0.655605 0.275516
0.566664 0.433336 0
0.766667 0.233333 0
0.0333289 0.966671 0
0.266664 0.733336 0
0.379321 0.0344819 0.586197
0.103448 0.586207 0.310345
0.0356559 0.712775 0.251569
0.310344 0.310344 0.379311
0.586116 0.10347 0.310414
0.000103395 0.241353 0.758543
0.357142 0.392857 0.250001
0.26087 0.105593 0.633537
0.137935 0.206902 0.655164
0.000103422 0.137922 0.861975
0.136362 0.613638 0.25
0.142859 0.42857 0.428572
0.409092 0.147728 0.44318
0.107143 0.892857 0
0.607143 0.392857 0
0.103447 0.172411 0.724141
0.357147 0.642853 0
0.857143 0.142857 0
0.333333 0.333333 0.333333
0.482709 0.000103421 0.517187
0.0679849 0.388453 0.543562
0.233332 0.766668 0
0.733262 9.98996e-05 0.266638
9.9975e-05 0.9999 0
0.299969 9.99475e-05 0.699931
0.100014 9.99925e-05 0.899886
0.000103207 0.653776 0.346121
0.666662 0.333338 0
0.9999 9.98888e-05 0
0.24 0.24 0.520001
0.966666 0.0333336 0
0.000103438 0.517186 0.48271
0.655174 0.0689638 0.275862
0.20689 0.0689652 0.724144
0.482759 0.517241 0
0.142841 0.0342866 0.822872
0.0741448 0.185171 0.740684
9.81448e-05 9.84379e-05 0.999803
0.730769 0.269231 0
0.000103213 0.346118 0.653779
0.250001 0.392858 0.357141
0.166666 0.833334 0
0.933331 0.0666693 0
0.629569 0.000100987 0.37033
0.204544 0.545456 0.25
0.105232 0.298457 0.596312
0.535717 0.214282 0.25
0.44447 0.259217 0.296313
0.172415 0.137932 0.689653
0.799997 0.200003 0
0.034483 0.275864 0.689653
0.423081 0.576919 0
0.517246 0.0689629 0.413791
0.714284 0.0357156 0.25
0.30806 0.212736 0.479204
0.53846 0.46154 0
0.300002 0.699998 0
0.137931 0.344828 0.517241
0.000102239 0.749897 0.25
0.214286 0.321433 0.464282
0.0333328 0.166668 0.799999
0.0672644 0.538116 0.39462
0.174259 0.487935 0.337806
0.0666612 0.933339 0
0.206875 0.000103214 0.793022
0.392856 0.214286 0.392858
0.0332949 0.0666659 0.900039
0.344833 0.103446 0.55172
0.199999 0.800001 0
9.99843e-05 0.433266 0.566634
0.61364 0.13636 0.250001
0.357106 0.000101483 0.642793
0.285703 0.464297 0.250001
0.504812 0.134626 0.360562
0.241389 0.172402 0.58621
0.103448 0.103448 0.793104
0.285714 0.285714 0.428572
0.172413 0.241378 0.586209
0.428572 0.321427 0.250001
0.566612 9.67448e-05 0.433292
0.899997 0.100003 0
0.000103443 0.586146 0.41375
0.430627 0.0669804 0.502393
0.0689651 0.448272 0.482763
