0.400002 0.599998 0
0.8 0.2 0
0.0666646 0.0666639 0.866672
0.866665 0.133335 0
0.133334 0.866666 0
0.448296 0.103423 0.44828
0.206897 0.344826 0.448277
0.379313 0.275856 0.34483
0.519997 0.480003 0
0.413745 0.000103428 0.586152
0.166662 9.99691e-05 0.833238
0.0689638 0.344824 0.586212
0.730766 0.269234 0
0.00010343 0.586136 0.413761
0.966667 0.033333 0
0.655105 0.000103289 0.344792
0.551723 0.448277 0
0.517187 0.000103432 0.48271
0.000103317 0.137902 0.861995
0.142855 0.214286 0.642859
0.000103419 0.379271 0.620626
0.37037 0.62963 0
0.357142 0.392858 0.25
0.185183 0.407406 0.407411
0.107143 0.892857 0
0.42857 0.285713 0.285717
0.892852 0.107148 0
0.413793 0.206897 0.379311
0.299465 0.187165 0.51337
0.629629 0.370371 0
0.214271 0.000102433 0.785627
0.379308 0.0689646 0.551728
0.0001033 0.517187 0.48271
0.214282 0.25 0.535717
0.585966 0.103509 0.310526
0.275853 0.344848 0.379299
0.9999 9.98902e-05 0
0.760002 0.239998 0
0.107298 0.0343355 0.858367
0.346127 0.00010317 0.65377
9.50692e-05 8.92056e-05 0.999816
0.275831 0.000103425 0.724066
0.142866 0.607134 0.25
0.172413 0.517241 0.310346
0.000100966 0.639936 0.359963
0.333334 0.333332 0.333333
0.108642 0.311968 0.57939
0.066987 0.502392 0.430621
0.253982 0.274377 0.471641
0.689664 0.0344822 0.275854
0.5 0.25 0.25
9.97458e-05 0.9999 0
0.48276 0.51724 0
0.233329 0.766671 0
0.275861 0.413796 0.310344
0.175254 0.123731 0.701015
0.749898 0.000101962 0.25
8.67261e-05 0.0666609 0.933252
0.0356472 0.712783 0.25157
0.482774 0.137927 0.379299
0.396908 0.134026 0.469066
0.000103375 0.241358 0.758539
0.17241 0.275863 0.551728
0.241381 0.482758 0.275861
0.137928 0.344837 0.517234
0.310344 0.689656 0
0.607072 0.000101012 0.392827
0.214289 0.535711 0.25
0.310345 0.0689655 0.62069
0.827585 0.172415 0
0.689661 0.310339 0
0.103459 0.551679 0.344862
0.0667199 0.43288 0.5004
0.172421 0.827579 0
0.250676 0.0681337 0.68119
0.0666678 0.933332 0
0.000102178 0.749898 0.25
0.0689719 0.137954 0.793074
0.444443 0.148147 0.407411
0.613636 0.136364 0.25
0.428577 0.571423 0
0.0666496 8.65985e-05 0.933264
0.933331 0.0666688 0
0.464246 0.000100415 0.535654
0.275863 0.137931 0.586206
0.103444 0.172405 0.724151
0.344831 0.241378 0.413791
0.0344793 0.275864 0.689657
0.51724 0.172414 0.310346
0.502394 0.0669849 0.430621
0.344827 0.172414 0.482759
0.137928 0.103446 0.758626
0.206897 0.448276 0.344828
0.068966 0.620688 0.310346
0.00010332 0.448233 0.551664
0.26923 0.73077 0
0.6 0.4 0
0.206897 0.172413 0.62069
0.0333287 0.966671 0
0.137931 0.413793 0.448277
