0.571373 9.92733e-05 0.428527
0.639994 0.360006 0
0.133334 0.866666 0
0.241373 0.482771 0.275857
0.482757 0.241378 0.275865
0.137929 0.206892 0.655178
0.310343 0.310345 0.379312
0.379325 0.172394 0.448281
0.69999 0.30001 0
0.166667 0.0999971 0.733335
0.200002 0.799998 0
0.39286 0.60714 0
6.38731e-05 0.166655 0.833281
0.566665 0.433335 0
0.766667 0.233333 0
0.96667 0.0333303 0
0.0333304 0.96667 0
0.379304 0.344834 0.275863
0.357145 0.392855 0.25
0.428571 0.142858 0.428571
0.000102881 0.65378 0.346117
0.413786 0.0344769 0.551737
0.107144 0.892856 0
0.607143 0.392857 0
0.933313 0.0666873 0
0.23332 0.76668 0
0.448276 0.0689654 0.482759
0.357143 0.642857 0
0.000102448 0.214269 0.785629
0.0343356 0.107295 0.858369
0.53572 0.214279 0.25
0.629561 0.000100622 0.370338
0.000101403 0.586138 0.41376
0.24 0.240002 0.519998
0.482754 0.172415 0.34483
0.333331 0.333334 0.333335
0.067258 0.538083 0.394659
0.344826 0.0689663 0.586208
0.000103385 0.517189 0.482708
0.124747 0.168325 0.706928
0.482709 0.000103356 0.517188
9.82794e-05 7.82785e-05 0.999823
0.310316 0.00010344 0.68958
9.98793e-05 0.9999 0
0.00010321 0.346121 0.653775
0.103448 0.586206 0.310345
0.9999 9.99765e-05 0
0.857145 0.142855 0
0.714279 0.0357207 0.25
0.250014 0.392823 0.357163
0.482765 0.517235 0
0.10341 0.000103398 0.896487
0.275823 0.103416 0.620761
0.73078 0.26922 0
0.233315 9.9729e-05 0.766585
0.142857 0.428572 0.428571
0.204546 0.545453 0.25
0.392859 0.25 0.357141
0.899997 0.100003 0
0.733256 9.9927e-05 0.266644
0.21428 0.321429 0.464291
0.0679568 0.388399 0.543645
0.137931 0.0689654 0.793104
0.423074 0.576926 0
0.379326 0.103445 0.517228
0.0687112 0.656443 0.274846
0.310344 0.206898 0.482759
0.538461 0.461539 0
0.30001 0.69999 0
0.000102116 0.749897 0.25
0.666667 0.333333 0
0.533342 0.0333204 0.433338
0.241385 0.0689644 0.68965
0.464289 0.285711 0.25
0.285713 0.285715 0.428571
0.0689588 0.241459 0.689583
0.586208 0.103447 0.310345
0.172414 0.241378 0.586208
0.166663 0.833337 0
0.17426 0.487931 0.337809
0.21429 0.142856 0.642854
0.0666658 0.933334 0
3.78109e-05 0.0666628 0.933299
0.000103312 0.27581 0.724087
0.275869 0.172412 0.551719
9.87538e-05 0.433269 0.566632
0.10522 0.298525 0.596254
0.613639 0.136361 0.25
0.13637 0.61363 0.25
0.28571 0.46429 0.25
0.799997 0.200003 0
0.103449 0.137931 0.75862
0.0356362 0.712794 0.25157
0.137934 0.344823 0.517243
0.655172 0.0689656 0.275863
0.517239 0.10345 0.379312
0.166648 7.10073e-05 0.833281
0.379278 0.000103345 0.620619
0.266666 0.733334 0
0.0689637 0.448278 0.482759
