0.4 0.6 0
0.8 0.2 0
0.0666642 0.066664 0.866672
0.866668 0.133332 0
0.133338 0.866662 0
0.344828 0.172414 0.482758
0.448273 0.103448 0.448279
0.206892 0.344829 0.448279
0.519989 0.480011 0
0.41375 0.000103394 0.586147
0.172411 0.517243 0.310346
0.166654 7.24023e-05 0.833273
0.000103356 0.586146 0.413751
0.966673 0.0333273 0
0.03333 0.96667 0
0.310345 0.0689632 0.620692
0.655105 0.000103433 0.344792
0.254619 0.272517 0.472864
0.5 0.25 0.250001
0.0689651 0.344825 0.58621
0.379308 0.0689675 0.551724
0.142858 0.607141 0.250001
0.000103424 0.137901 0.861996
0.551727 0.448273 0
0.444444 0.148148 0.407408
0.749897 0.000102161 0.250001
0.107142 0.892858 0
0.6 0.4 0
0.357148 0.392851 0.250001
0.585951 0.10351 0.31054
0.13793 0.344833 0.517237
0.730768 0.269232 0
0.000100505 0.639934 0.359965
0.892858 0.107142 0
0.108704 0.31157 0.579726
0.107295 0.034335 0.85837
0.175232 0.123823 0.700945
0.000103337 0.517188 0.482709
0.517188 0.000103405 0.482709
0.482754 0.137936 0.37931
0.9999 9.98809e-05 0
9.99426e-05 0.9999 0
0.214264 0.000102166 0.785634
0.629622 0.370378 0
0.370368 0.629632 0
0.333333 0.333333 0.333333
0.214283 0.535717 0.25
0.185184 0.407408 0.407408
0.379301 0.275867 0.344833
9.91062e-05 9.81142e-05 0.999803
0.760003 0.239997 0
0.310343 0.689657 0
0.23333 0.76667 0
0.689656 0.034481 0.275863
0.035635 0.71279 0.251575
0.346117 0.000103203 0.653779
0.000103395 0.241354 0.758542
0.250849 0.0681053 0.681046
0.299464 0.187168 0.513368
0.428568 0.571432 0
0.21428 0.249994 0.535726
0.103448 0.551719 0.344833
0.142854 0.214281 0.642864
0.607081 0.000101177 0.392818
0.827582 0.172418 0
0.689659 0.310341 0
0.241377 0.482759 0.275864
0.00010215 0.749898 0.25
0.275861 0.413793 0.310346
0.06669 0.433083 0.500227
0.172415 0.827585 0
0.0689652 0.137932 0.793103
0.000103401 0.379271 0.620626
0.413659 0.207154 0.379187
0.613635 0.136365 0.25
0.0666471 7.93383e-05 0.933274
0.137924 0.103444 0.758631
0.933334 0.0666662 0
0.269232 0.730768 0
0.0666767 0.933323 0
0.0344825 0.275863 0.689654
0.206894 0.172414 0.620692
0.464239 0.00010043 0.53566
0.0669882 0.502391 0.430621
0.275879 0.137928 0.586193
0.428569 0.285712 0.285718
0.48276 0.51724 0
0.344826 0.241372 0.413801
0.51724 0.172413 0.310346
0.275865 0.344827 0.379308
9.79388e-05 0.0666601 0.933242
0.50239 0.0669871 0.430622
0.206892 0.448275 0.344833
0.0689652 0.620692 0.310343
0.27583 0.000103436 0.724067
0.396903 0.134025 0.469072
0.000103246 0.448233 0.551664
0.103446 0.172414 0.72414
0.172412 0.275863 0.551725
0.137929 0.413793 0.448279
