0.241373 0.310339 0.448287
0.800002 0.199998 0
0.310345 0.310345 0.37931
0.866666 0.133334 0
0.137934 0.482756 0.37931
0.392862 0.607138 0
0.519999 0.480001 0
0.000103195 0.413748 0.586149
0.299938 0.0666672 0.633395
0.51724 0.137931 0.344828
9.99802e-05 0.166651 0.833249
0.068942 0.620715 0.310343
0.730765 0.269235 0
0.966667 0.0333326 0
0.0333334 0.966667 0
0.448272 0.103441 0.448286
0.655105 0.00010343 0.344791
0.137935 0.586204 0.275861
0.000103425 0.586147 0.41375
0.585791 0.103552 0.310657
0.000102435 0.214265 0.785633
0.000101041 0.639935 0.359964
0.357144 0.642856 0
0.187461 0.29936 0.513179
0.000103436 0.517188 0.482709
9.77671e-05 9.91385e-05 0.999803
0.333333 0.333334 0.333333
0.35715 0.39285 0.25
0.107145 0.892855 0
0.600001 0.399999 0
0.214288 0.142857 0.642854
9.9906e-05 0.9999 0
0.9999 9.99481e-05 0
0.137916 0.00010341 0.861981
0.517188 0.000103398 0.482709
0.444444 0.148148 0.407408
0.749898 0.000102219 0.25
0.827583 0.172417 0
0.629625 0.370375 0
0.423076 0.576924 0
0.233333 0.766667 0
0.148144 0.444449 0.407407
0.482759 0.517241 0
0.123714 0.175257 0.701029
0.689656 0.0344834 0.275861
0.172408 0.206899 0.620693
0.689657 0.310343 0
0.0689416 0.37953 0.551529
0.76 0.24 0
0.172409 0.344817 0.482775
0.892858 0.107142 0
0.133333 0.866667 0
0.0679651 0.543701 0.388334
0.00010321 0.346118 0.653779
0.137931 0.0689657 0.793103
0.0343353 0.107294 0.858371
0.311962 0.108688 0.579351
0.102287 0.647713 0.25
0.0356426 0.712784 0.251574
0.321429 0.214285 0.464285
0.103448 0.137931 0.758621
0.379274 0.000102066 0.620624
0.241355 0.00010341 0.758542
0.409936 0.0683244 0.521739
0.249999 0.500001 0.25
0.448278 0.241378 0.310343
0.551726 0.448274 0
0.607083 0.000101175 0.392816
0.000102259 0.749898 0.25
0.379307 0.137918 0.482775
0.172413 0.827587 0
0.0681475 0.250398 0.681455
0.241373 0.379317 0.37931
0.300003 0.699997 0
0.551722 0.172414 0.275863
0.613636 0.136364 0.25
0.428571 0.214285 0.357144
9.08585e-05 0.0666568 0.933252
0.0666669 0.933333 0
0.933334 0.0666662 0
0.275865 0.0344757 0.689659
0.241384 0.206898 0.551718
0.000100369 0.464253 0.535647
0.13795 0.275901 0.586149
0.172424 0.517213 0.310363
0.502397 0.0669855 0.430618
0.417723 0.303797 0.278479
0.5 0.25 0.25
0.285712 0.285712 0.428576
0.0666614 0.0333307 0.900008
0.275862 0.413794 0.310344
0.344823 0.103447 0.55173
0.100254 0.43187 0.467876
0.000103301 0.275828 0.724069
0.44823 0.000103433 0.551666
0.379317 0.241373 0.37931
0.206899 0.448271 0.34483
0.206892 0.068964 0.724144
0.266667 0.733333 0
0.0689627 0.310345 0.620692
