0.413793 0.206896 0.37931
0.360012 0.639988 0
0.866665 0.133335 0
0.241375 0.482768 0.275857
0.206878 0.137907 0.655216
0.310345 0.310345 0.37931
0.172413 0.379306 0.448281
0.300001 0.699999 0
0.100022 0.166704 0.733273
0.8 0.2 0
0.607138 0.392862 0
0.655412 0.0689176 0.275671
0.0689221 0.448621 0.482457
0.233333 0.766667 0
0.966667 0.0333329 0
0.0333332 0.966667 0
0.733325 0.266675 0
0.43333 0.56667 0
0.34484 0.379303 0.275857
0.0689586 0.655178 0.275863
0.392861 0.249997 0.357142
0.000103383 0.310314 0.689583
0.653772 0.000103146 0.346124
0.000103352 0.103427 0.89647
0.392854 0.357144 0.250001
0.428568 0.142863 0.428568
0.586196 0.103452 0.310352
0.89286 0.10714 0
0.068965 0.344828 0.586207
9.99925e-05 0.733259 0.266641
0.642857 0.357143 0
0.24138 0.172413 0.586206
0.000100977 0.629572 0.370327
0.107295 0.0343351 0.85837
0.142856 0.857144 0
0.240001 0.240001 0.519997
0.517187 0.000103412 0.482709
0.461541 0.538459 0
9.99914e-05 0.9999 0
0.142859 0.428572 0.428568
0.166649 9.38425e-05 0.833257
0.168308 0.124754 0.706938
0.749896 0.000102256 0.250001
0.9999 9.98508e-05 0
0.333333 0.333333 0.333334
0.000103403 0.482713 0.517184
0.517241 0.482759 0
0.066671 0.933329 0
0.0357133 0.714285 0.250001
0.388975 0.067902 0.543123
9.99775e-05 0.2333 0.7666
0.346118 0.000103203 0.653779
0.241448 0.0689697 0.689583
0.392869 0.607131 0
0.000103414 0.37927 0.620626
0.214285 0.535714 0.250001
9.42023e-05 9.83394e-05 0.999807
0.76667 0.23333 0
0.269231 0.730769 0
0.206909 0.310335 0.482757
0.545456 0.204542 0.250001
0.250012 0.39283 0.357158
0.142858 0.214285 0.642858
9.29077e-05 0.16665 0.833257
0.2 0.8 0
0.712786 0.0356395 0.251574
0.0689657 0.137932 0.793103
0.576929 0.423071 0
0.7 0.3 0
0.833343 0.166657 0
0.333333 0.666667 0
0.0683462 0.521565 0.410089
0.321498 0.21429 0.464212
0.0344831 0.413785 0.551731
0.103445 0.586209 0.310346
0.285713 0.464286 0.250001
0.344798 0.137938 0.517263
0.538101 0.0672756 0.394623
0.933334 0.0666659 0
9.99762e-05 0.566604 0.433296
0.0666578 7.57272e-05 0.933266
0.17241 0.275868 0.551722
0.487942 0.174245 0.337813
0.433289 9.99565e-05 0.566611
0.136367 0.613631 0.250001
0.613644 0.136355 0.250001
0.275833 0.000103436 0.724063
0.172413 0.482759 0.344828
0.464293 0.285706 0.250001
0.482762 0.241381 0.275858
0.0689629 0.241384 0.689653
0.137927 0.103445 0.758628
0.285712 0.285712 0.428576
0.103441 0.379353 0.517206
0.0999998 0.9 0
0.214265 0.000102464 0.785632
0.586141 0.000103387 0.413756
0.298371 0.105243 0.596386
0.44828 0.0689633 0.482757
0.103436 0.275849 0.620715
