0.241379 0.448282 0.310339
0.0666673 0.0666673 0.866665
0.310345 0.310345 0.37931
0.866662 0.133338 0
0.13334 0.86666 0
0.482762 0.137926 0.379313
0.607142 0.392858 0
0.480001 0.519999 0
0.413749 0.000103329 0.586148
0.137929 0.517241 0.34483
0.166648 9.08889e-05 0.833261
0.620679 0.0689677 0.310353
0.269238 0.730762 0
0.586139 0.000103431 0.413757
0.0689566 0.34483 0.586213
0.966667 0.0333335 0
0.0333329 0.966667 0
0.13793 0.413793 0.448277
0.733334 0.266666 0
0.392854 0.357146 0.25
0.379368 0.0689586 0.551673
0.586206 0.137932 0.275863
0.4 0.6 0
0.214287 0.32143 0.464283
0.000103417 0.137924 0.861973
0.543685 0.0679676 0.388347
0.103449 0.586199 0.310352
0.214234 9.94756e-05 0.785666
0.000103424 0.379272 0.620625
0.148147 0.444445 0.407409
0.444443 0.148148 0.407409
0.892857 0.107143 0
0.639939 0.000101017 0.35996
0.642852 0.357148 0
0.107297 0.0343346 0.858368
0.37037 0.62963 0
0.107142 0.892858 0
0.206894 0.241385 0.551721
0.517187 0.000103414 0.48271
0.9999 9.99241e-05 0
0.000103437 0.517187 0.48271
9.98639e-05 0.9999 0
0.142858 0.214287 0.642855
0.239997 0.760003 0
0.333337 0.333337 0.333326
0.499999 0.250001 0.25
0.346114 0.000103224 0.653783
9.38277e-05 9.46974e-05 0.999811
0.137919 0.344896 0.517185
0.517242 0.482758 0
0.000103393 0.241354 0.758542
0.0344819 0.689665 0.275853
0.108647 0.311985 0.579368
0.299409 0.187331 0.51326
0.766667 0.233333 0
0.000102192 0.749898 0.25
0.175252 0.123737 0.701011
0.249998 0.500002 0.25
0.310341 0.0689642 0.620694
0.250839 0.0681058 0.681055
0.000101066 0.60708 0.392819
0.712788 0.0356396 0.251572
0.413811 0.275853 0.310336
0.172417 0.827583 0
0.000103396 0.655105 0.344792
0.827585 0.172415 0
0.576927 0.423073 0
9.49187e-05 0.0666503 0.933255
0.379317 0.24137 0.379313
0.448265 0.206902 0.344833
0.699996 0.300004 0
0.0683223 0.409938 0.52174
0.136366 0.613634 0.25
0.214284 0.428573 0.357143
0.0666584 8.68356e-05 0.933255
0.43188 0.100253 0.467867
0.933332 0.0666682 0
0.0666696 0.93333 0
0.206892 0.172413 0.620694
0.0344822 0.275888 0.68963
0.448276 0.551724 0
0.647729 0.102271 0.25
0.464245 0.000100268 0.535655
0.303802 0.417729 0.27847
0.0689647 0.137931 0.793104
0.275965 0.137912 0.586123
0.749898 0.000102243 0.25
0.517235 0.172412 0.310353
0.344829 0.172412 0.482759
0.0669901 0.502388 0.430622
0.310345 0.689655 0
0.172413 0.551718 0.27587
0.137919 0.103438 0.758643
0.199999 0.800001 0
0.285711 0.285711 0.428578
0.275825 0.000102743 0.724072
0.103444 0.275862 0.620694
0.000103426 0.448227 0.551669
0.241377 0.379312 0.379312
0.0689553 0.206868 0.724177
