0.199998 0.800002 0
0.172382 0.344824 0.482794
0.206887 0.206887 0.586226
0.448493 0.103176 0.448331
0.0689615 0.448245 0.482794
0.800037 0.199963 0
0.607137 0.392863 0
0.482762 0.137925 0.379313
0.133335 0.866665 0
0.000103312 0.379269 0.620628
0.206891 0.448351 0.344758
0.480014 0.519986 0
0.655448 0.0689086 0.275643
0.0331889 0.0333285 0.933483
0.166682 9.31891e-05 0.833224
0.96667 0.0333297 0
0.0333325 0.966668 0
0.137939 0.413805 0.448257
0.357154 0.392845 0.250001
0.428568 0.285724 0.285708
0.586205 0.10345 0.310345
0.500039 0.24996 0.250001
0.44828 0.55172 0
0.234064 0.40121 0.364727
0.103451 0.586193 0.310356
0.214275 0.000102452 0.785623
0.142857 0.214285 0.642859
0.000102136 0.749897 0.250001
0.269233 0.730767 0
0.44445 0.14814 0.40741
0.642835 0.357165 0
0.0687688 0.349209 0.582022
0.107138 0.892862 0
0.000100227 0.655108 0.344792
0.370389 0.629611 0
0.0344875 0.689662 0.275851
0.0714281 0.0714281 0.857144
0.27587 0.448298 0.275832
0.653775 0.000102637 0.346122
0.517188 0.00010341 0.482709
0.240002 0.240002 0.519995
0.58609 0.000101481 0.413808
0.242918 0.0688182 0.688263
0.9999 9.97149e-05 0
9.99898e-05 0.9999 0
0.216905 0.313138 0.469957
0.448265 0.206913 0.344822
0.712788 0.035642 0.25157
0.000103377 0.517188 0.482709
9.84185e-05 9.84531e-05 0.999803
0.543685 0.0679579 0.388357
0.517236 0.482764 0
0.239996 0.760004 0
0.16854 0.12472 0.70674
0.310343 0.310343 0.379313
0.34612 9.43838e-05 0.653786
0.0001011 0.185136 0.814763
0.309923 0.10353 0.586547
0.25 0.5 0.250001
0.333334 0.333334 0.333332
0.766693 0.233307 0
0.000100982 0.607071 0.392828
0.426349 0.0337452 0.539906
0.172431 0.827569 0
0.310343 0.689657 0
0.357133 0.214286 0.428581
0.0999947 4.37412e-05 0.899962
0.379302 0.310353 0.310345
0.833346 0.166654 0
0.933335 0.0666648 0
0.699975 0.300025 0
0.0344825 0.241383 0.724135
0.399998 0.600002 0
0.576925 0.423075 0
0.749897 0.000102244 0.25
0.000100651 0.439965 0.559934
0.136363 0.613636 0.250001
0.551857 0.172403 0.275741
0.0666656 0.933334 0
7.21282e-05 0.0999918 0.899936
0.103447 0.37932 0.517233
0.103452 0.103452 0.793096
0.892857 0.107143 0
0.275861 0.172409 0.551729
0.172434 0.517208 0.310358
0.27583 0.000102442 0.724067
0.613644 0.136355 0.250001
0.172413 0.275858 0.551728
0.0669861 0.502304 0.43071
0.14815 0.444437 0.407413
0.395714 0.100685 0.503601
0.000101987 0.319932 0.679966
0.275873 0.275873 0.448254
0.241382 0.137921 0.620697
0.241364 0.344826 0.41381
0.0689473 0.172366 0.758687
0.103438 0.275857 0.620704
0.392749 9.50674e-05 0.607156
0.379302 0.241377 0.379321
0.733328 0.266672 0
