0.103448 0.275861 0.620691
0.310346 0.37931 0.310345
0.379311 0.310345 0.310345
0.133334 0.866666 0
0.866656 0.133344 0
0.48276 0.137929 0.379311
0.607143 0.392857 0
0.41374 0.000103324 0.586157
0.137931 0.517241 0.344828
0.166652 9.99472e-05 0.833248
0.620692 0.0689622 0.310346
0.26923 0.73077 0
0.586146 0.000103419 0.41375
0.275863 0.241379 0.482758
0.96667 0.0333295 0
0.0333323 0.966668 0
0.0689468 0.344827 0.586227
0.310345 0.0689643 0.620691
0.000103431 0.655105 0.344792
0.586208 0.137933 0.275859
0.749898 0.000102173 0.25
0.48 0.52 0
0.103476 0.586096 0.310428
0.00010336 0.379271 0.620625
0.000102258 0.749898 0.25
0.46424 0.000100436 0.535659
0.892861 0.107139 0
0.107296 0.0343348 0.858369
0.642851 0.357149 0
0.712795 0.0356366 0.251569
0.214267 0.000102463 0.785631
0.107142 0.892858 0
0.37931 0.241379 0.379311
0.733335 0.266665 0
0.137929 0.413793 0.448278
0.37931 0.0689655 0.551724
0.137931 0.103447 0.758622
0.108621 0.311966 0.579413
0.444443 0.148149 0.407408
9.79667e-05 8.46648e-05 0.999817
0.299464 0.187166 0.513371
0.333333 0.333333 0.333334
0.517231 0.482769 0
0.517188 0.000103396 0.482709
0.0344886 0.689653 0.275859
0.142855 0.214284 0.64286
9.99269e-05 0.9999 0
0.136363 0.613637 0.25
0.199999 0.800001 0
0.500003 0.249997 0.25
0.175251 0.123743 0.701006
0.24 0.76 0
0.357144 0.392856 0.25
0.250849 0.068106 0.681045
0.639935 0.00010104 0.359964
0.448278 0.551722 0
0.346117 0.000103225 0.65378
0.9999 9.99826e-05 0
0.25 0.5 0.25
0.00010106 0.607081 0.392818
0.0344826 0.275862 0.689656
0.000103427 0.137916 0.861981
0.31034 0.68966 0
0.0666663 0.933334 0
0.827583 0.172417 0
0.576925 0.423075 0
0.148146 0.444446 0.407408
0.0689659 0.137932 0.793102
0.172415 0.827585 0
0.699996 0.300004 0
0.0683229 0.409938 0.521739
0.000103415 0.241355 0.758542
0.399999 0.600001 0
0.543689 0.0679618 0.388349
0.214285 0.42857 0.357146
0.000103424 0.517187 0.482709
0.0666595 8.23065e-05 0.933258
0.933334 0.0666663 0
0.206897 0.241379 0.551724
0.647721 0.102279 0.25
0.275865 0.13793 0.586204
0.51724 0.172414 0.310346
0.428571 0.285712 0.285717
0.214285 0.321429 0.464287
0.344831 0.172413 0.482756
0.370371 0.629629 0
0.0669814 0.502394 0.430624
0.172413 0.551725 0.275862
0.275856 0.344831 0.379313
0.0333355 0.066671 0.899993
0.76667 0.23333 0
0.431878 0.100254 0.467868
0.310342 0.275862 0.413795
0.275833 0.0001034 0.724063
0.275863 0.448275 0.275862
0.137905 0.34495 0.517144
0.000103418 0.44823 0.551667
0.448278 0.206892 0.344829
0.206897 0.172414 0.62069
0.0689584 0.206879 0.724163
