0.275858 0.103443 0.620698
0.799989 0.200011 0
0.310282 0.310409 0.379308
0.133335 0.866665 0
0.137923 0.482764 0.379314
0.392867 0.607133 0
0.448343 0.206823 0.344833
0.519996 0.480004 0
9.99172e-05 0.16665 0.833251
0.0689629 0.620691 0.310346
0.344835 0.0689657 0.586199
0.73077 0.26923 0
0.000103313 0.58614 0.413757
0.413732 0.137899 0.448369
0.966667 0.033333 0
0.0333334 0.966667 0
0.241369 0.310398 0.448232
0.266667 0.733333 0
0.214287 0.142858 0.642855
0.0666645 0.0333322 0.900003
0.321427 0.214285 0.464288
0.892857 0.107143 0
0.586064 0.103482 0.310454
0.148144 0.444448 0.407408
0.866667 0.133333 0
0.100227 0.432038 0.467734
0.310344 0.379311 0.310345
0.444435 0.148153 0.407412
0.749898 0.000102244 0.25
0.000102259 0.749898 0.25
0.689655 0.310345 0
9.74458e-05 0.639945 0.359957
0.357144 0.642856 0
0.18716 0.299447 0.513393
0.0343366 0.107277 0.858386
0.285709 0.428563 0.285727
0.629629 0.370371 0
0.137929 0.586213 0.275858
0.249998 0.500002 0.25
0.311924 0.108634 0.579443
0.233329 0.766671 0
0.9999 9.99593e-05 0
0.107142 0.892858 0
0.760002 0.239998 0
0.000103369 0.413741 0.586155
0.333334 0.333334 0.333332
0.517188 0.000103405 0.482709
9.77002e-05 9.74069e-05 0.999805
0.48276 0.51724 0
0.000102436 0.214266 0.785632
0.00010342 0.517188 0.482709
0.137919 0.000103225 0.861978
0.172418 0.10344 0.724141
0.0689597 0.310342 0.620698
0.689662 0.0344827 0.275856
0.123766 0.175247 0.700987
0.241358 0.000103395 0.758539
0.000103206 0.346127 0.65377
0.5 0.25 0.25
0.172426 0.827574 0
0.551727 0.448273 0
0.448292 0.275855 0.275853
0.607077 9.88678e-05 0.392824
9.99467e-05 0.9999 0
0.827586 0.172414 0
0.423069 0.576931 0
0.44823 0.000103004 0.551667
0.0681473 0.250436 0.681417
0.241378 0.379313 0.379308
0.379272 0.000103393 0.620625
0.137928 0.0689638 0.793108
0.300015 0.699985 0
0.409953 0.068324 0.521723
0.172409 0.517246 0.310345
0.0679569 0.543696 0.388348
0.102273 0.647727 0.25
0.613639 0.136361 0.25
0.401206 0.234074 0.36472
9.81196e-05 0.0666592 0.933243
0.0666689 0.933331 0
0.517252 0.172402 0.310346
0.933336 0.0666638 0
0.502388 0.0669861 0.430626
0.0356399 0.712787 0.251573
0.275876 0.034482 0.689642
0.241385 0.206895 0.55172
0.392858 0.357142 0.25
9.89936e-05 0.464228 0.535673
0.137933 0.275872 0.586195
0.172414 0.344829 0.482757
0.206864 0.448303 0.344833
0.103447 0.13793 0.758622
0.517239 0.103448 0.379313
0.285725 0.285756 0.428518
0.0689574 0.379339 0.551704
0.000103334 0.275833 0.724064
0.172412 0.206889 0.620698
0.345174 0.137863 0.516963
0.6 0.4 0
0.655119 0.000103408 0.344778
