0.800011 0.199989 0
0.2 0.8 0
0.413801 0.206889 0.37931
0.310345 0.310345 0.37931
0.862068 0.137932 0
0.133334 0.866666 0
0.0999994 0.166666 0.733335
0.399998 0.600002 0
0.275863 0.172414 0.551724
0.519999 0.480001 0
0.16665 9.98279e-05 0.83325
0.269234 0.730766 0
0.730767 0.269233 0
0.275861 0.413795 0.310344
0.966671 0.0333292 0
0.033333 0.966667 0
0.103446 0.379313 0.517241
0.655104 0.000103437 0.344792
0.43191 0.10025 0.46784
0.321428 0.214285 0.464287
0.482764 0.517236 0
0.000103356 0.310314 0.689583
0.310331 0.103452 0.586217
0.58594 0.103516 0.310544
0.14286 0.428568 0.428572
0.214262 0.000102364 0.785635
0.241391 0.482734 0.275875
0.366669 0.633331 0
0.107142 0.892858 0
0.000102449 0.615322 0.384576
0.137929 0.103447 0.758624
0.107298 0.0343353 0.858366
0.0689654 0.137928 0.793106
0.103451 0.586204 0.310346
0.321427 0.428572 0.250001
0.24 0.24 0.52
0.333333 0.333331 0.333335
0.448274 0.275861 0.275865
0.749897 0.000102253 0.250001
0.0344768 0.413783 0.55174
0.517188 0.000103264 0.482709
0.214286 0.17857 0.607144
0.9999 9.97982e-05 0
9.99005e-05 0.233309 0.766591
0.275829 0.00010338 0.724067
9.54589e-05 8.52603e-05 0.999819
0.551722 0.448278 0
0.760005 0.239995 0
0.892858 0.107142 0
0.629628 0.370372 0
0.68966 0.0344841 0.275856
0.168339 0.124749 0.706912
0.0689663 0.344842 0.586192
0.247862 0.0683833 0.683755
9.99907e-05 0.9999 0
0.035712 0.714287 0.250001
0.500008 0.249991 0.250001
0.000103317 0.103428 0.896469
0.551721 0.172415 0.275865
0.6 0.4 0
0.240002 0.759998 0
0.444444 0.148148 0.407407
0.346139 0.000103162 0.653758
0.204192 0.544506 0.251302
0.000103297 0.379272 0.620625
9.99753e-05 0.733266 0.266634
0.93333 0.06667 0
0.142855 0.214284 0.642861
0.607071 0.000100411 0.392829
0.425553 0.0337891 0.540658
0.0334118 0.501166 0.465422
0.178566 0.321451 0.499983
0.172417 0.827583 0
0.0344783 0.655176 0.310346
0.827565 0.172435 0
0.689658 0.310342 0
0.241375 0.137923 0.620702
0.241388 0.379302 0.37931
0.310336 0.689664 0
0.407433 0.296253 0.296314
0.0684599 0.520779 0.410761
0.136367 0.613632 0.250001
0.42857 0.57143 0
0.613636 0.136363 0.250001
0.172417 0.482757 0.344826
0.0666677 0.933332 0
0.482764 0.17241 0.344825
0.0666627 9.77451e-05 0.93324
0.344948 0.137906 0.517146
0.502388 0.066992 0.43062
0.0689602 0.241366 0.689674
0.285715 0.285713 0.428573
0.172414 0.275862 0.551725
9.99736e-05 0.16665 0.83325
0.392861 0.249997 0.357142
0.103447 0.275863 0.620689
0.392857 0.357142 0.250001
0.392817 0.000101057 0.607082
0.000103432 0.482713 0.517183
0.206896 0.344827 0.448277
