0.482763 0.137924 0.379313
0.600001 0.399999 0
0.200001 0.799999 0
0.13792 0.482767 0.379314
0.866665 0.133335 0
0.172415 0.34483 0.482754
0.103446 0.448276 0.448277
0.344816 0.206906 0.448278
0.275862 0.37931 0.344827
0.48 0.52 0
0.000103434 0.41375 0.586147
9.99846e-05 0.166669 0.833231
0.344828 0.0689639 0.586208
0.269231 0.730769 0
0.966666 0.0333344 0
0.0689615 0.310347 0.620692
0.448275 0.551725 0
0.392857 0.357143 0.25
0.103464 0.586144 0.310393
0.137916 0.000103383 0.861981
0.000102445 0.214269 0.785629
0.379271 0.000103436 0.620625
0.172414 0.51724 0.310346
0.607161 0.142839 0.25
0.44823 0.000101294 0.551669
0.89286 0.10714 0
0.639935 0.000100388 0.359964
0.187173 0.299459 0.513368
0.629629 0.370371 0
0.000102228 0.749898 0.25
0.0343358 0.107294 0.85837
0.400002 0.599998 0
0.517185 0.000103337 0.482712
0.51724 0.48276 0
0.586153 0.000100266 0.413747
0.482759 0.241379 0.275862
0.407407 0.185185 0.407408
0.333333 0.333333 0.333333
0.272557 0.254613 0.47283
0.311802 0.108664 0.579534
0.9999 9.99772e-05 0
0.21428 0.142853 0.642867
9.57585e-05 9.57725e-05 0.999808
0.123807 0.175239 0.700954
9.99903e-05 0.9999 0
0.0689665 0.379314 0.55172
0.24 0.76 0
0.370374 0.629626 0
0.766666 0.233334 0
0.000103436 0.517185 0.482712
0.148146 0.444446 0.407408
0.749898 0.00010224 0.25
0.136367 0.613633 0.25
0.71279 0.0356379 0.251572
0.25 0.5 0.25
0.107144 0.892856 0
0.00010321 0.346122 0.653775
0.0344858 0.689652 0.275862
0.551724 0.103447 0.344828
0.689655 0.310345 0
0.000101023 0.607078 0.392821
0.137931 0.275866 0.586203
0.17242 0.82758 0
0.310345 0.689655 0
0.431908 0.0668338 0.501258
0.0666714 0.0333357 0.899993
0.000103414 0.655105 0.344792
0.0681184 0.250701 0.681181
0.137927 0.0689637 0.793109
0.20697 0.413755 0.379275
0.517243 0.172413 0.310345
0.571433 0.428567 0
9.9926e-05 0.0666716 0.933228
0.0666646 0.933335 0
0.933336 0.0666642 0
0.413794 0.275862 0.310344
0.275871 0.0344813 0.689648
0.827587 0.172413 0
0.24998 0.21427 0.53575
0.502394 0.0669882 0.430618
0.000100434 0.464258 0.535641
0.535714 0.214286 0.25
0.241357 0.00010317 0.75854
0.285714 0.428573 0.285713
0.241379 0.344831 0.41379
0.0669849 0.502397 0.430618
0.344829 0.27586 0.379311
0.103446 0.137931 0.758623
0.275859 0.172412 0.551729
0.134044 0.396901 0.469056
0.34485 0.13794 0.51721
0.448278 0.206893 0.344828
0.133345 0.866655 0
0.620688 0.0689671 0.310345
0.000103297 0.275825 0.724072
0.730769 0.269231 0
0.172416 0.206892 0.620692
0.0333301 0.96667 0
0.206887 0.0689618 0.724151
0.413793 0.13793 0.448277
