0.200102 0.799898 0
0.103299 0.275839 0.620862
0.399998 0.600002 0
0.0674872 0.609747 0.322766
0.800006 0.199994 0
0.2758 0.379232 0.344968
0.866649 0.133351 0
0.13793 0.86207 0
0.379655 0.171567 0.448779
0.233197 0.166537 0.600265
0.166844 9.4484e-05 0.833062
0.0689118 0.344872 0.586217
0.730773 0.269227 0
0.172414 0.517238 0.310349
0.172177 0.379279 0.448544
0.0333301 0.96667 0
0.258138 0.269881 0.47198
0.357199 0.392772 0.250029
0.379313 0.068943 0.551744
0.178584 0.571416 0.25
0.206852 0.448237 0.344911
0.214362 5.50486e-05 0.785583
0.0344656 0.1384 0.827135
0.586198 0.103456 0.310347
0.185185 0.406971 0.407843
0.107141 0.892859 0
0.213517 0.249376 0.537107
0.000100355 0.640003 0.359897
0.000102117 0.749898 0.25
0.206891 0.310314 0.482795
0.551725 0.448275 0
0.892857 0.107143 0
9.62563e-05 0.379036 0.620868
0.370403 0.629597 0
0.299393 0.187432 0.513175
0.108653 0.311915 0.579433
0.517181 0.000103405 0.482716
0.500007 0.249993 0.25
0.0687111 0.206114 0.725175
0.333334 0.333334 0.333333
0.344804 0.241388 0.413808
9.98491e-05 0.9999 0
0.9999 9.99733e-05 0
0.175198 0.123966 0.700836
0.233332 0.766668 0
0.482786 0.172373 0.344841
8.94134e-05 9.70508e-05 0.999814
0.629617 0.370383 0
0.48276 0.51724 0
0.275876 8.77509e-05 0.724036
0.759997 0.240003 0
8.88561e-05 0.241228 0.758684
0.000103438 0.517183 0.482713
0.172479 0.827521 0
0.444442 0.148148 0.40741
0.107288 0.0343899 0.858322
0.428536 0.285689 0.285775
0.0356406 0.712786 0.251573
0.346098 0.000103228 0.653799
0.241387 0.48279 0.275823
0.103523 0.55141 0.345067
0.142854 0.214286 0.642859
0.300168 0.0994865 0.600345
0.310263 0.689737 0
0.413701 8.34635e-05 0.586216
0.607038 9.99996e-05 0.392862
0.827581 0.172419 0
0.24958 0.359751 0.390669
0.689655 0.310345 0
0.0336359 0.538152 0.428213
0.0662957 0.431592 0.502112
0.689657 0.0344836 0.27586
0.249395 0.068243 0.682362
6.38927e-05 0.0999932 0.899943
0.410833 0.212543 0.376624
0.0666288 5.05482e-05 0.933321
0.613617 0.136383 0.25
0.428528 0.571472 0
0.933334 0.0666664 0
0.0666661 0.933334 0
0.0344273 0.275633 0.68994
0.137937 0.103448 0.758615
0.103308 0.620803 0.275889
0.464276 6.26771e-05 0.535662
0.276728 0.13798 0.585293
0.502407 0.0669536 0.43064
0.519999 0.480001 0
0.55172 0.17242 0.27586
0.310345 0.310345 0.379309
0.137379 0.34784 0.514781
0.37942 0.275796 0.344785
7.04336e-05 0.449182 0.550747
0.137949 0.44855 0.413501
0.285772 0.464228 0.25
0.269254 0.730746 0
0.749898 0.000102253 0.25
0.396555 0.100634 0.502811
0.600001 0.399999 0
0.655124 0.000101272 0.344774
0.966668 0.0333317 0
