0.275854 0.103449 0.620697
0.80004 0.19996 0
0.379313 0.310345 0.310342
0.86666 0.13334 0
0.137918 0.482767 0.379315
0.392859 0.607141 0
0.519993 0.480007 0
0.000103421 0.413728 0.586169
0.51725 0.137916 0.344834
9.99677e-05 0.166665 0.833235
0.0689634 0.620693 0.310343
0.730766 0.269234 0
0.344839 0.0689628 0.586198
0.000103337 0.586143 0.413754
0.24138 0.275861 0.482759
0.0333285 0.966672 0
0.966669 0.0333311 0
0.266666 0.733334 0
0.655112 0.000103393 0.344785
0.0689589 0.310344 0.620697
0.392852 0.357148 0.25
0.137929 0.586209 0.275861
0.137913 0.000103247 0.861983
0.585937 0.103516 0.310547
0.214283 0.142855 0.642862
0.379272 0.000102294 0.620626
0.444443 0.148149 0.407408
0.275862 0.310349 0.413789
0.749898 0.000102262 0.25
0.892858 0.107142 0
0.107141 0.892859 0
0.187401 0.299379 0.51322
0.137936 0.862064 0
0.000101022 0.639949 0.35995
0.31035 0.379317 0.310333
0.689669 0.0344778 0.275853
0.0343355 0.107289 0.858375
0.629629 0.370371 0
0.0689658 0.379311 0.551723
0.32143 0.214287 0.464284
0.000102433 0.21426 0.785638
0.333333 0.333334 0.333333
9.93055e-05 0.0666428 0.933258
0.241355 0.000103431 0.758542
0.689659 0.310341 0
0.000103435 0.517188 0.482709
0.000100191 0.464239 0.535661
0.517188 0.000103435 0.482709
0.346719 0.137518 0.515763
0.311866 0.108954 0.57918
0.9999 9.99486e-05 0
0.000103428 0.275827 0.724069
0.148149 0.444442 0.407408
9.79695e-05 9.91458e-05 0.999803
0.000103156 0.346124 0.653773
0.482759 0.517241 0
0.123816 0.17524 0.700944
0.76 0.24 0
0.206878 0.0689528 0.724169
9.99324e-05 0.9999 0
0.25 0.5 0.25
0.233335 0.766665 0
0.0356424 0.712791 0.251567
0.551726 0.448274 0
0.607083 0.000101147 0.392816
0.000102181 0.749898 0.25
0.137935 0.0689675 0.793097
0.827583 0.172417 0
0.241374 0.37931 0.379317
0.423069 0.576931 0
0.0681647 0.25019 0.681646
0.285724 0.428585 0.285691
0.300005 0.699995 0
0.409938 0.0683174 0.521745
0.0679676 0.543701 0.388332
0.344852 0.275826 0.379322
0.613628 0.136372 0.25
0.428573 0.214287 0.35714
0.933335 0.0666654 0
0.0666688 0.933331 0
0.5 0.25 0.25
0.275853 0.0344806 0.689667
0.241376 0.2069 0.551723
0.102271 0.647729 0.25
0.172413 0.827587 0
0.137929 0.275875 0.586196
0.172416 0.517242 0.310342
0.066684 0.033342 0.899974
0.172414 0.344828 0.482758
0.502382 0.0669884 0.43063
0.551716 0.172422 0.275862
0.103445 0.137926 0.758629
0.448229 0.000103334 0.551667
0.600001 0.399999 0
0.448275 0.275863 0.275862
0.413706 0.137905 0.448388
0.357145 0.642855 0
0.206901 0.448265 0.344834
0.100258 0.43187 0.467873
0.172418 0.206902 0.62068
