0.8 0.2 0
0.0666595 0.0666596 0.866681
0.310345 0.310346 0.379309
0.310346 0.37931 0.310344
0.482765 0.137926 0.379309
0.866666 0.133334 0
0.133336 0.866664 0
0.392858 0.607142 0
0.448276 0.206897 0.344828
0.519999 0.480001 0
0.137927 0.482762 0.379311
0.068964 0.620691 0.310345
0.73077 0.26923 0
0.344825 0.0689645 0.586211
0.966668 0.0333316 0
0.0333334 0.966667 0
0.413792 0.13793 0.448279
0.266668 0.733332 0
0.214285 0.142856 0.642859
0.137931 0.586206 0.275862
0.392856 0.357144 0.25
0.300001 0.699999 0
0.137916 0.000103238 0.861981
0.321426 0.214284 0.46429
0.0666594 9.74676e-05 0.933243
0.000102457 0.214269 0.785629
0.586201 0.103453 0.310346
0.379271 0.000103428 0.620625
0.401217 0.234041 0.364742
0.0689643 0.379315 0.551721
0.10714 0.89286 0
0.275862 0.103447 0.620691
0.892858 0.107142 0
0.187175 0.299462 0.513363
0.0343346 0.107296 0.858369
0.000101041 0.639936 0.359963
0.760001 0.239999 0
0.311912 0.108774 0.579314
0.00010343 0.517188 0.482709
0.172409 0.206898 0.620693
0.517188 0.000103319 0.482709
0.103448 0.137927 0.758625
0.123954 0.17521 0.700836
0.333333 0.333333 0.333334
0.000103381 0.275824 0.724073
0.444445 0.148147 0.407408
9.6683e-05 9.19766e-05 0.999811
9.99711e-05 0.9999 0
0.344833 0.137931 0.517237
0.241356 0.000103326 0.75854
0.000103432 0.586145 0.413751
0.25 0.5 0.25
0.749897 0.000102205 0.25
0.0356392 0.712786 0.251575
0.9999 9.99523e-05 0
0.482759 0.517241 0
0.233326 0.766674 0
0.689663 0.0344805 0.275856
0.357143 0.642857 0
0.44823 0.000103423 0.551667
0.000103221 0.346118 0.653779
0.499999 0.25 0.25
0.517239 0.172414 0.310346
0.551725 0.448275 0
0.000100426 0.464243 0.535657
0.607078 0.000101169 0.392821
0.000102256 0.749897 0.25
0.000103356 0.41375 0.586146
0.827583 0.172417 0
0.68966 0.31034 0
0.172413 0.827587 0
0.0666674 0.933333 0
9.76031e-05 0.166648 0.833255
0.423077 0.576923 0
0.0681009 0.250892 0.681007
0.148149 0.444441 0.40741
0.241378 0.379313 0.379309
0.6 0.4 0
0.409941 0.0683217 0.521737
0.629624 0.370376 0
0.067964 0.543691 0.388345
0.137929 0.0689648 0.793106
0.613637 0.136363 0.25
9.84557e-05 0.0666584 0.933243
0.137932 0.275866 0.586202
0.933328 0.0666721 0
0.275864 0.0344826 0.689654
0.100258 0.431876 0.467866
0.241379 0.2069 0.551721
0.102272 0.647727 0.25
0.172415 0.517239 0.310346
0.285717 0.428572 0.28571
0.172414 0.344828 0.482759
0.502392 0.066985 0.430623
0.285714 0.285714 0.428571
0.448278 0.275859 0.275862
0.206896 0.448276 0.344828
0.172414 0.103444 0.724141
0.655104 0.000103411 0.344792
0.0689652 0.310344 0.620691
