0.4 0.6 0
0.17241 0.275857 0.551732
0.8 0.2 0
0.484218 0.137543 0.378239
0.866667 0.133333 0
0.133334 0.866666 0
0.344821 0.17241 0.482769
0.44828 0.103439 0.448281
0.20689 0.344829 0.448281
0.379308 0.275862 0.34483
0.52 0.48 0
0.137923 0.482758 0.379319
0.413748 0.000103422 0.586148
0.172413 0.517242 0.310345
0.0689657 0.344825 0.586209
0.730769 0.269231 0
0.000103363 0.586142 0.413755
0.0333317 0.966668 0
0.966668 0.0333318 0
0.310343 0.0689628 0.620694
0.655105 0.00010336 0.344792
0.275893 0.137925 0.586182
0.000103401 0.137916 0.86198
0.749898 0.000102248 0.25
0.428571 0.571429 0
0.10714 0.89286 0
0.444597 0.148108 0.407295
0.551725 0.448275 0
0.000103435 0.517188 0.482709
0.892858 0.107142 0
0.253816 0.274816 0.471368
0.107294 0.0343365 0.858369
0.108642 0.311944 0.579414
0.0689665 0.620685 0.310348
0.629627 0.370373 0
9.99589e-05 0.9999 0
0.689659 0.310341 0
0.517188 0.000103437 0.482709
0.760009 0.239991 0
0.0344803 0.27585 0.68967
0.357146 0.392853 0.25
9.76438e-05 9.40202e-05 0.999808
0.142857 0.607143 0.25
0.000103289 0.379274 0.620623
0.599998 0.400002 0
0.370367 0.629633 0
0.346116 0.000103213 0.653781
0.066663 0.933337 0
0.214272 0.535723 0.250005
0.175218 0.123915 0.700868
0.5 0.25 0.25
0.586188 0.103453 0.310359
0.933332 0.0666682 0
0.233332 0.766668 0
0.0668605 0.43169 0.50145
0.142858 0.214287 0.642856
0.9999 9.98582e-05 0
0.214266 0.000102454 0.785631
0.206898 0.448272 0.34483
0.000103369 0.241354 0.758543
0.333334 0.333334 0.333332
0.035642 0.712786 0.251572
0.000102212 0.749898 0.25
0.000100984 0.639939 0.35996
0.379341 0.068962 0.551697
0.206893 0.172414 0.620693
0.241378 0.482757 0.275864
0.103463 0.551659 0.344877
0.310341 0.689659 0
0.689662 0.0344892 0.275849
0.60708 0.000100283 0.39282
0.827586 0.172414 0
0.172422 0.827578 0
0.250899 0.0680997 0.681001
0.48276 0.51724 0
0.413774 0.206933 0.379293
0.0666564 7.27727e-05 0.933271
0.214271 0.250005 0.535725
0.613633 0.136367 0.25
0.464241 0.0001004 0.535658
0.0669838 0.502394 0.430622
0.344827 0.241379 0.413793
0.428569 0.285715 0.285716
0.517241 0.172414 0.310345
0.103446 0.172413 0.724141
0.166651 9.99047e-05 0.833249
0.502393 0.0669843 0.430622
0.0689627 0.137925 0.793112
0.275854 0.344846 0.3793
0.185185 0.407404 0.407411
0.13793 0.103447 0.758623
0.137895 0.345003 0.517102
0.0333132 0.0666651 0.900022
0.275825 0.000103409 0.724072
0.269234 0.730766 0
0.396794 0.134269 0.468938
0.000103418 0.448233 0.551664
0.137931 0.413795 0.448274
0.299462 0.187164 0.513375
0.275862 0.413793 0.310346
