0.103428 0.482761 0.413811
0.133358 0.866642 0
0.310295 0.20685 0.482855
0.206893 0.413796 0.379311
0.866639 0.133361 0
0.199999 0.800001 0
0.000103345 0.379265 0.620632
0.519999 0.480001 0
0.517234 0.137919 0.344848
0.0689537 0.655223 0.275823
0.730768 0.269232 0
0.0333082 0.0333082 0.933384
0.0333222 0.966678 0
0.966668 0.0333323 0
0.266668 0.733332 0
0.0666661 0.133335 0.799999
0.0666693 0.466644 0.466687
0.216935 0.313082 0.469983
0.827587 0.172413 0
0.357144 0.392856 0.25
0.310342 0.103448 0.58621
0.586157 0.103461 0.310381
0.0690458 0.349108 0.581846
0.310344 0.310344 0.379311
0.000103217 0.653782 0.346115
0.444444 0.148149 0.407407
0.172378 0.482874 0.344749
0.000101838 0.185147 0.814751
0.107141 0.892859 0
0.655115 0.000103268 0.344782
0.892865 0.107135 0
0.629625 0.370375 0
0.0999906 9.1681e-05 0.899918
0.240003 0.240003 0.519993
0.0356387 0.712789 0.251572
0.000103371 0.517184 0.482713
0.5 0.25 0.25
0.517186 0.000102575 0.482712
0.357144 0.642856 0
0.392812 0.000101178 0.607087
0.249996 0.500004 0.25
0.214319 0.000102182 0.785579
0.392858 0.607142 0
0.9999 9.98358e-05 0
0.275861 0.448278 0.275861
0.395716 0.10069 0.503594
9.99445e-05 0.9999 0
0.333333 0.333333 0.333333
0.357176 0.214213 0.428611
9.48476e-05 8.65627e-05 0.999819
0.148141 0.444433 0.407426
0.482758 0.517242 0
8.96529e-05 0.233311 0.766599
0.749898 0.000102009 0.25
0.103439 0.586229 0.310332
0.0714254 0.0714254 0.857149
0.000101777 0.749898 0.25
0.759999 0.240001 0
0.689655 0.0344833 0.275862
0.551725 0.448275 0
0.168364 0.124746 0.706891
0.346123 0.000103151 0.653774
0.233334 0.766666 0
0.607072 9.75254e-05 0.39283
0.799999 0.200001 0
0.142845 0.214287 0.642867
0.000101632 0.319963 0.679935
0.413805 0.137935 0.448259
0.426825 0.0337126 0.539463
0.172433 0.551725 0.275843
0.299999 0.700001 0
0.166666 0.833334 0
0.55173 0.172408 0.275862
0.423076 0.576924 0
0.0689644 0.206898 0.724138
0.00010069 0.440077 0.559823
0.275817 0.000103445 0.724079
0.249842 0.0681972 0.681961
0.613636 0.136364 0.25
0.689662 0.310338 0
0.25 0.392856 0.357144
0.464325 0.214219 0.321456
0.172405 0.275862 0.551733
0.0666648 0.933335 0
0.00010323 0.586144 0.413752
0.933332 0.0666684 0
9.57719e-05 0.0999902 0.899914
0.100724 0.395682 0.503594
0.379294 0.275859 0.344847
0.137923 0.103442 0.758635
0.276009 0.172394 0.551597
0.136362 0.613638 0.25
0.502401 0.0669799 0.430619
0.0679616 0.543688 0.38835
0.275869 0.275869 0.448262
0.417715 0.30381 0.278476
0.206869 0.1724 0.620731
0.166671 0.0333307 0.799999
0.103442 0.275853 0.620705
0.599999 0.400001 0
