0.482761 0.137927 0.379312
0.2 0.8 0
0.137927 0.482772 0.379301
0.133352 0.866648 0
0.866665 0.133335 0
0.103441 0.44828 0.448279
0.344829 0.206896 0.448275
0.480002 0.519998 0
0.000103427 0.413748 0.586148
0.517242 0.172413 0.310345
9.51792e-05 0.166648 0.833257
0.344824 0.0689659 0.58621
0.586141 0.000103422 0.413755
0.0333333 0.966667 0
0.0689643 0.310345 0.62069
0.000103421 0.655105 0.344792
0.448275 0.551725 0
0.571427 0.428573 0
0.0689606 0.379354 0.551685
0.607138 0.142862 0.25
0.103456 0.586176 0.310368
0.310344 0.689656 0
0.000102195 0.749898 0.25
0.44823 0.000103445 0.551667
0.892858 0.107142 0
0.379271 0.000103372 0.620626
0.639935 0.000100969 0.359964
0.599999 0.400001 0
0.107143 0.892857 0
0.392857 0.357143 0.25
0.62963 0.37037 0
0.187163 0.299459 0.513379
0.0344867 0.689655 0.275859
0.0343349 0.107299 0.858366
0.273937 0.254123 0.47194
0.370371 0.629629 0
0.311974 0.108636 0.579389
0.766668 0.233332 0
0.9999 9.99895e-05 0
0.730772 0.269228 0
9.99497e-05 0.9999 0
0.333335 0.333335 0.33333
0.517188 0.000103418 0.482709
0.502395 0.0669845 0.43062
9.99298e-05 9.96949e-05 0.9998
0.249999 0.500001 0.25
0.71279 0.0356377 0.251573
0.482762 0.24138 0.275859
0.214286 0.142858 0.642856
0.137918 0.000103433 0.861978
0.000100429 0.464249 0.535651
0.00010343 0.517188 0.482709
0.240001 0.759999 0
0.123872 0.175226 0.700903
0.241354 0.000103295 0.758542
0.275863 0.0344787 0.689659
0.000102461 0.214271 0.785626
0.000103204 0.346116 0.653781
0.551716 0.10345 0.344834
9.99868e-05 0.0666625 0.933237
0.689655 0.310345 0
0.966672 0.0333285 0
0.000101177 0.607081 0.392817
0.172413 0.344828 0.482759
0.172416 0.827584 0
0.749898 0.000102253 0.25
0.535714 0.214286 0.25
0.433322 0.0666677 0.50001
0.827587 0.172413 0
0.068101 0.250896 0.681003
0.137929 0.0689644 0.793106
0.206899 0.413792 0.379309
0.620668 0.0689701 0.310362
0.136364 0.613635 0.25
0.933334 0.0666659 0
0.0666652 0.933335 0
0.407404 0.185185 0.407412
0.25 0.21428 0.53572
0.137931 0.275863 0.586206
0.517241 0.482759 0
0.413794 0.137931 0.448275
0.241382 0.344827 0.413791
0.285716 0.428573 0.285711
0.172416 0.517236 0.310348
0.172413 0.103447 0.72414
0.0669823 0.502393 0.430624
0.344825 0.275867 0.379308
0.269231 0.730769 0
0.103446 0.13793 0.758624
0.344914 0.137913 0.517172
0.275863 0.17241 0.551726
0.066668 0.0333338 0.899998
0.448274 0.206897 0.344828
0.000103426 0.275827 0.72407
0.275862 0.379309 0.344828
0.13405 0.396894 0.469056
0.400001 0.599999 0
0.172413 0.206897 0.62069
0.148084 0.444685 0.407231
0.413793 0.275862 0.310345
