0.103449 0.275856 0.620696
0.285711 0.392859 0.32143
0.199998 0.800002 0
0.310343 0.310343 0.379315
0.137912 0.482773 0.379315
0.482767 0.137926 0.379307
0.607143 0.392857 0
0.480005 0.519995 0
0.166654 9.99552e-05 0.833246
0.206862 0.448372 0.344766
0.620688 0.0689661 0.310346
0.0689641 0.344819 0.586217
0.26923 0.73077 0
0.586146 0.000103426 0.41375
0.137925 0.413781 0.448293
0.0333293 0.966671 0
0.966669 0.0333308 0
0.733333 0.266667 0
0.392858 0.357142 0.25
0.214287 0.321429 0.464284
0.103521 0.585916 0.310563
0.000103425 0.137912 0.861985
0.639935 0.000101009 0.359964
0.892858 0.107142 0
0.642852 0.357148 0
0.107144 0.892856 0
0.142852 0.214277 0.642871
0.000103418 0.379271 0.620626
0.370377 0.629623 0
0.517241 0.482759 0
0.37932 0.0689607 0.55172
0.444442 0.14815 0.407408
9.55481e-05 9.85717e-05 0.999806
0.310347 0.24136 0.448293
0.000103444 0.517184 0.482712
0.000102251 0.749898 0.25
0.000100982 0.607085 0.392814
0.500002 0.249998 0.25
0.214277 0.000102343 0.785621
9.99798e-05 0.9999 0
0.517188 0.000103429 0.482709
0.310344 0.413794 0.275861
0.333335 0.333335 0.33333
0.206897 0.241381 0.551722
0.299451 0.187207 0.513342
0.58622 0.137938 0.275842
0.108643 0.311976 0.579381
0.175226 0.123869 0.700904
0.9999 9.99674e-05 0
0.148149 0.444444 0.407408
0.239997 0.760003 0
0.933334 0.0666663 0
0.25 0.5 0.25
0.107286 0.0343353 0.858378
0.766669 0.233331 0
0.0344834 0.689656 0.275861
0.000103413 0.241359 0.758538
0.712786 0.0356422 0.251572
0.413741 0.000103415 0.586156
0.346121 0.000103229 0.653776
0.136363 0.613637 0.25
0.448274 0.551726 0
0.275869 0.137933 0.586198
0.749898 0.000102248 0.25
0.172417 0.827583 0
0.543686 0.0679695 0.388345
0.310337 0.689663 0
0.827581 0.172419 0
0.576924 0.423076 0
0.250763 0.0681125 0.681125
0.379318 0.241375 0.379307
0.0689566 0.137913 0.79313
0.866649 0.133351 0
0.0666638 9.63049e-05 0.93324
0.0683272 0.409959 0.521714
0.517236 0.172416 0.310348
0.400002 0.599998 0
0.234055 0.401216 0.364728
0.133333 0.866667 0
0.0666679 0.933332 0
0.0344804 0.275909 0.689611
0.647726 0.102274 0.25
0.7 0.3 0
0.103441 0.172403 0.724155
0.172414 0.51724 0.310346
0.285714 0.285713 0.428573
0.344831 0.172413 0.482757
0.0669834 0.502397 0.43062
0.464238 0.00010038 0.535662
0.137918 0.103436 0.758646
0.0332057 0.0666692 0.900125
0.413791 0.275864 0.310346
0.431879 0.100254 0.467867
0.275808 0.000103364 0.724089
0.137852 0.3452 0.516947
0.000103429 0.448232 0.551665
0.448272 0.206893 0.344835
0.206891 0.172409 0.6207
0.000103032 0.655108 0.344789
0.31034 0.0689645 0.620696
