0.4 0.6 0
0.800002 0.199998 0
0.172416 0.275855 0.551729
0.48287 0.137901 0.379229
0.310348 0.413795 0.275857
0.86666 0.13334 0
0.344826 0.172412 0.482762
0.206897 0.344827 0.448276
0.379312 0.275852 0.344836
0.519999 0.480001 0
0.413748 0.000101447 0.58615
0.172414 0.51724 0.310346
0.166712 9.99565e-05 0.833188
0.0689568 0.344815 0.586228
0.730764 0.269236 0
9.96522e-05 0.586126 0.413775
0.966672 0.0333279 0
0.0333311 0.966669 0
0.275863 0.310344 0.413793
0.310375 0.0689618 0.620663
0.254004 0.274278 0.471718
0.655101 0.00010341 0.344795
0.000102774 0.137927 0.86197
0.396766 0.134325 0.468909
0.58613 0.103467 0.310403
0.108652 0.311871 0.579477
0.000103378 0.379304 0.620593
0.185175 0.407392 0.407433
0.107146 0.892854 0
0.299429 0.187265 0.513305
0.107233 0.0343406 0.858426
0.629624 0.370376 0
0.749898 0.000102242 0.25
0.214271 0.535729 0.25
0.000103411 0.517188 0.482709
0.175258 0.123717 0.701025
0.9999 9.99427e-05 0
0.23332 0.76668 0
0.241383 0.48276 0.275857
0.444474 0.14814 0.407386
0.333334 0.333333 0.333333
0.214285 0.0001024 0.785613
0.89285 0.10715 0
6.44806e-05 9.29117e-05 0.999843
0.000100871 0.639947 0.359952
0.370372 0.629628 0
0.482758 0.517242 0
0.357143 0.392857 0.25
0.760004 0.239996 0
0.551724 0.448276 0
0.689654 0.0344886 0.275857
0.344828 0.241379 0.413793
0.000103357 0.241351 0.758546
0.689671 0.310329 0
0.0356381 0.71279 0.251572
0.276007 0.137907 0.586086
0.142852 0.607148 0.25
0.346114 0.000103101 0.653783
0.137926 0.344912 0.517163
0.500001 0.249998 0.25
0.142857 0.214285 0.642858
0.310345 0.689655 0
0.448377 0.103339 0.448284
0.502386 0.0669811 0.430633
0.517188 0.000103343 0.482709
0.827582 0.172418 0
0.000101826 0.749898 0.25
0.613635 0.136365 0.25
0.133329 0.866671 0
0.066876 0.431563 0.501561
0.379321 0.0689635 0.551716
0.25074 0.068129 0.681131
0.172415 0.827585 0
0.0689655 0.137932 0.793102
0.413782 0.206918 0.3793
0.428575 0.571425 0
0.517239 0.172414 0.310347
0.0666554 6.85977e-05 0.933276
9.94906e-05 0.999901 0
0.933333 0.0666667 0
0.103444 0.551721 0.344835
0.0666754 0.933325 0
0.214283 0.249992 0.535725
0.0344801 0.27589 0.68963
1.24775e-05 0.0666631 0.933324
0.464239 0.000100124 0.535661
0.0669835 0.50239 0.430627
0.428575 0.285716 0.285709
0.275866 0.379302 0.344832
0.137932 0.103443 0.758625
0.275825 0.000103378 0.724072
0.0689425 0.62071 0.310347
0.206901 0.448264 0.344835
0.607084 0.000100832 0.392815
0.000103368 0.448233 0.551664
0.269241 0.730759 0
0.6 0.4 0
0.206889 0.172415 0.620696
0.103436 0.1724 0.724165
0.137931 0.413793 0.448276
