0.241085 0.414123 0.344792
0.240576 0.311354 0.44807
0.300022 8.10577e-05 0.699897
0.80002 0.19998 0
0.0666718 0.300294 0.633035
0.599993 0.400007 0
0.137729 0.34446 0.517811
0.200167 0.100056 0.699778
0.862067 0.137933 0
0.133339 0.866661 0
0.48 0.52 0
0.269232 0.730768 0
2.3399e-05 0.166864 0.833112
0.344574 0.0689416 0.586484
0.100182 0.0667869 0.833031
0.96668 0.0333195 0
0.033331 0.966669 0
0.448271 0.551729 0
0.103382 0.241219 0.655399
0.392772 0.357224 0.250004
0.103551 0.585801 0.310648
0.999901 9.92111e-05 0
0.571372 0.178625 0.250004
0.482781 0.24143 0.275789
0.000102096 0.749894 0.250004
0.640379 9.76647e-05 0.359523
7.24674e-05 0.21508 0.784848
0.600162 4.39094e-05 0.399794
0.629627 0.370373 0
0.892864 0.107136 0
0.187412 0.299419 0.513169
0.0344358 0.106978 0.858587
0.0682453 0.386071 0.545684
0.370379 0.629621 0
0.311644 0.108917 0.579439
0.620746 0.103405 0.275849
0.517182 0.000103383 0.482715
0.000102167 0.517158 0.48274
0.400004 0.599996 0
0.241314 6.59414e-05 0.75862
0.38537 0.229219 0.385411
0.428621 0.142889 0.42849
9.97967e-05 0.9999 0
0.285585 0.428621 0.285794
9.9197e-05 0.346113 0.653788
7.57787e-05 4.64492e-05 0.999878
0.107145 0.892855 0
0.123792 0.175242 0.700965
0.0666652 0.500153 0.433182
0.76667 0.23333 0
0.411589 0.06859 0.519821
0.137981 5.95292e-05 0.86196
0.517238 0.482762 0
0.239992 0.760008 0
0.0344794 0.689685 0.275835
0.71279 0.035647 0.251563
3.74477e-05 0.275892 0.724071
0.415701 0.277341 0.306958
0.250004 0.499993 0.250003
0.214286 0.142855 0.642859
0.93333 0.0666702 0
0.199992 0.800008 0
0.689639 0.310361 0
0.146184 0.451891 0.401925
0.000101053 0.60708 0.392819
0.55173 0.103478 0.344792
0.172428 0.0689679 0.758604
0.172417 0.827583 0
0.310331 0.689669 0
0.0998036 0.133366 0.766831
0.749896 0.000100295 0.250003
0.827598 0.172402 0
0.249755 0.357313 0.392932
0.103514 0.413633 0.482853
0.136362 0.613635 0.250003
0.571422 0.428578 0
8.9547e-05 0.0666278 0.933283
0.540935 0.0338042 0.425261
0.0666705 0.933329 0
0.276063 0.103418 0.62052
0.276025 0.0344327 0.689542
0.241632 0.20693 0.551439
0.483549 0.0689176 0.447533
0.173739 0.488131 0.338129
0.279008 0.242759 0.478233
8.55876e-05 0.433233 0.566682
0.103429 0.311443 0.585127
0.344901 0.172384 0.482715
0.482643 0.17231 0.345047
0.448518 6.31869e-05 0.551419
0.0665084 3.42918e-06 0.933488
0.172083 0.275749 0.552168
0.464246 0.285747 0.250007
0.730588 0.269412 0
0.333336 0.333336 0.333328
0.000103207 0.655116 0.344781
0.171579 0.382385 0.446036
0.310596 0.275708 0.413696
0.379054 6.61767e-05 0.62088
0.172396 0.551745 0.275859
