0.639995 0.360005 0
0.399961 9.98842e-05 0.599939
0.199998 0.800002 0
0.482762 0.241378 0.27586
0.44827 0.103449 0.448281
0.699998 0.300002 0
0.379302 0.206898 0.4138
0.133335 0.866665 0
0.482753 0.137932 0.379314
0.137931 0.241385 0.620685
0.0689502 0.551735 0.379315
0.137923 0.379313 0.482764
0.566666 0.433334 0
0.766667 0.233333 0
0.0333253 0.966675 0
0.966671 0.0333291 0
0.655178 0.0689594 0.275863
9.99753e-05 0.733261 0.266639
0.44465 0.258916 0.296434
0.140624 0.507822 0.351554
0.586171 0.103457 0.310372
9.98938e-05 0.9999 0
0.105589 0.26087 0.63354
0.178552 0.000102648 0.821345
0.538462 0.461538 0
0.400001 0.599999 0
0.799999 0.200001 0
0.933331 0.0666687 0
0.409095 0.147726 0.443178
0.107142 0.892858 0
0.0689893 0.0344946 0.896516
0.607143 0.392857 0
0.260864 0.105598 0.633537
0.24 0.76 0
0.269232 0.730768 0
0.000102412 0.615326 0.384572
0.629568 0.000100918 0.370331
0.239999 0.239999 0.520002
0.733261 9.99622e-05 0.266639
0.357147 0.392853 0.25
0.333334 0.333334 0.333333
0.00010344 0.482709 0.517188
0.9999 9.99327e-05 0
0.730774 0.269226 0
0.103446 0.103446 0.793109
0.319956 0.000101981 0.679942
9.69892e-05 9.82293e-05 0.999805
0.241383 0.137932 0.620685
0.666667 0.333333 0
0.857142 0.142858 0
0.464362 0.178437 0.357201
0.000103437 0.310315 0.689582
0.000102666 0.178552 0.821345
0.357141 0.249996 0.392863
0.714292 0.0357084 0.25
0.147729 0.409092 0.443178
0.48276 0.51724 0
0.0357149 0.714285 0.25
0.204194 0.544499 0.251307
0.366665 0.633335 0
0.0340968 0.386295 0.579609
0.172414 0.827586 0
0.482709 0.000103402 0.517188
0.386335 0.0340925 0.579573
0.101819 0.610763 0.287418
0.272337 0.306384 0.421278
0.206904 0.0689646 0.724131
0.310343 0.689657 0
0.51731 0.0689524 0.413738
0.125 0.125 0.750001
0.249999 0.464285 0.285716
0.321432 0.178563 0.500005
0.0333333 0.533345 0.433322
0.613637 0.136363 0.25
0.428571 0.571429 0
0.172414 0.310345 0.517241
0.0344812 0.103443 0.862076
0.206895 0.206895 0.58621
0.430622 0.0669845 0.502393
0.0689655 0.206904 0.724131
0.214283 0.392854 0.392863
0.172414 0.172414 0.655172
0.344836 0.103449 0.551716
0.103439 0.344885 0.551676
0.379311 0.275862 0.344827
0.428575 0.321425 0.25
0.566605 9.99823e-05 0.433295
0.233312 9.99463e-05 0.766588
0.249584 0.285872 0.464543
6.58016e-05 0.0666617 0.933273
0.0666671 0.933333 0
9.99751e-05 0.233312 0.766588
0.133326 9.71481e-05 0.866577
0.275863 0.413792 0.310345
0.0344778 0.655176 0.310346
0.0666613 0.46667 0.466669
0.899997 0.100003 0
0.535717 0.214283 0.25
0.170455 0.579545 0.25
0.000101424 0.357092 0.642807
