0.310337 0.206894 0.48277
0.8 0.2 0
0.206896 0.413795 0.379309
0.206894 0.206894 0.586212
0.137918 0.413781 0.448301
0.413789 0.137929 0.448283
0.866664 0.133336 0
0.200003 0.799997 0
0.392858 0.607142 0
0.0689599 0.482736 0.448304
0.520001 0.479999 0
0.517243 0.13793 0.344828
9.96407e-05 0.266656 0.733244
0.0689278 0.65536 0.275712
0.730762 0.269238 0
0.0333233 0.966677 0
0.166639 0.0333292 0.800032
0.310345 0.310346 0.379309
0.413796 0.310345 0.275859
0.266673 0.733327 0
0.392855 0.357144 0.25
0.214265 0.000102457 0.785633
0.613611 0.136388 0.25
0.585603 0.1036 0.310797
0.000101668 0.185163 0.814736
0.000103222 0.65378 0.346116
0.444451 0.148149 0.4074
0.107142 0.892858 0
0.148144 0.444433 0.407423
0.357143 0.642857 0
0.892853 0.107147 0
0.395673 0.100723 0.503604
0.275868 0.172413 0.551719
0.629629 0.370371 0
0.240004 0.240004 0.519992
0.827586 0.172414 0
0.10346 0.586202 0.310338
0.0333099 0.0333138 0.933376
0.0697682 0.348843 0.581389
0.000103231 0.517184 0.482713
9.89512e-05 9.08394e-05 0.99981
0.333333 0.333333 0.333333
0.000103427 0.586131 0.413765
0.0714225 0.0714226 0.857155
0.300007 0.699993 0
9.99252e-05 0.9999 0
0.216869 0.313253 0.469878
0.760006 0.239994 0
0.346118 0.000103211 0.653778
0.9999 9.98542e-05 0
0.517184 0.000102986 0.482713
0.500003 0.249997 0.25
0.689652 0.0344865 0.275862
0.689659 0.310341 0
0.168321 0.124749 0.706929
0.0356381 0.712789 0.251573
0.233331 0.766669 0
0.275868 0.275868 0.448264
0.000101903 0.319953 0.679945
0.749897 0.000102258 0.25
0.249999 0.500001 0.25
0.607076 0.000101068 0.392823
0.425224 0.0338099 0.540966
0.966663 0.0333367 0
0.0999892 9.98305e-05 0.899911
0.357163 0.214282 0.428555
0.166666 0.833334 0
0.423072 0.576928 0
0.655105 0.000103422 0.344792
0.0689641 0.206897 0.724139
0.000102085 0.749898 0.25
0.137931 0.103447 0.758623
0.310339 0.103448 0.586212
0.033562 0.429446 0.536992
0.142855 0.214282 0.642863
0.17242 0.551721 0.275859
0.249996 0.392859 0.357145
0.500006 0.0666634 0.433331
0.464286 0.214286 0.321428
0.933337 0.0666634 0
0.066666 0.933334 0
0.275832 0.000103014 0.724065
9.90783e-05 0.09999 0.899911
0.0679611 0.543694 0.388345
0.172413 0.275868 0.551719
0.243631 0.0687617 0.687607
0.136368 0.613632 0.25
0.100781 0.395554 0.503665
0.310344 0.413794 0.275863
0.379311 0.275862 0.344827
0.000103395 0.379272 0.620625
0.551725 0.448275 0
0.241359 0.137922 0.620719
0.48276 0.51724 0
0.551739 0.172405 0.275856
0.103443 0.275864 0.620693
0.171761 0.484718 0.343522
0.0344829 0.172415 0.793102
0.392822 9.10846e-05 0.607087
0.599997 0.400003 0
