0.103441 0.275863 0.620696
0.400002 0.599998 0
0.799993 0.200007 0
0.0666643 0.0666642 0.866672
0.44839 0.0689115 0.482699
0.275865 0.379309 0.344826
0.310331 0.310331 0.379338
0.86665 0.13335 0
0.344822 0.172405 0.482773
0.379321 0.275848 0.344831
0.519999 0.480001 0
0.413842 8.62337e-05 0.586072
0.166648 7.80297e-05 0.833274
0.730757 0.269243 0
9.31765e-05 0.586132 0.413774
0.17238 0.517356 0.310264
0.966677 0.0333235 0
0.0333278 0.966672 0
0.655105 8.88455e-05 0.344806
0.357207 0.392792 0.250001
0.268403 0.269535 0.462061
0.749897 0.000101503 0.250001
0.000103428 0.137907 0.86199
9.23166e-05 0.0666604 0.933247
0.585999 0.103504 0.310497
0.517176 0.000100752 0.482723
0.214288 0.000100585 0.785611
0.172421 0.827579 0
0.142841 0.428582 0.428576
9.89849e-05 0.344688 0.655213
0.444621 0.148126 0.407253
0.107133 0.892867 0
0.892857 0.107143 0
0.299365 0.187453 0.513182
0.551736 0.448264 0
0.370379 0.629621 0
0.482764 0.517236 0
0.000100802 0.517188 0.482711
0.133351 0.866649 0
0.689693 0.0344829 0.275825
0.500002 0.249997 0.250001
9.47913e-05 3.6937e-05 0.999868
9.68897e-05 0.999903 0
0.108634 0.311986 0.57938
0.379787 0.0688885 0.551325
0.333329 0.33333 0.333341
0.241375 0.482781 0.275843
0.000101477 0.379316 0.620582
0.760009 0.239991 0
0.175247 0.12376 0.700992
0.613625 0.136373 0.250001
0.9999 9.99079e-05 0
0.233323 0.766677 0
9.66464e-05 0.639957 0.359947
0.107284 0.0343383 0.858377
0.0356411 0.712792 0.251566
0.346137 0.000102839 0.65376
0.142826 0.214248 0.642926
0.689669 0.310331 0
0.310346 0.689654 0
0.502353 0.0669851 0.430662
0.629618 0.370382 0
0.60702 9.03186e-05 0.39289
0.827576 0.172424 0
0.0344737 0.2759 0.689626
0.000101522 0.749897 0.250001
0.250648 0.0681239 0.681228
0.172419 0.344855 0.482726
0.0689651 0.137937 0.793098
0.068375 0.40996 0.521665
0.470387 0.168001 0.361612
0.413817 0.206906 0.379278
0.214372 0.393006 0.392622
0.428558 0.571442 0
0.103452 0.620697 0.275851
0.0666573 5.47096e-05 0.933288
0.933341 0.0666591 0
0.0666717 0.933328 0
0.214284 0.249963 0.535752
0.310372 0.06895 0.620678
9.52457e-05 0.241375 0.758529
0.464262 9.75995e-05 0.53564
0.276032 0.137899 0.586069
0.516991 0.172512 0.310497
0.0682676 0.521799 0.409934
0.137921 0.103442 0.758637
0.206873 0.448296 0.344831
0.344839 0.241384 0.413777
0.275827 9.33726e-05 0.72408
0.0334252 0.465172 0.501403
0.396766 0.134193 0.469041
0.178586 0.571413 0.250001
0.285725 0.464274 0.250001
0.269221 0.730779 0
0.599978 0.400022 0
0.103449 0.551704 0.344846
0.206887 0.172407 0.620706
0.0689472 0.206828 0.724225
0.428571 0.285715 0.285714
0.242898 0.324406 0.432695
