0.103442 0.379314 0.517244
0.2 0.8 0
0.448276 0.103448 0.448276
0.379309 0.310345 0.310346
0.699999 0.300001 0
0.379303 0.206904 0.413794
0.379315 0.137928 0.482757
0.206896 0.344827 0.448276
0.133335 0.866665 0
0.482759 0.137929 0.379312
0.172413 0.13793 0.689658
0.0689646 0.551724 0.379312
0.566667 0.433333 0
0.172412 0.275861 0.551728
0.76667 0.23333 0
0.275866 0.379305 0.34483
0.413789 0.241381 0.34483
0.933332 0.0666675 0
0.140568 0.508011 0.351421
0.214282 0.392859 0.392859
0.10559 0.260871 0.633539
0.178545 0.000102661 0.821353
0.000102642 0.178545 0.821353
0.147725 0.409101 0.443174
0.366664 0.633336 0
0.44445 0.259251 0.296299
0.107141 0.892859 0
0.714284 0.0357162 0.25
0.607142 0.392858 0
9.99759e-05 0.733261 0.26664
0.000102535 0.615324 0.384573
0.857142 0.142858 0
0.482768 0.241375 0.275857
0.000103375 0.482709 0.517188
0.310313 0.000103418 0.689584
0.204198 0.544499 0.251303
0.125 0.125 0.75
0.409093 0.147726 0.443181
0.400001 0.599999 0
0.233314 9.98521e-05 0.766586
0.000101988 0.319961 0.679937
0.249996 0.464286 0.285718
0.357143 0.392857 0.25
0.333333 0.333333 0.333334
0.517237 0.0689694 0.413794
9.99244e-05 0.9999 0
0.310345 0.689655 0
0.9999 9.99524e-05 0
0.172416 0.827584 0
0.482759 0.517241 0
0.214288 0.178573 0.607139
0.0689776 0.0689776 0.862045
0.100086 0.432852 0.467062
0.535716 0.214284 0.25
9.32476e-05 9.19385e-05 0.999815
0.0357139 0.714286 0.25
0.586206 0.103447 0.310346
0.240001 0.240001 0.519998
0.102014 0.610628 0.287358
0.730771 0.269229 0
0.260869 0.105592 0.633539
9.99332e-05 0.23333 0.76657
0.629569 0.000100983 0.37033
0.170458 0.579542 0.25
0.966667 0.0333325 0
0.24 0.76 0
0.269228 0.730772 0
0.349317 0.0684942 0.582189
0.206897 0.0689651 0.724138
0.430624 0.0669835 0.502393
0.344827 0.275861 0.379312
0.0684929 0.349318 0.582189
0.733261 9.99693e-05 0.26664
0.27234 0.306381 0.42128
0.482709 0.000103425 0.517188
0.799999 0.200001 0
0.666658 0.333342 0
0.0333321 0.533337 0.433331
0.428573 0.571427 0
0.0333357 0.0333358 0.933328
0.321427 0.214284 0.464288
0.538463 0.461537 0
0.178562 0.321428 0.50001
0.0666648 0.933335 0
0.46442 0.178334 0.357246
0.379271 0.000103435 0.620626
0.613638 0.136362 0.25
0.000100826 0.428529 0.571371
0.310545 0.137891 0.551564
0.0333341 0.966666 0
0.0999906 9.34801e-05 0.899916
9.68213e-05 0.0999872 0.899916
0.103437 0.103437 0.793126
0.56661 9.99691e-05 0.43329
0.428571 0.321429 0.25
0.0689605 0.206954 0.724086
0.0344815 0.655172 0.310346
0.899998 0.100002 0
0.137929 0.206893 0.655178
0.655177 0.0689596 0.275864
