0.360001 0.639999 0
0.866658 0.133342 0
0.000103394 0.275834 0.724063
0.48276 0.241379 0.275861
0.241379 0.482761 0.275861
0.206887 0.137927 0.655185
0.172413 0.379312 0.448275
0.3 0.7 0
0.310346 0.24138 0.448274
0.8 0.2 0
0.0344792 0.413795 0.551726
0.310354 0.137907 0.551739
0.166653 9.99863e-05 0.833247
0.433334 0.566666 0
0.655963 0.0688072 0.275229
0.233334 0.766666 0
0.966676 0.0333237 0
0.0333317 0.966668 0
0.0689622 0.448277 0.48276
0.733331 0.266669 0
0.586206 0.103449 0.310345
0.0666671 0.933333 0
0.517188 0.000103387 0.482709
0.346116 0.000103187 0.65378
0.310343 0.310343 0.379313
0.0333385 0.299894 0.666767
0.214266 0.000102429 0.785632
0.653777 0.000103223 0.34612
0.000100791 0.629564 0.370335
0.428567 0.142863 0.428571
0.892863 0.107137 0
0.206973 0.310315 0.482712
0.0689651 0.344831 0.586204
0.392857 0.607143 0
0.642855 0.357145 0
0.240001 0.240001 0.519998
0.392849 0.250005 0.357146
0.766667 0.233333 0
0.00010344 0.482718 0.517178
0.103455 0.586185 0.310359
0.613641 0.136359 0.25
0.000103374 0.10343 0.896467
0.142858 0.428572 0.428571
0.0357148 0.714285 0.25
0.607128 0.392872 0
0.9999 9.99182e-05 0
0.107291 0.0343372 0.858371
0.285715 0.285715 0.428571
0.712788 0.035639 0.251573
0.517241 0.482759 0
0.392851 0.357149 0.25
9.85292e-05 9.85598e-05 0.999803
0.214272 0.535728 0.25
0.168253 0.124764 0.706983
0.142857 0.857143 0
0.388586 0.0679353 0.543478
0.269231 0.730769 0
9.99941e-05 0.233317 0.766583
0.333334 0.333334 0.333332
0.545462 0.204538 0.25
9.98722e-05 0.733261 0.266639
0.142853 0.214283 0.642864
0.172413 0.482757 0.34483
0.200001 0.799999 0
9.95781e-05 0.166653 0.833247
0.0689694 0.13794 0.793091
0.833333 0.166667 0
0.576925 0.423075 0
0.586142 0.000103282 0.413755
0.461537 0.538463 0
0.7 0.3 0
0.333334 0.666666 0
0.0666597 9.53397e-05 0.933245
0.749898 0.00010225 0.25
0.0333288 0.533342 0.433329
0.344753 0.172434 0.482813
0.285715 0.464285 0.25
0.103447 0.275862 0.620691
0.538111 0.0672686 0.39462
0.298358 0.105244 0.596398
0.241382 0.172414 0.586204
0.000103392 0.379271 0.620625
0.241403 0.0689669 0.68963
0.487935 0.174262 0.337803
0.103449 0.379304 0.517247
0.933334 0.066666 0
0.433292 9.97107e-05 0.566609
0.344832 0.379308 0.275861
0.136366 0.613634 0.25
0.464286 0.285714 0.25
0.172411 0.275863 0.551726
0.100001 0.899999 0
0.13793 0.103447 0.758623
9.98879e-05 0.9999 0
0.0689647 0.206893 0.724142
0.103448 0.517238 0.379313
0.25 0.392853 0.357146
0.275833 0.00010344 0.724064
0.448279 0.0689598 0.482761
0.0689615 0.655175 0.275863
