0.360013 0.639987 0
0.13793 0.448275 0.413795
0.482753 0.241382 0.275865
0.241382 0.482759 0.275859
0.31022 0.379447 0.310334
0.310342 0.310342 0.379316
0.299999 0.700001 0
0.310335 0.24137 0.448295
0.800008 0.199992 0
0.607123 0.392877 0
0.137932 0.379315 0.482753
0.655419 0.0689147 0.275666
0.43334 0.56666 0
0.233325 0.766675 0
0.966671 0.0333292 0
0.0333312 0.966669 0
0.733325 0.266675 0
0.0689555 0.241376 0.689669
0.0689523 0.655182 0.275866
0.172399 0.0344797 0.793122
0.0666808 0.933319 0
0.103469 0.586124 0.310407
0.298434 0.105235 0.596331
0.392843 0.357157 0.25
0.428573 0.142858 0.428569
0.137918 0.000103304 0.861979
0.866667 0.133333 0
0.172412 0.275861 0.551728
0.147729 0.409096 0.443175
0.392856 0.607144 0
0.653759 9.87846e-05 0.346143
0.642859 0.357141 0
0.586211 0.103455 0.310334
0.000100107 0.629566 0.370334
0.000102789 0.142843 0.857054
0.333333 0.333333 0.333335
0.105588 0.26089 0.633522
0.066665 0.0333263 0.900009
0.0689634 0.172407 0.75863
0.142858 0.857142 0
0.239998 0.239998 0.520004
0.613643 0.136357 0.25
0.00010193 0.482718 0.51718
9.60031e-05 0.733263 0.266641
0.517181 0.000103109 0.482716
7.58207e-05 9.99365e-05 0.999824
0.999902 9.84659e-05 0
0.51724 0.48276 0
0.214288 0.321439 0.464274
0.0357035 0.714296 0.25
0.833334 0.166666 0
0.392707 0.250058 0.357235
0.766682 0.233318 0
0.0689641 0.517238 0.413798
9.99883e-05 0.9999 0
0.269225 0.730775 0
0.712781 0.0356435 0.251575
0.241382 0.379288 0.37933
9.99698e-05 0.299966 0.699934
0.185167 0.0741735 0.74066
0.214287 0.535713 0.25
0.346136 0.000100323 0.653764
0.258916 0.44464 0.296444
0.38879 0.0679121 0.543297
0.199994 0.800006 0
0.576947 0.423053 0
0.206937 0.17242 0.620643
0.46154 0.53846 0
0.700006 0.299994 0
0.136351 0.613649 0.25
0.333337 0.666663 0
0.241364 0.000101255 0.758535
0.892855 0.107145 0
0.749899 0.000101114 0.25
0.44828 0.0689671 0.482753
0.344739 0.172437 0.482824
0.487911 0.174242 0.337847
0.933333 0.0666674 0
9.80156e-05 0.233323 0.766579
0.10343 0.344843 0.551728
0.178566 0.464211 0.357224
0.137935 0.137935 0.724131
0.433271 9.74491e-05 0.566631
0.285717 0.285717 0.428567
0.034448 0.379931 0.585621
0.464285 0.285715 0.25
0.241369 0.0689626 0.689669
0.321427 0.428573 0.25
9.41788e-05 0.566612 0.433294
0.100013 0.100013 0.799975
0.538114 0.0672588 0.394627
0.586153 9.88325e-05 0.413748
4.51186e-05 0.0666592 0.933296
0.00010144 0.357112 0.642787
0.099996 0.900004 0
0.545466 0.204534 0.25
0.275867 0.172403 0.55173
0.137926 0.206913 0.655161
0.137808 0.517345 0.344847
0.0669995 0.430606 0.502394
