0.357229 0.0646494 0.578122
0.172439 0.344813 0.482749
0.466557 0.172781 0.360661
0.800197 0.199803 0
0.310913 0.378994 0.310093
0.0665532 0.0666722 0.866775
0.170868 0.484004 0.345128
0.866656 0.133344 0
0.133391 0.866609 0
0.27616 0.102077 0.621763
0.343058 0.239133 0.417809
0.480167 0.519833 0
0.033329 0.966671 0
0.966669 0.0333314 0
0.310132 0.310134 0.379734
0.104141 0.416036 0.479823
0.379234 0.273725 0.347041
0.448222 0.551778 0
0.517561 0.172346 0.310093
0.0679761 0.388696 0.543328
0.268837 0.269308 0.461855
0.285097 0.428959 0.285943
0.571337 0.178662 0.250001
0.000102126 0.214272 0.785626
0.103086 0.275002 0.621912
0.428146 0.142667 0.429187
0.16976 0.554536 0.275704
0.000102079 0.749897 0.250001
0.241382 0.344581 0.414037
0.89286 0.10714 0
0.622624 0.101608 0.275768
0.640012 0.000100358 0.359888
0.629645 0.370355 0
0.186641 0.29757 0.515789
9.59833e-05 0.166649 0.833255
0.370494 0.629506 0
0.10713 0.89287 0
0.400034 0.599966 0
0.311752 0.110127 0.578122
0.0666704 0.93333 0
0.517181 9.87175e-05 0.48272
9.99216e-05 0.9999 0
0.136425 0.613564 0.250011
0.000100762 0.517179 0.48272
8.79973e-05 3.88179e-05 0.999873
0.9999 9.95882e-05 0
0.269374 0.730626 0
0.712719 0.0356292 0.251652
0.145288 0.455235 0.399477
0.333332 0.333334 0.333333
0.137835 0.000103255 0.862062
0.123732 0.175255 0.701013
0.0344905 0.689805 0.275704
0.766661 0.233339 0
0.103436 0.137916 0.758648
0.517235 0.482765 0
0.241359 9.95676e-05 0.758541
0.391808 0.358191 0.250001
0.000102992 0.346134 0.653763
0.0343366 0.107297 0.858366
0.206696 0.206694 0.58661
0.599971 0.400029 0
0.482846 0.241427 0.275727
0.204244 0.101522 0.694234
0.25001 0.499989 0.250001
0.213789 0.14046 0.645751
0.275889 0.0344835 0.689627
0.690094 0.309906 0
5.36974e-05 0.606842 0.393104
0.172413 0.827587 0
0.749898 0.000101571 0.250001
0.310279 0.689721 0
0.171687 0.276259 0.552054
0.54558 0.104658 0.349762
0.239962 0.760038 0
0.730771 0.269229 0
0.82758 0.17242 0
0.0681087 0.250811 0.681081
0.137903 0.0689526 0.793144
0.221226 0.412307 0.366467
0.398676 0.0669939 0.53433
0.571636 0.428364 0
0.565595 0.031295 0.40311
0.107007 0.584185 0.308808
9.68481e-05 0.0666599 0.933243
0.403084 0.222642 0.374274
0.933328 0.0666725 0
0.380071 3.43736e-05 0.619895
9.6885e-05 0.433268 0.566635
0.352936 0.174766 0.472298
0.200006 0.799994 0
0.133897 0.363698 0.502406
0.0666671 8.95963e-05 0.933243
0.000103239 0.275816 0.724081
0.276001 0.206895 0.517104
0.464294 0.285705 0.250001
0.448304 0.000101468 0.551594
0.0668172 0.501547 0.431636
0.481265 0.0682781 0.450457
9.38955e-05 0.65513 0.344776
