0.206793 0.517772 0.275435
0.198368 0.456805 0.344827
0.662649 0.0336743 0.303677
0.800017 0.199983 0
0.17259 0.17259 0.65482
0.599987 9.57695e-05 0.399917
0.600022 0.399978 0
0.27613 0.103373 0.620497
0.276414 0.379349 0.344237
0.310597 0.275379 0.414024
0.133366 0.866634 0
0.866666 0.133334 0
0.3445 6.54495e-05 0.655434
0.480047 0.519953 0
9.8751e-05 0.166658 0.833243
0.269273 0.730727 0
0.102442 0.448634 0.448924
0.0333242 0.966676 0
0.966665 0.0333353 0
0.137588 0.343738 0.518674
0.448381 0.103389 0.44823
0.392825 0.357171 0.250004
0.239945 0.760055 0
0.571535 0.178465 0.25
0.766703 0.233297 0
0.000102155 0.214262 0.785636
0.14768 0.446105 0.406215
0.107154 0.892846 0
0.137915 9.15594e-05 0.861994
0.629623 0.370377 0
0.517236 0.482764 0
0.187609 0.299205 0.513186
0.448266 0.551734 0
0.517187 0.000102222 0.48271
0.000103335 0.51714 0.482757
0.9999 9.97207e-05 0
0.00010196 0.749898 0.25
0.620898 0.103321 0.275781
0.310462 0.10892 0.580618
0.0666662 0.933334 0
0.428606 0.142863 0.428531
0.464275 0.285725 0.25
7.86597e-05 8.83957e-05 0.999833
9.90253e-05 0.999901 0
0.571427 0.428573 0
0.199981 0.800019 0
0.333335 0.333334 0.333331
0.639946 0.00010048 0.359953
0.068983 0.378373 0.552644
0.068143 0.311986 0.619871
0.0344786 0.689659 0.275862
0.123731 0.175274 0.700995
0.379951 7.21845e-05 0.619977
0.171264 0.378834 0.449902
0.249998 0.500002 0.25
0.0343367 0.107303 0.85836
0.712801 0.0356362 0.251563
0.000102886 0.346118 0.653779
0.89285 0.10715 0
0.241397 0.0001022 0.758501
0.482776 0.241377 0.275847
0.68968 0.31032 0
9.0929e-05 0.607087 0.392822
0.551736 0.103456 0.344808
0.172424 0.827576 0
0.310279 0.689721 0
0.749898 0.000102019 0.25
0.827587 0.172413 0
0.0666675 0.0333322 0.9
0.137931 0.0689647 0.793104
0.105881 0.576268 0.317851
0.21237 0.411331 0.3763
0.137459 0.612541 0.25
0.430287 0.0335365 0.536176
9.96205e-05 0.0666599 0.933241
0.933331 0.0666687 0
0.208729 0.208729 0.582543
0.392914 0.249727 0.357359
0.275864 0.0344776 0.689659
0.249797 0.321413 0.42879
0.067109 0.503444 0.429447
0.0333926 0.435128 0.531479
0.482719 0.172341 0.34494
0.137915 0.275806 0.586279
0.34487 0.137925 0.517205
0.32149 0.214286 0.464224
0.285249 0.426715 0.288036
0.0687467 0.246763 0.68449
0.171628 0.518447 0.309924
0.537575 0.0332985 0.429127
0.103439 0.137919 0.758642
0.214609 0.141364 0.644027
0.241536 0.241536 0.516929
9.60089e-05 0.275677 0.724227
0.730728 0.269272 0
0.4 0.6 0
0.370395 0.629605 0
0.200869 0.100434 0.698697
4.86834e-05 0.655124 0.344827
8.91306e-06 0.415495 0.584496
