0.799995 0.200005 0
9.9473e-05 0.3333 0.666601
0.310344 0.310344 0.379311
0.379311 0.310343 0.310347
0.137925 0.482776 0.379299
0.517247 0.206892 0.275861
0.169326 0.288845 0.541829
0.13334 0.86666 0
0.866662 0.133338 0
0.103445 0.448261 0.448294
0.607142 0.392858 0
0.480023 0.519977 0
0.413676 0.000102721 0.586221
0.166651 9.99247e-05 0.833249
0.620698 0.0689558 0.310346
0.26923 0.73077 0
0.966669 0.033331 0
0.0333311 0.966669 0
0.14284 0.214259 0.642902
0.357142 0.392858 0.25
0.586141 0.000101992 0.413757
0.379323 0.0689529 0.551724
0.214286 0.321428 0.464287
0.00010342 0.13791 0.861987
0.000103411 0.379266 0.620631
0.000102257 0.749898 0.25
0.639939 0.000101022 0.35996
0.400001 0.599999 0
0.642856 0.357144 0
0.107144 0.892856 0
0.299432 0.187263 0.513305
0.10729 0.0343372 0.858373
0.214265 0.000102466 0.785633
0.448282 0.551718 0
0.000103353 0.517188 0.482709
0.103445 0.586207 0.310348
0.9999 9.99661e-05 0
0.444436 0.148152 0.407412
0.892858 0.107142 0
0.175255 0.123727 0.701018
0.0666717 0.933328 0
0.199992 0.800008 0
0.370383 0.629617 0
0.000103433 0.241355 0.758541
0.0689614 0.344817 0.586221
9.87223e-05 8.66674e-05 0.999815
0.148145 0.444435 0.40742
0.346118 0.000103222 0.653778
0.333333 0.333333 0.333334
0.517241 0.482759 0
0.239981 0.760019 0
0.25 0.5 0.25
9.99184e-05 0.9999 0
0.428575 0.285707 0.285718
0.500001 0.249999 0.25
0.586195 0.137944 0.275861
0.766673 0.233327 0
0.0683155 0.409943 0.521741
0.71279 0.0356397 0.25157
0.137931 0.37931 0.482759
0.517188 0.00010343 0.482709
0.647731 0.102269 0.25
0.733335 0.266665 0
0.749898 0.000102238 0.25
0.17242 0.82758 0
0.310344 0.689656 0
0.827588 0.172412 0
0.250894 0.0680948 0.681011
0.0344833 0.689656 0.275861
0.379313 0.241371 0.379316
0.206894 0.448288 0.344818
0.0689641 0.137928 0.793108
0.275828 0.000103408 0.724069
0.700005 0.299995 0
0.310348 0.0689649 0.620687
0.543702 0.0679541 0.388344
0.108756 0.311937 0.579307
0.136369 0.61363 0.25
0.234037 0.401217 0.364746
0.0666537 8.30402e-05 0.933263
0.933331 0.0666689 0
0.000100008 0.655106 0.344794
0.034482 0.275865 0.689653
0.206894 0.241382 0.551724
0.172413 0.51724 0.310346
0.275873 0.137935 0.586192
0.487848 0.17419 0.337962
0.0669945 0.502374 0.430632
0.137928 0.103448 0.758624
0.464289 9.77254e-05 0.535613
0.285717 0.285716 0.428567
9.81651e-05 0.60708 0.392821
0.0333356 0.0666712 0.899993
0.432172 0.100205 0.467623
0.275863 0.448274 0.275863
0.576924 0.423076 0
0.000103402 0.448232 0.551664
0.206895 0.172414 0.620691
0.344828 0.172413 0.482759
0.0689523 0.206857 0.724191
