0.448279 0.241378 0.310343
0.275862 0.10343 0.620708
0.800003 0.199997 0
0.310371 0.310326 0.379303
0.866665 0.133335 0
0.392872 0.607128 0
0.519993 0.480007 0
0.000102812 0.413639 0.586258
0.517246 0.137933 0.344821
9.29768e-05 0.166649 0.833258
0.0689619 0.620697 0.310341
0.730771 0.269229 0
0.344809 0.0689585 0.586233
0.000103418 0.586141 0.413756
0.966674 0.0333261 0
0.0333278 0.966672 0
0.413789 0.137929 0.448283
0.068965 0.310327 0.620708
0.214283 0.142856 0.642861
0.0666672 0.933333 0
0.241362 0.310357 0.448281
0.148154 0.444438 0.407408
0.0689595 0.379361 0.551679
0.137947 0.586184 0.275869
0.000102355 0.21427 0.785628
0.444444 0.148148 0.407408
0.892854 0.107146 0
0.0343349 0.107297 0.858368
0.379223 0.000103366 0.620673
0.137915 0.482782 0.379303
0.187156 0.299452 0.513391
0.629626 0.370374 0
0.311857 0.108987 0.579156
0.585771 0.103558 0.310671
0.517177 0.000102834 0.48272
0.000103386 0.517177 0.48272
0.9999 9.98766e-05 0
0.241443 0.20696 0.551597
9.96121e-05 0.9999 0
0.333334 0.333335 0.333331
0.107138 0.892862 0
0.233324 0.766676 0
0.035633 0.712793 0.251574
9.23924e-05 9.86452e-05 0.999809
0.599998 0.400002 0
0.482757 0.517243 0
0.321423 0.214284 0.464294
0.000103113 0.346114 0.653783
0.123899 0.17522 0.70088
0.749898 0.000102176 0.25
0.760016 0.239984 0
0.689672 0.0344808 0.275847
0.206867 0.0689552 0.724178
0.409972 0.0683223 0.521706
0.250003 0.499997 0.25
0.000103407 0.275823 0.724073
0.357147 0.642853 0
0.0681074 0.250825 0.681068
0.241369 0.000103364 0.758528
0.499999 0.25 0.250002
0.0666692 0.0333346 0.899996
0.551729 0.448271 0
0.172396 0.206896 0.620708
0.000101008 0.639931 0.359968
0.607079 0.000100455 0.392821
0.133337 0.866663 0
0.655104 9.73953e-05 0.344798
0.000102267 0.749898 0.25
0.137937 0.275869 0.586194
0.827583 0.172417 0
0.275863 0.413792 0.310345
0.689653 0.310347 0
0.357145 0.392855 0.25
0.172413 0.827587 0
0.423077 0.576923 0
0.241377 0.379313 0.379311
0.137925 0.0689626 0.793112
0.299999 0.700001 0
0.06796 0.54369 0.38835
0.448271 0.000103074 0.551626
0.613636 0.136364 0.25
0.428572 0.214286 0.357142
9.99739e-05 0.0666613 0.933239
0.379319 0.241377 0.379303
0.933334 0.0666658 0
0.285704 0.285667 0.428629
0.275903 0.0344778 0.689619
0.102286 0.647714 0.25
0.000100211 0.464281 0.535619
0.172418 0.517226 0.310357
0.172415 0.344824 0.482761
0.50239 0.0669858 0.430624
0.551724 0.172411 0.275866
0.100217 0.432112 0.467671
0.137901 0.000103212 0.861996
0.103448 0.137932 0.75862
0.417746 0.30381 0.278444
0.344836 0.137931 0.517234
0.266663 0.733337 0
0.20683 0.448369 0.3448
