0.800001 0.199999 0
0.310337 0.379323 0.31034
0.275862 0.310343 0.413795
0.206897 0.379308 0.413794
0.866666 0.133334 0
0.133339 0.866661 0
0.448278 0.103441 0.448281
0.392859 0.607141 0
0.379302 0.275865 0.344833
0.52 0.48 0
9.64159e-05 0.413744 0.586159
0.517253 0.137914 0.344834
5.28941e-05 0.166657 0.83329
0.0689637 0.620696 0.31034
0.206843 0.517367 0.27579
0.730765 0.269235 0
0.344843 0.0689478 0.586209
0.000100787 0.586156 0.413744
0.96667 0.0333298 0
0.266666 0.733334 0
0.392855 0.357144 0.250001
0.423071 0.576929 0
0.0689662 0.37931 0.551724
0.0681053 0.250868 0.681027
0.32143 0.214287 0.464283
0.892857 0.107143 0
0.137917 0.00010306 0.86198
9.02125e-05 0.214282 0.785627
0.0689442 0.310364 0.620692
0.379275 0.00010345 0.620621
0.000100705 0.639934 0.359965
0.357143 0.642857 0
0.689649 0.0344923 0.275859
0.10714 0.89286 0
0.629629 0.370371 0
0.187167 0.299451 0.513382
0.517187 0.000103454 0.48271
0.137949 0.586193 0.275858
0.148145 0.444441 0.407414
0.749897 0.000102197 0.250001
0.9999 0.00010001 0
0.0343363 0.107124 0.85854
0.000102828 0.346113 0.653784
0.000103443 0.517187 0.48271
0.333334 0.333334 0.333332
0.241389 0.275868 0.482743
0.123712 0.175258 0.70103
9.99844e-05 0.9999 0
0.428571 0.214285 0.357143
0.760003 0.239997 0
0.311921 0.108807 0.579272
0.214271 0.142845 0.642884
0.100236 0.431943 0.467821
7.21402e-05 8.40261e-05 0.999844
0.24138 0.206896 0.551724
0.0356399 0.71279 0.25157
0.250005 0.499994 0.250001
0.233326 0.766674 0
0.241353 0.000103225 0.758544
0.5 0.249999 0.250001
0.551727 0.448273 0
0.607082 9.89946e-05 0.392819
0.000102219 0.749897 0.250001
0.172415 0.482757 0.344828
0.827585 0.172415 0
0.689655 0.310345 0
0.285712 0.428574 0.285714
0.172415 0.827585 0
0.300001 0.699999 0
0.1379 0.0689496 0.793151
0.379302 0.137932 0.482766
0.249997 0.357146 0.392857
0.0679607 0.543685 0.388354
0.409949 0.0683246 0.521726
0.613604 0.136396 0.250001
8.52558e-05 0.0666602 0.933255
0.0333254 0.966675 0
0.933335 0.0666646 0
0.0666599 0.93334 0
0.275865 0.0344733 0.689662
0.102283 0.647716 0.250001
9.39953e-05 0.464248 0.535658
0.137891 0.276072 0.586037
0.288845 0.16956 0.541595
0.502396 0.0669859 0.430618
0.444443 0.14815 0.407407
0.551723 0.172413 0.275864
0.0666377 0.0333188 0.900044
0.103441 0.137919 0.75864
0.172415 0.344819 0.482766
0.448232 0.000103193 0.551665
0.344842 0.241376 0.413782
0.000103055 0.27575 0.724147
0.448279 0.275858 0.275863
0.482761 0.517239 0
0.6 0.4 0
0.58618 0.103451 0.310368
0.172415 0.206894 0.620691
0.172409 0.103444 0.724147
0.655105 0.00010342 0.344792
