0.103444 0.413782 0.482774
0.799993 0.200007 0
0.241381 0.48276 0.275859
0.310339 0.379323 0.310339
0.206842 0.379331 0.413827
0.137919 0.517248 0.344833
0.866661 0.133339 0
0.600002 0.399998 0
0.137929 0.241386 0.620686
0.551732 0.0689555 0.379313
0.379313 0.137929 0.482758
0.73077 0.26923 0
0.433339 0.566661 0
0.233335 0.766665 0
0.0333259 0.966674 0
0.966672 0.0333284 0
0.379315 0.275853 0.344832
0.0689596 0.655181 0.275859
0.733262 9.9893e-05 0.266638
0.0666675 0.933333 0
0.579546 0.170454 0.25
0.103482 0.586072 0.310446
0.32143 0.428569 0.250001
0.105591 0.260874 0.633535
0.333333 0.333333 0.333335
0.000102547 0.178562 0.821335
0.507737 0.140692 0.351571
0.300006 0.699994 0
4.92832e-05 0.0999882 0.899963
0.633335 0.366665 0
0.933334 0.0666663 0
0.241386 0.137928 0.620686
0.260875 0.10559 0.633535
0.39286 0.60714 0
0.615332 0.000102539 0.384565
0.0689744 0.0689744 0.862051
9.79534e-05 0.629566 0.370336
0.0689561 0.206905 0.724139
0.360001 0.639999 0
0.249998 0.357139 0.392863
0.428555 9.66919e-05 0.571348
0.392853 0.357147 0.25
0.142859 0.857141 0
0.892858 0.107142 0
0.9999 9.98554e-05 0
0.51724 0.48276 0
0.461541 0.538459 0
8.55788e-05 8.16824e-05 0.999833
0.409082 0.147735 0.443183
0.48271 0.000103292 0.517187
0.0340808 0.386368 0.579551
0.214286 0.535714 0.25
0.239999 0.239999 0.520003
0.000100694 0.357104 0.642795
0.147732 0.409097 0.443171
0.000103205 0.482709 0.517188
0.0666714 0.466628 0.466701
9.95271e-05 0.9999 0
0.544504 0.204189 0.251307
0.333334 0.666666 0
0.714288 0.0357123 0.25
0.319922 0.000101048 0.679977
0.125001 0.125001 0.749998
0.269231 0.730769 0
0.38636 0.0340893 0.579551
9.80245e-05 0.733267 0.266635
0.827586 0.172414 0
0.306384 0.272338 0.421278
0.199997 0.800003 0
0.609725 0.103346 0.286929
0.466645 0.0666535 0.466701
0.689669 0.310331 0
0.0689175 0.517577 0.413505
0.759991 0.240009 0
0.464254 0.250017 0.285729
0.178564 0.321415 0.500022
0.13636 0.61364 0.25
0.178562 0.000102659 0.821335
0.206915 0.0689559 0.72413
0.571429 0.428571 0
0.533345 0.0333296 0.433325
0.310343 0.172419 0.517238
0.392866 0.21427 0.392863
0.0333332 0.0332851 0.933382
0.206895 0.206895 0.58621
0.178544 0.464301 0.357155
0.0357161 0.714284 0.25
0.172389 0.172389 0.655223
0.344931 0.103479 0.551589
0.103227 0.346246 0.550527
0.0999909 4.65874e-05 0.899963
9.69216e-05 0.566581 0.433322
0.10344 0.10344 0.793121
0.233331 9.99766e-05 0.766569
9.99389e-05 0.233314 0.766586
0.259198 0.444481 0.296321
0.655173 0.0344817 0.310346
0.0999997 0.9 0
0.000102698 0.310311 0.689586
0.286182 0.248773 0.465045
