0.275858 0.103449 0.620693
0.8 0.2 0
0.310344 0.310344 0.379311
0.310345 0.37931 0.310345
0.482759 0.13793 0.379311
0.866663 0.133337 0
0.133333 0.866667 0
0.39287 0.60713 0
0.448277 0.206895 0.344829
0.000103428 0.41375 0.586147
9.45411e-05 0.16667 0.833236
0.0689637 0.620694 0.310342
0.344822 0.0689656 0.586213
0.73077 0.26923 0
0.000103418 0.586148 0.413749
0.13793 0.482759 0.379311
0.0333285 0.966672 0
0.966668 0.0333325 0
0.413799 0.13793 0.448272
0.266667 0.733333 0
0.214282 0.142855 0.642862
0.321426 0.214284 0.464289
0.0356455 0.712782 0.251572
0.138021 0.0344777 0.827501
0.9999 9.99729e-05 0
0.000102347 0.214266 0.785631
0.58619 0.103454 0.310356
0.0999938 9.95795e-05 0.899907
0.379285 0.000103333 0.620612
0.148147 0.444442 0.40741
0.444443 0.148147 0.40741
0.13793 0.586209 0.275862
0.172416 0.827584 0
0.749898 0.000102236 0.25
0.311957 0.108697 0.579347
0.0689628 0.379318 0.551719
0.760003 0.239997 0
0.206897 0.0689651 0.724138
0.107143 0.892857 0
0.034337 0.107282 0.858381
0.629626 0.370374 0
0.357155 0.642845 0
0.333333 0.333332 0.333335
0.000101033 0.639943 0.359956
0.448277 0.275862 0.275862
0.25 0.5 0.25
0.172414 0.206897 0.62069
9.98013e-05 0.9999 0
0.517181 0.000103435 0.482716
0.123799 0.17524 0.70096
0.379335 0.275849 0.344815
9.71227e-05 7.48352e-05 0.999828
0.482759 0.517241 0
0.499999 0.250001 0.25
0.233326 0.766674 0
0.000103429 0.517187 0.48271
0.519996 0.480004 0
0.241364 0.000103352 0.758532
0.689655 0.0344828 0.275862
0.392855 0.357145 0.25
0.00010322 0.346118 0.653778
0.551728 0.448272 0
0.607079 0.000101139 0.392819
0.000102227 0.749898 0.25
0.827582 0.172418 0
0.689655 0.310345 0
0.423077 0.576923 0
0.0681037 0.250868 0.681028
0.241381 0.379308 0.379312
0.613637 0.136363 0.25
0.300006 0.699994 0
0.409944 0.0683191 0.521737
0.10227 0.64773 0.25
0.0679601 0.54369 0.38835
0.401212 0.234045 0.364743
0.933333 0.0666669 0
0.172414 0.517241 0.310345
0.0666649 0.933335 0
0.206896 0.344823 0.448281
0.275877 0.0344779 0.689645
0.241381 0.206898 0.551721
0.103442 0.137916 0.758642
3.9535e-05 0.0666533 0.933307
0.100253 0.431894 0.467853
0.000100431 0.464244 0.535656
0.517242 0.172413 0.310346
0.285708 0.428574 0.285719
0.502391 0.0669829 0.430626
0.000103301 0.275819 0.724078
0.892855 0.107145 0
0.285712 0.285712 0.428576
0.345018 0.137891 0.517091
0.206896 0.448276 0.344829
0.448238 0.00010197 0.55166
0.137934 0.275869 0.586198
0.6 0.4 0
0.187162 0.299461 0.513377
0.655103 0.000103417 0.344793
0.0689627 0.310345 0.620692
0.137933 0.34483 0.517237
