0.48278 0.137904 0.379316
0.6 0.4 0
0.200003 0.799997 0
0.137919 0.482765 0.379315
0.137931 0.344824 0.517245
0.133338 0.866662 0
0.866667 0.133333 0
0.10345 0.448266 0.448284
0.344828 0.206894 0.448278
0.275873 0.379292 0.344835
0.48 0.52 0
0.517244 0.17241 0.310345
8.92871e-05 0.166651 0.83326
0.344821 0.068964 0.586215
0.586146 0.000103404 0.41375
0.0333342 0.966666 0
0.966667 0.0333332 0
0.000103425 0.655105 0.344792
0.0689574 0.379384 0.551659
0.137916 0.000103389 0.86198
0.103455 0.586171 0.310374
0.448273 0.551727 0
0.273228 0.25438 0.472392
0.148148 0.444446 0.407406
0.892858 0.107142 0
0.639934 0.000100861 0.359965
0.214283 0.142855 0.642862
0.107143 0.892857 0
0.62963 0.37037 0
0.607148 0.142852 0.25
0.000103435 0.275831 0.724065
0.0343391 0.107292 0.858369
0.269239 0.730761 0
0.535714 0.214286 0.25
0.37037 0.62963 0
0.517186 0.000103432 0.482711
0.344839 0.275858 0.379304
0.311858 0.108655 0.579487
0.0689646 0.310341 0.620694
0.44823 0.000103383 0.551666
0.712789 0.0356402 0.25157
0.136363 0.613636 0.25
0.407402 0.185183 0.407416
9.96355e-05 0.9999 0
0.379278 0.000103436 0.620619
0.000103412 0.517186 0.482711
0.275862 0.172413 0.551725
0.0344913 0.68965 0.275859
0.39285 0.35715 0.25
0.000102467 0.214299 0.785599
9.36292e-05 5.60648e-05 0.99985
0.333332 0.333332 0.333335
0.9999 9.99446e-05 0
0.766667 0.233333 0
0.249999 0.500001 0.25
0.517239 0.482761 0
0.000103209 0.346123 0.653774
0.0669745 0.502424 0.430602
0.137927 0.0689634 0.79311
0.241356 0.000103401 0.75854
0.239997 0.760003 0
0.000102238 0.749898 0.25
0.187164 0.299467 0.513369
0.482761 0.24138 0.275859
0.502401 0.0669738 0.430625
0.5517 0.103453 0.344847
0.000101124 0.607073 0.392826
0.137931 0.275872 0.586196
0.172417 0.827583 0
0.134053 0.396893 0.469054
0.68966 0.31034 0
0.310341 0.689659 0
0.749898 0.000102255 0.25
0.413795 0.137928 0.448278
0.430722 0.066974 0.502304
0.827586 0.172414 0
0.0681128 0.250765 0.681122
0.000100283 0.46424 0.535659
0.207385 0.413538 0.379077
0.571425 0.428575 0
9.83029e-05 0.0666589 0.933243
0.0666663 0.933334 0
0.933337 0.0666625 0
0.275862 0.0344826 0.689655
0.250001 0.214283 0.535716
0.000103365 0.413739 0.586158
0.285716 0.428574 0.28571
0.241382 0.344824 0.413795
0.172414 0.517241 0.310345
0.123746 0.175185 0.701069
0.103445 0.137929 0.758627
0.344833 0.137928 0.517239
0.448276 0.206896 0.344828
0.620689 0.0689655 0.310345
0.730769 0.269231 0
0.4 0.6 0
0.172413 0.206892 0.620694
0.0666846 0.0333422 0.899973
0.172414 0.103447 0.724139
0.413793 0.275862 0.310345
