0.275868 0.103446 0.620686
0.800006 0.199994 0
0.86666 0.13334 0
0.133334 0.866666 0
0.392865 0.607135 0
0.379314 0.275867 0.344819
0.519999 0.480001 0
0.000100612 0.413741 0.586159
9.92509e-05 0.16665 0.833251
0.0689555 0.620692 0.310352
0.137831 0.48281 0.379359
0.344827 0.0689609 0.586213
0.241361 0.275845 0.482794
0.966667 0.0333328 0
0.033333 0.966667 0
0.413802 0.137934 0.448264
0.266668 0.733332 0
0.655111 0.000100787 0.344788
0.321433 0.214289 0.464278
0.137951 0.586191 0.275858
0.137921 0.000103436 0.861976
0.000102335 0.214266 0.785632
0.392855 0.357144 0.250001
0.379229 0.000103359 0.620668
0.749897 0.000102173 0.250001
0.107141 0.892859 0
0.137922 0.275912 0.586166
0.000100985 0.639931 0.359968
0.586197 0.103451 0.310352
0.357152 0.642848 0
0.689657 0.0344832 0.27586
0.44444 0.148147 0.407414
0.892858 0.107142 0
0.187162 0.299457 0.513381
0.123726 0.175255 0.701018
0.0343359 0.107297 0.858367
0.311954 0.10866 0.579386
0.345027 0.137888 0.517085
0.9999 9.99389e-05 0
9.52143e-05 9.76298e-05 0.999807
0.333333 0.333333 0.333334
0.000103423 0.517187 0.482709
0.0681506 0.250354 0.681496
0.482759 0.517241 0
0.103446 0.137931 0.758623
0.517187 0.000103353 0.482709
9.99405e-05 0.9999 0
0.760007 0.239993 0
0.172425 0.827575 0
0.0689509 0.37944 0.551609
0.0001032 0.346106 0.65379
0.0667242 0.0333622 0.899914
0.233329 0.766671 0
0.214286 0.142857 0.642857
0.62963 0.37037 0
0.0356429 0.712786 0.251571
0.249985 0.500014 0.250001
0.206886 0.068962 0.724152
0.5 0.25 0.250001
0.551726 0.448274 0
0.06796 0.543691 0.388349
0.607081 0.000100292 0.392819
0.172398 0.517256 0.310346
0.310345 0.3793 0.310355
0.000102194 0.749897 0.250001
0.6 0.4 0
0.827581 0.172419 0
0.689656 0.310344 0
0.423075 0.576925 0
0.137928 0.0689639 0.793108
0.300001 0.699999 0
0.000103435 0.586138 0.413758
0.409939 0.068318 0.521743
0.148138 0.444449 0.407414
0.428572 0.214286 0.357142
0.933334 0.0666658 0
0.613631 0.136369 0.250001
0.0666703 0.93333 0
0.275868 0.0344801 0.689652
0.241394 0.206896 0.55171
0.730769 0.269231 0
0.102287 0.647712 0.250001
0.24134 0.000103399 0.758556
0.000100402 0.464254 0.535645
0.285713 0.428577 0.28571
0.172415 0.34484 0.482744
0.502392 0.0669814 0.430626
0.551721 0.172413 0.275866
0.344829 0.241378 0.413793
9.9982e-05 0.0666658 0.933234
0.27586 0.310346 0.413794
0.517253 0.137929 0.344819
0.000103407 0.275802 0.724094
0.241378 0.379314 0.379309
0.448275 0.275865 0.27586
0.100231 0.432045 0.467725
0.448228 0.000102555 0.551669
0.206891 0.448282 0.344828
0.172408 0.206899 0.620693
0.0689626 0.310354 0.620684
