0.360001 0.639999 0
0.103446 0.448275 0.448279
0.103444 0.379312 0.517243
0.800003 0.199997 0
0.24138 0.482759 0.275861
0.310344 0.379312 0.310344
0.300001 0.699999 0
0.206891 0.379304 0.413805
0.866656 0.133344 0
0.13793 0.482759 0.37931
0.6 0.4 0
0.137931 0.241378 0.620691
0.551727 0.0689625 0.37931
0.3793 0.137927 0.482774
0.73077 0.26923 0
0.433333 0.566667 0
0.233335 0.766665 0
0.966668 0.0333316 0
0.379313 0.275866 0.344821
0.259182 0.444491 0.296327
0.0666687 0.933331 0
0.50782 0.140625 0.351555
0.103448 0.586205 0.310347
0.321427 0.428573 0.25
0.733261 9.9965e-05 0.266639
0.26087 0.10559 0.63354
0.000102645 0.178556 0.821341
0.409086 0.147729 0.443185
0.571428 0.428572 0
0.147728 0.409095 0.443177
0.000101857 0.319954 0.679944
0.0344808 0.0690303 0.896489
0.068965 0.655174 0.275861
0.633333 0.366667 0
0.000100817 0.428528 0.571372
0.392857 0.607143 0
0.615327 0.000102524 0.38457
0.14286 0.85714 0
0.392858 0.214282 0.39286
0.178556 0.000102589 0.821341
9.96468e-05 0.23331 0.76659
0.466376 0.0667032 0.466921
0.482709 0.000103219 0.517188
0.392856 0.357144 0.25
0.9999 9.99577e-05 0
0.000103379 0.482709 0.517188
9.64373e-05 9.21171e-05 0.999811
0.240002 0.240002 0.519996
9.98636e-05 0.9999 0
0.357111 0.000101439 0.642788
0.125003 0.125003 0.749994
0.892857 0.107143 0
0.0357176 0.714282 0.25
0.544504 0.20419 0.251306
9.99721e-05 0.73326 0.26664
0.714286 0.0357135 0.25
0.26923 0.73077 0
0.333332 0.333332 0.333336
0.759991 0.240009 0
0.310325 0.000103408 0.689572
0.214286 0.535714 0.25
0.386365 0.0340855 0.579549
0.827585 0.172415 0
0.178453 0.464353 0.357194
0.199999 0.800001 0
0.178571 0.321428 0.500001
0.241379 0.13793 0.620691
0.345041 0.103413 0.551546
0.0684998 0.349313 0.582187
0.0689357 0.51745 0.413615
0.461539 0.538461 0
0.333333 0.666667 0
0.464276 0.25001 0.285714
0.610011 0.102924 0.287065
0.0689635 0.206899 0.724138
0.517241 0.482759 0
0.533338 0.0333298 0.433332
0.310348 0.172411 0.517242
0.206896 0.0689658 0.724138
0.06667 0.433327 0.500002
0.933331 0.0666694 0
0.30638 0.272344 0.421276
0.206897 0.206897 0.586206
0.689657 0.310343 0
0.579546 0.170454 0.25
0.136359 0.61364 0.25
0.249994 0.357147 0.39286
0.172417 0.172417 0.655166
0.10559 0.260873 0.633538
9.99763e-05 0.566611 0.433289
0.103445 0.103445 0.79311
0.0666647 1.75962e-05 0.933318
0.233314 9.99576e-05 0.766586
0.103447 0.0344824 0.862071
0.655176 0.0344795 0.310344
0.100002 0.899998 0
0.000101 0.629567 0.370332
9.98705e-05 0.133326 0.866574
0.0333276 0.966672 0
0.287329 0.245758 0.466913
