2.57948e-18 0.879165 0.120835
2.24406e-18 0.764844 0.235156
1.37301e-18 0.467963 0.532037
1.36693e-19 0.046589 0.953411
6.4378e-18 0.395801 0.604199
2.27836e-18 0.776536 0.223464
1.43362e-18 0.488623 0.511377
5.49967e-19 0.187446 0.812554
0 0.321696 0.678304
1.46278e-18 0.96116 0.0388397
1.4438e-18 0.94869 0.0513103
1.42558e-18 0.936716 0.0632836
1.35508e-18 0.890394 0.109606
1.22214e-18 0.416542 0.583458
8.1598e-19 0.278111 0.721889
6.50782e-19 0.221806 0.778194
8.79471e-19 0.577883 0.422117
1.79899e-18 0.613151 0.386849
8.26761e-19 0.543247 0.456753
1.03565e-17 0.636725 0.363275
8.97245e-19 0.589561 0.410439
6.82427e-20 0.0232592 0.976741
1.34268e-18 0.457627 0.542373
1.48214e-18 0.973883 0.0261173
1.86512e-10 1 0
1.40729e-18 0.924704 0.0752959
0 0.799656 0.200344
1.13021e-17 0.69486 0.30514
7.92819e-19 0.520945 0.479055
1.38949e-18 0.913005 0.0869947
0 0.210406 0.789594
0 0.289181 0.710819
5.67716e-19 0.0349036 0.965096
1.07522e-18 0.706503 0.293497
1.90242e-18 0.648404 0.351596
0.441408 0.502316 0.0858226
1.31931e-17 0.811123 0.188877
0 0.0699967 0.930003
0 0.175875 0.824125
1.46326e-18 0.498724 0.501276
3.78385e-19 0.128965 0.871035
1.56099e-18 0.532034 0.467966
4.473e-19 0.152454 0.847546
1.13092e-18 0.385451 0.614549
2.44717e-18 0.834072 0.165928
9.47523e-19 0.0582543 0.941746
1.66113e-18 0.566165 0.433835
1.49604e-18 0.509895 0.490105
0 0.856735 0.143265
0.5399 0.468242 0
7.83522e-19 0.267048 0.732952
7.17631e-19 0.244591 0.755409
1.9364e-18 0.659986 0.340014
1.76425e-18 0.601312 0.398688
9.51218e-19 0.625025 0.374975
1.11125e-17 0.683205 0.316795
0.513947 1.80777e-09 0.494337
3.02888e-19 0.199021 0.800979
1.2866e-18 0.845397 0.154603
1.28188e-17 0.78811 0.21189
7.5066e-19 0.255848 0.744152
1.10017e-18 0.374973 0.625027
2.74574e-19 0.0935833 0.906417
1.88821e-19 0.0116088 0.988391
0 0.353861 0.646139
0.436024 0.559071 0.02195
0.782515 0 0.228468
1 5.0033e-11 0
1.8209e-15 5.03596e-14 1
1.00687e-18 0.343172 0.656828
1.40325e-18 0.478272 0.521728
9.75597e-19 0.332513 0.667487
1.25198e-18 0.82265 0.17735
4.12876e-19 0.140721 0.859279
0 0.867973 0.132027
1.19182e-18 0.40621 0.59379
0 0.31103 0.68897
0.819812 0 0.189418
1.11074e-18 0.729842 0.270158
4.81668e-19 0.164167 0.835833
0.917394 0.0935935 1.76073e-05
1.22517e-17 0.753242 0.246758
1.37221e-18 0.901654 0.0983464
0.933844 0 0.0758028
0.903232 0.0640218 0.0396217
1.25233e-18 0.426833 0.573167
1.02207e-18 0.671579 0.328421
1.62687e-18 0.554486 0.445514
1.12854e-18 0.741539 0.258461
0.43096 0.574294 1.96244e-05
1.16808e-17 0.718143 0.281857
3.09203e-19 0.105386 0.894614
2.3995e-19 0.0817822 0.918218
1.50201e-18 0.986939 0.0130608
1.90625e-18 0.117198 0.882802
1.06942e-18 0.364493 0.635507
0 0.300211 0.699789
0 0.447329 0.552671
0 0.437104 0.562896
6.84397e-19 0.233264 0.766736
