1.40886e-17 9.69337e-17 1
0.924784 0.0752164 0
0.118434 0.329646 0.55192
0.308525 0.441475 0.25
0.697175 0.302825 0
0.572031 0.15424 0.27373
0.19353 0.428955 0.377515
0.204153 0.545847 0.25
0.407288 0.213935 0.378777
0.527491 0.10683 0.365679
0.0649257 0.0828063 0.852268
0.0611547 0.21194 0.726906
0.504339 0.495661 0
0.111643 0.465954 0.422403
0.0930006 0.130709 0.776291
0.15454 0.84546 0
0.0683564 0.681644 0.25
3.50951e-18 0.252887 0.747113
0.378994 0.289409 0.331597
0.75 0 0.25
0.269223 0.0706339 0.660143
0.418644 0.331356 0.25
0.415862 0.0999269 0.484211
0.811393 0.188607 0
0.457684 0.261464 0.280852
0.00286148 0.178023 0.819116
0.239952 0.0337674 0.726281
0.0771464 0.922854 0
0.438641 0.147109 0.414249
0.313563 0.0971179 0.58932
0.391163 0.0480971 0.56074
0.426652 0.573348 0
0.370565 0 0.629435
0.193288 0.806712 0
4.55858e-18 0.32848 0.67152
0.236385 0.477626 0.285989
0.072552 0.303171 0.624277
0.140947 0.169579 0.689474
3.02231e-17 0.544452 0.455548
0.603784 0.0729672 0.323249
0.175512 0.222963 0.601524
0.269486 0.395976 0.334538
0.849175 0.150825 0
0.0222506 0.38039 0.597359
0.64692 0 0.35308
0.115862 0.884138 0
0.101187 0.246262 0.652551
0.0281326 0.0335849 0.938283
0.527345 0.222655 0.25
0.658881 0.341119 0
0.348746 0.651254 0
0.205836 0 0.794164
0.297217 0.222072 0.480711
0.575957 0.0197888 0.404254
0.136764 0.613236 0.25
1.04083e-17 0.75 0.25
2.48317e-17 0.447328 0.552672
0.735418 0.264582 0
0.218664 0.140503 0.640833
0.305917 0 0.694083
0.140303 0.0356765 0.82402
0.0943171 0.587665 0.318018
0.489101 0.066632 0.444267
0.54318 0.45682 0
0.149596 0.511155 0.339249
1.50107e-18 0.108163 0.891837
0.0791191 0.410027 0.510854
0.236666 0.339683 0.423651
0.309794 0.690206 0
0.270918 0.729082 0
0.465534 0.534466 0
0.643199 0.106801 0.25
0.193417 0.308918 0.497665
0.0552778 0.553429 0.391294
0.263537 0.17528 0.561183
0.773354 0.226646 0
3.48727e-17 0.628211 0.371789
0.962439 0.0375607 0
0.17062 0.0903754 0.739005
0.52902 0 0.47098
0.305906 0.318053 0.376041
0.348002 0.147033 0.504965
0.221973 0.251742 0.526285
0.334839 0.245685 0.419475
0.689049 0.032382 0.278569
0.887024 0.112976 0
0.0360449 0.486859 0.477096
0.018365 0.669801 0.311834
0.387711 0.612289 0
0.232077 0.767923 0
0.581823 0.418177 0
0.349203 0.370861 0.279937
0.460991 0 0.539009
0.0385684 0.961432 0
0.154467 0.384329 0.461204
0.487388 0.182485 0.330127
0 1 0
0.102695 0 0.897305
1 0 0
0.620449 0.379551 0
