1 0 0
0.386209 0.0833039 0.530487
0.795986 0.204014 0
0.55229 0.44771 0
0.431757 0.568243 0
0.439549 0.300847 0.259604
0.714394 0.285606 0
0.258115 0.176636 0.565249
0.539747 5.9924e-17 0.460253
0.0777511 0.922249 0
0.116718 0.883282 0
0.511815 0.488185 0
0.0408835 0.0827618 0.876355
0.194826 0.805174 0
0.155704 0.844296 0
0.0769371 0.299263 0.6238
0.391778 0.608222 0
0.0219001 0.269628 0.708471
0.674283 0.0757172 0.25
0.143652 0.147209 0.709139
0.592505 0.407495 0
0.47175 0.52825 0
0.355685 0.231868 0.412447
0.168481 0.0724357 0.759083
0.0910864 0.402148 0.506766
0.224149 0.0972177 0.678633
0.682397 0.00320724 0.314396
0.0133121 0.684958 0.30173
0.234155 0.515845 0.25
0.755182 0.244818 0
0.0331328 0.376913 0.589955
0.613951 0.0963482 0.289701
0.0909998 0.11012 0.79888
0.342365 0.149774 0.507861
0.125156 0.330121 0.544723
0.508898 0.241102 0.25
0.352017 0.647983 0
0.249297 0.0235312 0.727172
0.038787 0.961213 0
0.296986 0.343306 0.359708
0.959204 0.0407963 0
0.18273 0.345543 0.471726
0.836736 0.163264 0
0.0662049 0.184667 0.749128
0.227574 0.252812 0.519614
0.5797 0.1703 0.25
0.222753 0.384898 0.392348
0.673621 0.326379 0
0.306585 0.214032 0.479384
0.273192 0.726808 0
0 0.513707 0.486293
0.0226232 0.560089 0.417288
0.477639 0.21162 0.310741
0.496369 0.0895702 0.414061
0 0.223148 0.776852
0.612914 6.80471e-17 0.387086
0.108138 0.225768 0.666094
0.0660773 0.47525 0.458673
0.529669 0.136936 0.333394
0.33748 0.0646777 0.597842
0.158301 0.264962 0.576736
0.379286 0.370714 0.25
0.161105 0.546159 0.292736
0 0.629265 0.370735
0.266394 0.296631 0.436975
0.128968 0.0239693 0.847063
0.918418 0.0815823 0
0.442137 0 0.557863
0.395193 0.259989 0.344818
0.108977 0.513963 0.37706
0.468105 0.0402302 0.491665
0.140924 0.609076 0.25
0.353635 0.326948 0.319417
0.0831993 9.23697e-18 0.916801
0 0.338897 0.661103
0.191139 0.46812 0.340742
0.268444 0.420576 0.31098
0.0754198 0.593529 0.331051
0.273238 0.112409 0.614354
1.70533e-17 0.153602 0.846398
0.575949 0.0604444 0.363606
0 0.443661 0.556339
0.234042 0.765958 0
0.877585 0.122415 0
0.145086 0.430822 0.424091
0.75 0 0.25
0.632926 0.367074 0
0.0822473 0.667753 0.25
0.31249 0.68751 0
0.306704 0.443296 0.25
0 0.75 0.25
0.413319 0.132108 0.454573
0.375568 4.16965e-17 0.624432
8.12068e-20 1.10941e-16 1
4.42128e-17 0.0587973 0.941203
0.18899 0.188238 0.622772
0.442273 0.174878 0.382849
0.308935 0 0.691065
5.55112e-17 1 0
0.199253 0 0.800747
