0.470253 0.529747 0
0.793034 0.206966 0
0.752314 0.247686 0
0.160083 0.15899 0.680927
0.599723 0.0119545 0.388323
0.68307 0.0473137 0.269616
0 0.360399 0.639601
0.068939 0.582302 0.348759
0.194814 0.805186 0
0.916903 0.0830974 0
0.0770568 0.200881 0.722062
0.409845 0.100362 0.489793
0.570001 0.178377 0.251622
0.0676272 0.454586 0.477787
1.62654e-17 0.609171 0.390829
0.116769 0.883231 0
0.23781 0 0.76219
0.42681 0.32319 0.25
0.524444 0.151995 0.323561
0.590621 0.409379 0
0.281695 0.0597294 0.658576
0.146841 0.537633 0.315526
0.31464 0.43536 0.25
0.351371 0.648629 0
0.37129 0.0115602 0.617149
0.242858 0.212634 0.544508
0.07182 0.325041 0.603139
0.0171297 0.541489 0.441381
0.150496 0.2776 0.571905
0.0655466 0.000633122 0.93382
0.109528 0.622185 0.268288
0.37253 0.170656 0.456814
0.233737 0.766263 0
0.24462 0.493192 0.262187
0.711684 0.288316 0
0.468335 0.226208 0.305457
0.550283 0.449717 0
0.433494 0 0.566506
0.281252 0.252764 0.465983
0.167585 0.032605 0.79981
0.57241 0.0839432 0.343646
0.312081 0.687919 0
6.43194e-18 0.240889 0.759111
0.430472 0.569528 0
0.101 0.504098 0.394902
0.2174 0.403989 0.37861
0 0.130876 0.869124
0.49945 0.25055 0.25
0.284542 0.390855 0.324603
0.510182 0.489818 0
0.348236 0.234456 0.417309
0.249001 0.332294 0.418705
0.361155 0.362573 0.276272
0.467258 0.128996 0.403746
0.0214504 0.289252 0.689297
0.507322 0.0655456 0.427133
0.080315 0.0805879 0.839097
0.197645 0.195713 0.606642
0.0639923 0.686008 0.25
0.10032 0.37473 0.52495
0.272768 0.727232 0
0.118726 0.119068 0.762206
0.630871 0.369129 0
0.00537498 0.671193 0.323432
0.319048 0.311447 0.369505
0.203422 0.0823687 0.714209
0.427847 0.197128 0.375025
0.110077 0.242567 0.647356
0.171908 0.358202 0.46989
0.834225 0.165775 0
0.875493 0.124507 0
0.0121824 0.0668002 0.921017
0.390916 0.609084 0
0.183928 0.566072 0.25
0.663402 0 0.336598
0.0778605 0.92214 0
0.314924 0.156869 0.528207
0 0.75 0.25
0.671036 0.328964 0
0.465808 0.026173 0.508019
0.958377 0.0416227 0
0.310409 0 0.689591
0.201284 0.293865 0.504851
1.30078e-17 0.487168 0.512832
0.539885 0 0.460115
0.635725 0.114275 0.25
0.391605 0.277325 0.331071
0.131723 0 0.868277
0.188896 0.468122 0.342982
0.75 0 0.25
0.343805 0.0841948 0.572
0.0291027 0.168579 0.802319
0.014909 0.41634 0.568751
0.140482 0.428948 0.43057
0.0389314 0.961069 0
0.155696 0.844304 0
0.251651 0.127595 0.620754
2.67009e-17 1 0
0 0 1
1 0 0
