1 0 0
0.404962 0.0328992 0.562138
0.380184 0.243866 0.37595
0.0255678 0.367298 0.607135
0.633251 0.366749 0
0.112877 0.319331 0.567793
0.629922 0.0322651 0.337813
0.30577 0.280602 0.413628
0.959051 0.0409489 0
0.116877 0.883123 0
0.918151 0.0818487 0
0.107904 0.137287 0.75481
0.230397 0.318278 0.451325
0.345604 0.324193 0.330203
0.18854 0.0967037 0.714756
0.0998832 0.445952 0.454165
0.230829 0.438553 0.330617
0.836419 0.163581 0
0.269045 0.0635845 0.66737
0.069283 0.404445 0.526272
0.0361423 0.186254 0.777604
0.0697494 0.082948 0.847303
0.269642 0.362566 0.367792
0.0512275 0.522887 0.425885
0.0346746 0.619053 0.346273
0.0746269 0.675373 0.25
0.155935 0.844065 0
0.877281 0.122719 0
0.174118 0 0.825882
0.561245 0.188755 0.25
0.512343 0.487657 0
0.315535 0.407761 0.276704
0.439346 0.0803258 0.480328
0.795662 0.204338 0
0.142518 0.0620748 0.795407
0.150241 0.3596 0.490159
1.62086e-17 0.325177 0.674823
0.66954 0.0804605 0.25
0.187026 0.400406 0.412568
0.592812 0.407188 0
0.313052 0.686948 0
0.7143 0.2857 0
0.432315 0.567685 0
0.357849 0.122963 0.519188
0.198736 0.515385 0.285879
0.0824893 0.219848 0.697663
0.0709816 0.28585 0.643169
0.166524 0.231907 0.601568
0.754927 0.245073 0
0.273333 0.230858 0.495809
0.103438 0 0.896562
0.370448 0 0.629552
2.5042e-17 0.502392 0.497608
0.272661 0.477339 0.25
0.147455 0.180903 0.671642
0.300181 0 0.699819
0.197268 0.272523 0.53021
0.23097 0.0122905 0.75674
0.673677 0.326323 0
2.16984e-17 0.435312 0.564688
0 0.25822 0.74178
0.552621 0.447379 0
0.107585 0.548979 0.343436
0.409835 0.161026 0.42914
0.483584 0.117345 0.399071
0.392433 0.607567 0
0.452396 0.205953 0.341652
0.385996 0.364004 0.25
0.472247 0.527753 0
0 0.164021 0.835979
0.521957 0.160985 0.317058
0.195176 0.804824 0
0.170657 0.579343 0.25
0.477506 0 0.522494
3.42504e-17 0.68713 0.31287
0.521468 0.0274612 0.451071
2.94278e-17 0.59038 0.40962
0.602936 0.11866 0.278404
4.89198e-18 0.0981427 0.901857
0.35259 0.64741 0
0.58953 0 0.41047
0.0337919 0.0284983 0.93771
0.556278 0.0801243 0.363598
0.038893 0.961107 0
0.234344 0.765656 0
0.14672 0.478542 0.374739
0.0778216 0.922178 0
0.102714 0.612278 0.285008
0.75 0 0.25
3.30508e-17 0.75 0.25
0.337824 0.197857 0.464319
0.257838 0.177756 0.564407
0.424517 0.291751 0.283733
0.224808 0.141089 0.634103
0.27359 0.72641 0
0.491239 0.258761 0.25
4.62111e-17 1 0
0.691556 0 0.308444
0.316001 0.0900323 0.593966
0 0 1
