8.25477e-17 8.39858e-17 1
0.257933 0.0709011 0.671165
0.333871 0.355257 0.310872
0.45186 0.54814 0
0.138374 0.4133 0.448326
0.590499 0.137343 0.272159
1.67336e-17 0.301445 0.698555
0.0976471 0.495491 0.406862
0.122665 0.0813624 0.795973
0.171925 0.109463 0.718611
0.0743494 0.925651 0
0.882064 0.117936 0
0.645927 0 0.354073
0.337016 0.662984 0
0.402579 0.0759834 0.521438
0.656044 0.0939558 0.25
0.550551 0 0.449449
0.119983 0.183408 0.69661
0.490467 0.509533 0
0.369233 0.031703 0.599064
0.180175 0.455795 0.364031
0.302494 0.318954 0.378551
0.0794282 0.260742 0.65983
0.141497 0.533966 0.324537
0.547096 0.202904 0.25
0.203233 0.231925 0.564843
0.163299 0.213027 0.623674
0.364241 0.146778 0.488981
0.56806 0.43194 0
0.276896 0 0.723104
0.960705 0.0392949 0
0.261513 0.738487 0
0.579383 0.0375955 0.383022
0.0371173 0.962883 0
0.444636 0 0.555364
0.842729 0.157271 0
0.170235 1.88998e-17 0.829765
0.55801 0.104342 0.337648
0.921403 0.0785965 0
0.122356 0.297586 0.580057
0.176931 0.573069 0.25
0.724584 0.275416 0
0.0315886 0.342194 0.626218
0.210326 0.0291459 0.760528
0.413547 0.586453 0
0.494912 0.142261 0.362827
0.218209 0.373208 0.408583
0.292965 0.457035 0.25
0.685452 0.314548 0
0.324199 0.223748 0.452052
0.264986 0.296042 0.438971
0.414711 0.311832 0.273457
0.607018 0.392982 0
0.375132 0.624868 0
2.27533e-17 0.409888 0.590112
0.231914 0.263126 0.50496
0.646166 0.353834 0
0.481027 0.268973 0.25
0.489056 0.0290912 0.481853
0.456188 0.221607 0.322206
0.258221 0.41138 0.3304
0.221618 0.14496 0.633422
0.224803 0.50073 0.274467
0.0769124 0.149761 0.773326
0.11161 0.88839 0
0.803384 0.196616 0
0.299229 0.700771 0
0.00295581 0.67057 0.326474
0.173118 0.335763 0.49112
0.40983 0.184221 0.405949
0.0209886 0.111142 0.867869
0.366581 0.383419 0.25
0.103472 0.62082 0.275708
0.0665401 0.577355 0.356105
0.683966 0.0277945 0.288239
0.223797 0.776203 0
0.278809 0.182366 0.538825
0 0.75 0.25
0.0878494 0.373711 0.53844
0.148909 0.851091 0
3.3584e-17 0.604996 0.395004
1.02075e-17 0.183881 0.816119
0.529134 0.470866 0
0.764008 0.235992 0
3.64471e-18 0.0656572 0.934343
0.0757697 0 0.92423
0.0969531 0.0420571 0.86099
0.0629975 0.448037 0.488965
0.342963 0 0.657037
0.75 0 0.25
0.186232 0.813768 0
0.375667 0.265817 0.358516
0.458144 0.10291 0.438945
0.0243878 0.231495 0.744117
1 0 0
2.67246e-17 0.481427 0.518573
2.63452e-17 1 0
0.0640964 0.685904 0.25
0.0149268 0.536744 0.448329
0.312364 0.107198 0.580437
