8.50744e-17 1 0
0.53886 0.122716 0.338424
0.467665 0.158102 0.374233
0.277479 0.203875 0.518646
0.415672 0.584328 0
0.0619102 0.212005 0.726084
0.393383 0.195662 0.410955
0.17315 0.0837337 0.743116
0.243768 0.1662 0.590033
0.108611 0.475538 0.415851
0.452959 0.547041 0
0.318851 0.362283 0.318867
0.14606 0.60394 0.25
0.608608 0.0949183 0.296474
0.189947 0.810053 0
0.227883 0.772117 0
0.30322 0.69678 0
0.0678821 0.0794987 0.852619
0.0604517 0.689548 0.25
0.23004 0.29232 0.47764
0.253871 0.0314723 0.714657
0.276327 0.453681 0.269992
0.292543 0.0738076 0.63365
0.358428 0.151344 0.490228
0.526864 0.473136 0
0.637119 0.362881 0
0.433944 0.104289 0.461767
0.600291 0.399709 0
0.0864063 0.554024 0.359569
0.0402641 0.351434 0.608301
0.328554 0.107202 0.564244
0.563568 0.436432 0
0.667278 0.082722 0.25
0.578422 0.171578 0.25
0.673823 0.326177 0
0.340794 0.659206 0
0.350027 0.399973 0.25
0.315467 0.242047 0.442486
0.471479 0.278521 0.25
0.378363 0.621637 0
0 0.75 0.25
0.388717 0 0.611283
0.192213 0.264081 0.543706
0.927694 0.0723062 0
0.963854 0.0361463 0
0.205873 0.36334 0.430787
0.143301 0.381995 0.474704
0.746634 0.253366 0
0.134158 0.17139 0.694453
0.710183 0.289817 0
0.75 0 0.25
0.116111 0.322876 0.561013
0.511157 0.207033 0.28181
1.33854e-17 0.242835 0.757165
0.0282337 0.52126 0.450506
0.00916113 0.171306 0.819533
0.233144 0.516856 0.25
0.21503 0 0.78497
0.211744 0.123079 0.665177
3.27014e-17 0.593262 0.406738
0.146236 0.0289386 0.824825
0.407699 0.0514715 0.540829
0.265664 0.734336 0
0.489899 0.510101 0
0.686567 0.0193018 0.294131
0 0.667569 0.332431
0.819214 0.180786 0
0.502859 0.0722418 0.424899
0.24432 0.411988 0.343692
0.478153 0 0.521847
0.0283487 0.0332139 0.938437
0.402799 0.327868 0.269333
0.152154 0.847846 0
0.162897 0.219942 0.617161
0.642456 0 0.357544
0.280258 0.324102 0.395639
0.432571 0.239895 0.327534
0.162704 0.529894 0.307402
0.0956942 0.126487 0.777819
0.071444 0.425154 0.503402
0.179021 0.449928 0.37105
0 0.31585 0.68415
0.0761233 0.923877 0
0.891536 0.108464 0
0.103558 0 0.896442
0.0380561 0.961944 0
0.358894 0.281831 0.359275
0.1142 0.8858 0
0.578504 0.0371115 0.384385
0.544762 0 0.455238
0.783008 0.216992 0
5.97681e-18 0.10843 0.89157
1.64932e-17 0.412519 0.587481
1.20539e-17 9.89684e-17 1
4.09331e-17 0.481145 0.518855
1 0 0
0.855414 0.144586 0
0.322112 0 0.677888
0.0858645 0.26699 0.647145
0.0698641 0.624951 0.305185
