0.273886 0.355903 0.37021
0.351501 0.0867915 0.561708
0.202331 0.164139 0.63353
0.153682 0.485524 0.360794
0.0606882 0.14547 0.793842
0 0.101252 0.898748
0.156939 0.843061 0
0.879316 0.120684 0
0.464395 0.109454 0.426151
0.758338 0.241662 0
0.156334 0.358092 0.485574
0.546435 0 0.453565
0.556078 0.443922 0
0.316341 0.0230152 0.660643
0.0506781 0.269286 0.680036
0.38649 0.149834 0.463676
0.417281 0.0688879 0.513831
0 0.172815 0.827185
0.231554 0.210326 0.558119
0.539915 0.192247 0.267838
0.243065 0.314343 0.442593
0.0746304 0.0778223 0.847547
0.447553 0.229697 0.32275
0.105611 0.322365 0.572024
0.418401 0.194728 0.386871
0.151106 0.105957 0.742937
5.20943e-17 0.333968 0.666032
6.78757e-18 0.244548 0.755452
0.162953 0.587047 0.25
0.284316 0.241049 0.474635
0.412752 0.301855 0.285393
0.0993101 0.61851 0.28218
0.435068 0.564932 0
0.254788 0.0961596 0.649053
0.669031 0.0199579 0.311011
0.078327 0.921673 0
0.190835 0.525242 0.283923
0.0630663 0.686934 0.25
0.382257 0 0.617743
0.114743 0.439778 0.445478
0.194079 0.399368 0.406553
0.275464 0.724536 0
0.75 0 0.25
0.319598 0.174241 0.50616
0.379382 0.370618 0.25
0.139334 0.0396537 0.821012
0.039129 0.960871 0
0.490774 0.0345361 0.47469
0.232147 0.440102 0.327751
0.130919 0.257492 0.611589
0.586371 0.0934859 0.320143
0.337967 0.325139 0.336894
0.00295036 0.607612 0.389438
0.315229 0.684771 0
0.505322 0.14518 0.349498
0.346665 0.253458 0.399877
0.02906 0.479115 0.491825
0.311773 0.410887 0.27734
0.608715 0.141285 0.25
0 0.673718 0.326282
0.117521 0.882479 0
0.0767655 0.398593 0.524641
0.554077 0.0539425 0.391981
0.629345 6.98714e-17 0.370655
0.83907 0.16093 0
0.140349 0.195649 0.664002
0.220382 0.0675809 0.712037
0.798736 0.201264 0
0.192567 0.282632 0.5248
0.266656 0.483344 0.25
0.596522 0.403478 0
0.0330009 0.0291272 0.937872
0.485722 0.264278 0.25
0.355062 0.644938 0
0.270347 3.00146e-17 0.729653
0.283193 0.130677 0.58613
2.08167e-17 0.75 0.25
0.0832354 0.515462 0.401303
0.0690375 0.580355 0.350608
0.196232 0.803768 0
0.0912622 0.182752 0.725985
0.677447 0.322553 0
0.515581 0.484419 0
0.475187 0.524813 0
0.636968 0.363032 0
0.71792 0.28208 0
0.67936 0.0706399 0.25
0.20182 0 0.79818
0.031269 0.362148 0.606583
0.450321 0 0.549679
0 0.436424 0.563576
0 0.544174 0.455826
0.959844 0.0401561 0
0.919618 0.0803819 0
0.10516 0 0.89484
0 0 1
0 1 0
1 0 0
0.235741 0.764259 0
0.395014 0.604986 0
