4.16332e-17 1.1741e-22 1
0.0565307 0.344457 0.599013
0.102995 0.26786 0.629145
9.54975e-18 0.326134 0.673866
0.684448 0.0278222 0.287729
0.220384 0.779616 0
0.146812 0.853188 0
0.155998 0.289782 0.55422
0.374549 0.283995 0.341456
0.280816 0.139917 0.579267
0.135457 0.523085 0.341458
0.105936 0.146298 0.747766
0.0496435 0.0163055 0.934051
0.593784 0.113415 0.292801
0.145472 0.0641065 0.790422
0.484626 0.265374 0.25
0.467375 0 0.532625
0.341653 0.234693 0.423655
0.368455 0.631545 0
0.228956 0.234006 0.537038
0.646436 0 0.353564
0.457982 0.230492 0.311526
0.119509 0.367041 0.51345
0.38812 0.148404 0.463476
0.0664368 0.230131 0.703432
0.0466461 0.531605 0.421749
0.213622 0.468256 0.318122
0.302043 0 0.697957
0.513175 0.024622 0.462203
1.49025e-17 0.508937 0.491063
0.0719467 0.0942827 0.833771
0 0.0823489 0.917651
0.301398 0.418988 0.279614
0.256379 0.274904 0.468717
0.183532 0.816468 0
0.925528 0.0744719 0
0.363804 0.386196 0.25
0.656563 0.0934367 0.25
0 0.256403 0.743597
0 0.412094 0.587906
0.0257943 0.186366 0.78784
0.205849 0.344316 0.449835
0.238291 0.0230813 0.738628
0.851145 0.148855 0
0.471428 0.108667 0.419905
0.185444 0.417971 0.396585
0.51022 0.152915 0.336865
0.331356 0.668644 0
0.0318124 0.444542 0.523646
0.59147 0.40853 0
0.422364 0.192788 0.384848
0.0961849 0.429903 0.473912
0.397152 0 0.602848
0.429102 0.0675785 0.503319
0.241092 0.10341 0.655498
2.01502e-17 0.688151 0.311849
0.0366323 0.963368 0
0.888339 0.111661 0
0.554331 0.445669 0
0.0733022 0.926698 0
0.114615 0.596528 0.288856
0.143703 0.192691 0.663606
0.294387 0.705613 0
0.184219 0.565781 0.25
0.300066 0.316161 0.383774
0.517145 0.482855 0
0.554923 0.0719361 0.373141
0.264208 0.381473 0.354319
0.257342 0.742658 0
0.580095 0 0.419905
0.81407 0.18593 0
0.405578 0.594422 0
0.188468 0 0.811532
0.110041 0.889959 0
0.205541 0.180703 0.613755
0.310072 0.187142 0.502785
0.75 0 0.25
0.35644 0.0957598 0.547801
2.19613e-17 0.75 0.25
0.739899 0.260101 0
0.325498 0.0457211 0.628781
0.187639 0.0960874 0.716274
0.628584 0.371416 0
0.0426671 0.616179 0.341154
0.116208 0.476622 0.40717
0.7028 0.2972 0
0.665692 0.334308 0
0.559708 0.190292 0.25
0.962749 0.0372512 0
0.0820337 0.667966 0.25
0 0.146865 0.853135
0.442772 0.557228 0
0.410182 0.322582 0.267237
0.256293 0.493707 0.25
0.776984 0.223016 0
0 0.596069 0.403931
1 0 0
0.115639 0 0.884361
0 1 0
0.479956 0.520044 0
