0.919896 0.0801041 0
0.478522 0.0406512 0.480826
0.75 0 0.25
0.470783 0.279217 0.25
0.0585735 0.331883 0.609543
0.642942 0.357058 0
0.259897 0.740103 0
0.565021 0.434979 0
0.172679 0.210107 0.617213
0.603932 0.396068 0
0.287561 0.341836 0.370604
0.574823 0.0263208 0.398856
0.449561 0.550439 0
0.123218 0.422 0.454782
0.318557 0.133545 0.547897
0.222255 0.777745 0
0.0845771 0.38226 0.533163
0 0.538735 0.461265
0.0803642 0.606315 0.313321
0.286375 0.214715 0.49891
0.648259 0.101741 0.25
0.0834316 0.499639 0.416929
0.580177 0.169823 0.25
0.520299 0.205777 0.273924
0 0.75 0.25
0.540535 0 0.459465
0.487595 0.165043 0.347362
0.363388 0.301197 0.335415
0.227774 0.121317 0.650909
0.297726 0.702274 0
0.184967 0.815033 0
0.340917 0.0654718 0.593611
0.36409 0.169843 0.466067
0.289622 0.0414009 0.668977
0.206351 0.380504 0.413144
0.270308 0 0.729692
0.288421 0.461579 0.25
0.524308 0.0975536 0.378139
0.68206 0.31794 0
0.800416 0.199584 0
0.526246 0.473754 0
0.721468 0.278532 0
0.33511 0.66489 0
0.444446 0.124847 0.430707
0.398465 0.351535 0.25
0.123635 0.0689319 0.807434
0.399856 0.0867309 0.513413
0.0325387 0.689673 0.277788
0.0355598 0.222852 0.741589
0.178935 0.571065 0.25
0.367341 0 0.632659
0 0.186286 0.813714
0 0.290603 0.709397
0 0.362106 0.637894
0.210068 0.030197 0.759735
0.760886 0.239114 0
0.0866538 0.144389 0.768957
2.20124e-17 0.648403 0.351597
0.106396 0.643604 0.25
0.130571 0.177205 0.692224
0.879953 0.120047 0
0.169738 0 0.830262
0.411195 0.588805 0
0.372951 0.627049 0
0.325995 0.256312 0.417693
0.840212 0.159788 0
0.10311 0 0.89689
0.33046 0.389359 0.28018
0.247214 0.298436 0.454351
0.646015 0 0.353985
0.210163 0.253196 0.536641
0.132416 0.293592 0.573992
0.0738418 0.926158 0
0.110786 0.889214 0
0.086701 0.255009 0.65829
0.127022 0.536207 0.33677
0 0.433397 0.566603
0.215855 0.503416 0.280729
0.687436 0.0300587 0.282505
0.436664 0.250318 0.313018
0.0334833 0.467931 0.498585
0.147786 0.852214 0
0.442228 0 0.557772
0.0384628 0.026177 0.93536
0.168545 0.460732 0.370724
0.252148 0.165775 0.582077
0 0.0908311 0.909169
0.487795 0.512205 0
0.042459 0.109347 0.848194
0.597261 0.08236 0.320379
0.0295703 0.578752 0.391678
0.248282 0.421449 0.330269
0.403879 0.20924 0.386881
0.0369117 0.963088 0
1 0 0
0 1 0
0.166872 0.33863 0.494498
0.959946 0.0400538 0
0.176323 0.10071 0.722967
0 0 1
