0 0 1
0.131964 0.249218 0.618819
0.209798 0.0668718 0.72333
0.564103 0.435897 0
0.122026 0.101841 0.776133
0.525456 0.474544 0
0.608168 0.141832 0.25
0.495903 0 0.504097
0.0373711 0.144681 0.817948
0.515003 0.164431 0.320567
0.273826 0.381389 0.344785
0.68097 0.31903 0
0.799785 0.200215 0
0.259519 0.740481 0
0.110677 0.889323 0
0.325185 0.0888651 0.58595
0.52907 0.0355065 0.435423
0.147617 0.852383 0
0.160501 0.302095 0.537404
0.44861 0.55139 0
0.0738875 0.465996 0.460117
0.0651383 0.280865 0.653997
0.0368551 0.963145 0
0.165975 0.0161583 0.817867
0.115949 0.508136 0.375915
0.0642886 0.683577 0.252134
0.237106 0.262684 0.50021
0.839545 0.160455 0
0.21035 0.211659 0.577991
0.541496 0.208504 0.25
0.75 0 0.25
0.283126 0.168431 0.548442
0.75981 0.24019 0
0.690968 0.0590322 0.25
0.332278 0.417722 0.25
0.0736238 0.926376 0
2.12644e-17 0.75 0.25
1.82796e-17 0.443556 0.556444
0.434823 0.315177 0.25
0.106968 0.391727 0.501306
0.0794826 0.587983 0.332534
0.296934 0.703066 0
0.475249 0.243634 0.281117
0.399375 0.0623259 0.538299
0.161752 0.425902 0.412346
0.431301 0.19454 0.37416
0.231199 0.518801 0.25
0.222081 0.777919 0
0.0109063 0.378795 0.610299
0.35117 0.0165123 0.632318
0 0.510518 0.489482
0.334674 0.665326 0
0.092137 0.190477 0.717386
0.162826 0.54885 0.288324
0.184783 0.815217 0
0.410169 0.589831 0
0.312612 0.214073 0.473315
0.130778 0.619222 0.25
0.191279 0.354185 0.454536
0.0823813 0.342218 0.575401
0.198211 0.461497 0.340292
0.444266 0.0903143 0.465419
0 0.205569 0.794431
0.641922 0.358078 0
0.358553 0.227716 0.413731
0.486979 0.513021 0
0.234327 0 0.765673
0.180075 0.17261 0.647315
0.0191518 0.245333 0.735515
0.372365 0.627635 0
0.720249 0.279751 0
0.368184 0.142355 0.489461
0.42347 0 0.57653
0.324711 0.300468 0.374822
0.256566 0.106856 0.636577
0.39823 0.271533 0.330236
0.256974 0.320013 0.423013
0.919666 0.0803336 0
0.474624 0.124686 0.40069
0.362498 0.351489 0.286013
0.598906 0 0.401094
0.0329 0.028643 0.938457
0.264969 0.450022 0.285009
0.557789 0.0895625 0.352648
0.0784356 0.0685817 0.852983
0.159642 0.139227 0.701131
0 0.104693 0.895307
0.304182 0 0.695818
0.0303943 0.549686 0.419919
0.0110155 0.670415 0.31857
1.31241e-17 0.318458 0.681542
0.87955 0.12045 0
0 1 0
0.602886 0.397114 0
1 0 0
0.628147 0.0680161 0.303837
0 0.61745 0.38255
0.959839 0.040161 0
0.670554 0 0.329446
0.108959 0 0.891041
