0.228592 0.330304 0.441104
0.389233 0.111342 0.499425
0.330469 0.392586 0.276945
0.211959 0.196319 0.591723
2.08166e-17 0.749998 0.250002
0.674607 0.325393 0
0.451821 0.548179 0
0.637709 0.362291 0
0.289344 0.460654 0.250002
0.414334 0.585666 0
0.545451 0.0553931 0.399156
0.219753 0.494567 0.28568
0.139364 0.251889 0.608747
0.144524 0.385762 0.469714
0.0552114 0.06077 0.884019
0.400498 0.3495 0.250002
0.0641972 0.286666 0.649137
0.150468 0.849532 0
0.514531 0.125745 0.359724
0.062123 0.156988 0.780889
0.262873 0.113241 0.623887
0.60087 0.39913 0
0.515432 0.234566 0.250002
0.749998 0 0.250002
0.225946 0.774054 0
0.467847 0.0784337 0.453719
0.141281 0.118105 0.740614
0.112097 0.637901 0.250002
0.498683 5.53649e-17 0.501317
0.0923923 0.207463 0.700144
0.263723 0.736277 0
0.85652 0.14348 0
0.747897 0.252103 0
0.928368 0.0716325 0
0.711298 0.288702 0
4.64797e-18 0.167461 0.832539
0.0996774 0.47034 0.429983
0.0751256 0.924874 0
0.820489 0.179511 0
0.112778 0.887222 0
0.892401 0.107599 0
0.433902 0.155765 0.410333
0.565608 0.164822 0.26957
0.248644 0.417636 0.333719
0.687269 0.0370116 0.275719
3.0525e-18 0.0837926 0.916207
0.33913 0.66087 0
0.187773 0.0293604 0.782866
0.381322 4.23353e-17 0.618678
0.48915 0.51085 0
0.185452 0.564546 0.250002
0.526459 0.473541 0
0.276061 0.354327 0.369612
0.444292 0.280893 0.274815
0.0684499 0.418691 0.512859
0.784197 0.215803 0
0.356642 0.191844 0.451514
6.86962e-18 0.247504 0.752496
0.598089 0.0794627 0.322449
0.563709 0.436291 0
0.063443 0.549565 0.386993
0 0.451154 0.548846
0.397553 0.236533 0.365914
4.80455e-19 0.579393 0.420607
0.314295 0.275576 0.41013
0.221291 0.248278 0.530431
0.376765 0.623235 0
0.0380653 0.687309 0.274626
0.0127017 0.380064 0.607234
0.573953 6.37215e-17 0.426047
0.343714 0.0753081 0.580977
0.429991 0.0239327 0.546077
0.964287 0.0357133 0
0.282518 0.230542 0.48694
5.4031e-19 0.651574 0.348426
0.0965991 0.085318 0.818083
0.222065 0.0776074 0.700328
0.260895 0 0.739105
0.180366 0.432836 0.386798
0.358534 0.313029 0.328437
0.301476 0.698524 0
0.476114 0.198664 0.325222
0.303901 0.155395 0.540704
0.142606 0.516384 0.341009
0.637967 0.112031 0.250002
0.0979699 0.338735 0.563295
8.90672e-18 0.320898 0.679102
0.149809 0 0.850191
0.0134423 0.508876 0.477682
0.0877806 0.597828 0.314392
0.0749304 0 0.92507
1 0 0
0.174607 0.161643 0.66375
0.176582 0.309606 0.513812
0.188189 0.811811 0
0.309733 0.0221885 0.668079
0 0 1
0.649262 7.20826e-17 0.350738
0.0375458 0.962454 0
8.29239e-19 1 0
