1 0 0
0.528163 0.218668 0.253169
0.214512 0.243498 0.54199
0.329916 0.420084 0.25
0.0348131 0.344724 0.620463
0.173781 0.325029 0.501191
0.178907 0.571093 0.25
0.0386307 0.446738 0.514631
0.225722 0.467165 0.307113
0.260676 0.739324 0
0.45776 0.29224 0.25
0.570374 0.121125 0.308501
0.75 0 0.25
0.401887 0.211055 0.387058
0.235328 0.0351962 0.729476
0.785374 0.214626 0
1.95156e-17 0.75 0.25
0.339 0.0391209 0.62188
0.0169822 0.0446792 0.938339
0.262618 0.0817391 0.655643
0.362935 0.296579 0.340486
0.346467 0.653533 0
0 0.116421 0.883579
0.670214 0.0797857 0.25
0.134399 0.065937 0.799664
0.327109 0.245212 0.427679
0.0954016 0.471406 0.433192
0.0436378 0.956362 0
0.0872209 0.912779 0
0.0127211 0.173773 0.813505
0.442912 0.137835 0.419254
0.87129 0.12871 0
0.486413 0.0709188 0.442668
0.598831 0.151168 0.25
0.220479 0.359551 0.419969
0.180466 0.107548 0.711986
0.174501 0.219917 0.605582
0.373425 0.0910914 0.535484
0.0618337 0.216027 0.722139
0.0662422 0.0841666 0.849591
0.402469 0 0.597531
0.389289 0.610711 0
0.432319 0.0612536 0.506427
0.0957321 0.140367 0.763901
0.0861118 0.371156 0.542732
0.283091 0.19933 0.517579
0.130893 0.869107 0
0.51571 0.48429 0
0.217592 0.782408 0
0.303876 0.124822 0.571302
0.46919 0 0.53081
0.126682 0.296866 0.576451
0.138891 0.180934 0.680175
0.150494 0.0020562 0.84745
1.79056e-17 0.688125 0.311875
0.488908 0.172231 0.338861
0.828359 0.171641 0
0.297762 0.326765 0.375473
0.431537 0.568463 0
0.957116 0.0428839 0
0.0745013 0.675499 0.25
0.385235 0.351328 0.263437
0.303664 0.696336 0
0.595268 0 0.404732
0.591977 0.379686 0.0290298
0.307851 0 0.692149
0.473777 0.526223 0
0.359732 0.165431 0.474837
0.0274302 0.624707 0.347863
0.174364 0.825636 0
0.254389 0.495611 0.25
0.699274 0.300726 0
0 0.51273 0.48727
0.185594 0.428925 0.385481
0.254257 0.282399 0.463343
0.531922 0.0039077 0.464171
0.557532 0.442468 0
2.15267e-17 0.242428 0.757572
0.656152 0.343848 0
0.06627 0.539702 0.394028
0.152783 0.498917 0.348299
0.436961 0.251183 0.311856
0.914264 0.0857359 0
0.0875765 0.262956 0.649468
3.67977e-17 0.414407 0.585593
0.622527 0.0410265 0.336446
0.133182 0.400383 0.466436
0.276259 0.394946 0.328795
0.742364 0.257636 0
0.103896 0.616931 0.279173
0.225344 0.153369 0.621287
0.689248 0 0.310752
0.118991 0.557489 0.323521
0.534938 0.0879741 0.377088
0 0.312687 0.687313
0.0887045 9.84818e-18 0.911295
1.51402e-17 0.58185 0.41815
1.04492e-16 1 0
0 0 1
0.214312 2.37934e-17 0.785688
