0.0198142 0.397246 0.58294
8.84031e-17 1 0
0.22953 0.221796 0.548673
0.0708372 0.929163 0
0.542736 0.457264 0
0.693141 0.306859 0
0.141975 0.858025 0
0.0849592 0.424487 0.490553
0.138531 0.451904 0.409566
0.0295148 0.0309008 0.939584
0.0749628 0.179935 0.745102
0.0242564 0.149432 0.826312
0.580107 0.419893 0
0.155506 0.134806 0.709688
0.655261 0.344739 0
0.617728 0.382272 0
0.285593 0.714407 0
0.201268 0.0425644 0.756168
0 0.344103 0.655897
0.388704 0.0213934 0.589903
0.183682 0.368437 0.447881
0.32192 0.67808 0
0.0181186 0.687765 0.294117
0.249554 0.750446 0
0.106457 0.893543 0
0.371761 0.378239 0.25
0.0779829 0.0658675 0.85615
1.5368e-17 0.220454 0.779546
0 0.466337 0.533663
0.177572 0.822428 0
0.549692 0.13667 0.313638
0.0976735 0.652327 0.25
0.456841 0 0.543159
0.433611 0.130852 0.435537
0.104883 0.354695 0.540422
0.349884 0.108416 0.541701
0.117954 0.0954003 0.786645
0.174157 0 0.825843
0.0954331 0.537256 0.367311
0.807196 0.192804 0
0.636509 0 0.363491
0.0711598 0.306921 0.621919
0.510627 0.229191 0.260182
0.4682 0.5318 0
0.0584224 0.503291 0.438287
0.340885 0 0.659115
0.146776 0.579448 0.273775
0 0.546409 0.453591
0.961314 0.0386865 0
0.652473 0.0975272 0.25
0.0656638 0.603626 0.33071
0.35503 0.292008 0.352962
0.244582 0.274806 0.480612
0.222283 0.405255 0.372462
0.316911 0.360055 0.323033
0.446658 0.303342 0.25
0.731177 0.268823 0
0.51603 0.0896641 0.394306
0.597325 0.0642762 0.338399
0 0.62646 0.37354
0.213378 0.786622 0
3.62577e-18 0.104506 0.895494
0.358342 0.641658 0
0.293833 0.456167 0.25
0.271427 0 0.728573
0.424349 0.259999 0.315652
0.0353589 0.964641 0
0.505411 0.494589 0
0.431396 0.568604 0
0.233368 0.0935463 0.673085
0.171144 0.312917 0.515939
0.177727 0.49244 0.329833
0.884069 0.115931 0
0.270235 0.327224 0.402541
0.414197 0.0801197 0.505683
0.103103 0 0.896897
0.0187213 0.271508 0.709771
0 0.75 0.25
0.215887 0.534113 0.25
0.259787 0.43589 0.304324
0.10717 0.223476 0.669354
0.562876 0 0.437124
0.75 0 0.25
0.311425 0.24777 0.440805
0.845579 0.154421 0
0.190406 0.179458 0.630136
0.580676 0.169324 0.25
0.330134 0.179366 0.490501
0.471694 0.177523 0.350783
0.305768 0.06703 0.627202
0.769049 0.230951 0
0.492909 0.0334263 0.473665
0.147378 0.263381 0.589241
0.922644 0.0773559 0
0.3949 0.6051 0
0.39009 0.209179 0.400731
0.271803 0.146019 0.582178
7.15492e-17 3.94731e-17 1
0.687152 0.023406 0.289442
1 0 0
