0.808044 0.191956 0
0.126292 0.17272 0.700988
0.273973 0.11433 0.611698
0.45802 0.225074 0.316906
0.152848 0.847152 0
0.11456 0.88544 0
0.204385 0.545615 0.25
0.493751 0.0188617 0.487388
0.635893 0 0.364107
0.408302 0.341698 0.25
0.279171 0.470829 0.25
0.0195179 0.0417778 0.938704
0.450556 0 0.549444
3.23308e-17 0.75 0.25
0.119744 0.363735 0.516521
0.351599 0.0801344 0.568267
0.538563 0.191598 0.269839
0.209667 0.0222519 0.768081
0.220676 0.322367 0.456956
0.75 0 0.25
0.0608308 0.0875323 0.851637
0.540419 0.0635511 0.39603
0.390432 0.250399 0.359169
0.308976 0.281554 0.40947
0.17008 0.396299 0.433621
0.602286 0.147714 0.25
0.482961 0.267039 0.25
0.0339331 0.224796 0.74127
0.197024 0.442918 0.360059
0.0848777 0.55459 0.360532
0.335588 0.398676 0.265736
0.461014 0.538986 0
0.667301 0.0826994 0.25
0.182408 0.180499 0.637093
0.083677 0.14231 0.774013
0.076284 0.923716 0
0.272139 0.239239 0.488622
0 0.592086 0.407914
0.0810852 0.44001 0.478904
0.162313 0 0.837687
0.0381421 0.961858 0
0.0658106 0.328432 0.605757
1.30922e-18 0.188678 0.811322
0.0381178 0.628027 0.333855
0.0285565 0.52338 0.448063
0.129961 0.599437 0.270602
0.352308 0.200155 0.447537
0.503239 0.141945 0.354816
0.357334 0.318729 0.323937
0.684402 0.0171095 0.298489
0.191132 0.808868 0
7.99065e-19 0.115157 0.884843
0.254682 0.422879 0.32244
0.310669 0.159679 0.529652
0.923242 0.0767582 0
0.427255 0.169622 0.403122
0.385949 0.0155483 0.598503
0 0.366974 0.633026
0.422315 0.577685 0
0.229567 0.770433 0
0.337001 0 0.662999
0.0278084 0.409334 0.562858
0.0912717 0.250058 0.65867
0.26792 0.73208 0
0.274245 0 0.725755
0.244217 0.075847 0.679936
0.306463 0.693537 0
0.118374 0.479179 0.402448
0.383658 0.616342 0
0.227345 0.201463 0.571192
0.576962 0.423038 0
0.692691 0.307309 0
0.565063 0 0.434937
0.082834 0.667166 0.25
0.463992 0.0901558 0.445852
0.272349 0.357177 0.370474
0.393989 0.11264 0.493371
0.584247 0.0944784 0.321274
0.167147 0.516577 0.316275
0.1736 0.106064 0.720337
2.07062e-17 0.480337 0.519663
0.654178 0.345822 0
0.345066 0.654934 0
0.538343 0.461657 0
0.769604 0.230396 0
0.196164 0.270613 0.533223
0.846481 0.153519 0
0.137672 0.286207 0.576121
0.499691 0.500309 0
0.129973 0.0650378 0.804989
0.961645 0.0383547 0
0.88487 0.11513 0
0.0928459 0 0.907154
1 0 0
0.731153 0.268847 0
3.83601e-17 0.691034 0.308966
0.615572 0.384428 0
0 1 0
2.04353e-18 0.294504 0.705496
3.77703e-17 7.3252e-17 1
