0.0775919 0.603237 0.319171
0.380707 0.0769782 0.542315
0.0316671 0.293678 0.674655
0.0252591 0.479866 0.494875
0.317939 0.232987 0.449074
0.596452 0.0215209 0.382027
0.38509 0.36491 0.25
0.188292 0.170155 0.641553
0.215857 0 0.784143
0.273507 0.193572 0.532921
0.236034 0.0912044 0.672762
0.392379 0.191912 0.415709
0.75 0 0.25
0.105734 0.644266 0.25
0.501509 0.189446 0.309045
0.0479699 0.18787 0.76416
0.280571 0.00604652 0.713382
0.410835 0.589165 0
0.0231787 0.106059 0.870763
0.661177 0.338823 0
0.872369 0.127631 0
0.311668 0.438332 0.25
0.222298 0.355919 0.421784
0.426104 0 0.573896
0.328192 0.671808 0
0.107303 0.105552 0.787144
0.0745959 9.10999e-17 0.925404
0.745564 0.254436 0
0.183841 0.443525 0.372634
0.597916 0.152084 0.25
0.03124 0.578757 0.390003
0.0769975 0.318977 0.604025
0.357646 0.333894 0.30846
0.55137 0.110202 0.338428
0.133563 0.251172 0.615265
0.352583 0 0.647417
0.830125 0.169875 0
0.143921 0.140372 0.715707
0 0.75 0.25
1.95673e-18 0.0629458 0.937054
0.155096 0.374697 0.470207
0.0936941 0.217075 0.689231
0.703279 0.296721 0
0.286969 0.713031 0
0.269293 0.395523 0.335184
0.787833 0.212167 0
0.425459 0.241529 0.333013
0.473596 0.0209804 0.505423
0.452341 0.547659 0
0.62729 0.080811 0.291899
0.467089 0.151462 0.381449
0 0.649316 0.350684
0.286174 0.12697 0.586856
0.321116 0.0585085 0.620376
0.369434 0.630566 0
0.535708 0.464292 0
0.144439 1.60359e-17 0.855561
0 0.169752 0.830248
0.666375 0 0.333625
0.0673592 0.406641 0.526
0.235529 0.473826 0.290645
0.163581 0.836419 0
0.429846 0.107304 0.46285
0.249037 0.273431 0.477532
0.914885 0.0851151 0
0.18217 0.297359 0.520471
0.215083 0.534917 0.25
0.291223 0.321272 0.387505
0.118454 0.436082 0.445464
0 0.259988 0.740012
0.545961 0 0.454039
0.0837234 0.501925 0.414351
0.21101 0.217671 0.571319
0.619249 0.380751 0
6.04527e-17 0.54451 0.45549
0.0817177 0.918282 0
0.0330049 0.689236 0.277759
0.526793 0.223207 0.25
0.34881 0.152608 0.498583
0.0407915 0.959208 0
0.185275 0.0625426 0.752182
0 0.364875 0.635125
0.455977 0.292207 0.251816
0.204583 0.795417 0
0.577354 0.422646 0
0.122548 0.877452 0
0.493943 0.506057 0
0.691737 0.0582626 0.25
0.132855 0.522698 0.344447
0 0.434488 0.565512
0.113727 0.338145 0.548128
0.245788 0.754212 0
0.351543 0.276546 0.371911
1 0 0
0.509352 0.0724301 0.418218
3.10859e-17 1 0
0 0 1
0.156792 0.571503 0.271705
0.0894165 0.0662361 0.844347
0.957431 0.0425695 0
