0.0833472 0 0.916653
0.41376 0.114768 0.471472
0.623266 0.376734 0
0.406522 0.0606864 0.532791
0.850548 0.149452 0
0.508163 0.491837 0
0.589006 0.160994 0.25
0.107547 0.456137 0.436316
0.0186564 0.394579 0.586764
0.36066 0.316908 0.322432
0.097891 0.0894551 0.812654
0.75 0 0.25
0.214373 0.535627 0.25
0.353338 0.646662 0
0.0427427 0.167668 0.789589
0.154156 0.373253 0.472591
0.111719 0.341698 0.546583
0.661617 0.338383 0
0.0910215 0.190873 0.718106
0.326853 0.401336 0.271811
0.0798313 0.58366 0.336509
0.0694185 0.524285 0.406296
0.145042 0.109298 0.74566
0.620259 0.0895105 0.290231
0.699649 0.300351 0
0.342089 0.0876442 0.570266
0.8128 0.1872 0
0.195277 0.408471 0.396252
0.122092 0.627908 0.25
0.584874 0.415126 0
0.275183 0.724817 0
0.125836 0.226152 0.648012
0.265676 0.118849 0.615475
0.517869 0.232131 0.25
0.320736 0.278925 0.400339
0.925483 0.0745175 0
0.305644 0.034122 0.660234
0.19678 0.80322 0
0.448688 0.158146 0.393166
0.0676607 0.426627 0.505713
0.146822 0.559677 0.2935
0.533172 0.126546 0.340282
0.737566 0.262434 0
0.546775 0.453225 0
0.236343 0.198348 0.56531
4.06604e-17 0.75 0.25
0.318683 0.160314 0.521003
0.445853 0 0.554147
0.397233 0.352767 0.25
0.26941 0 0.73059
0.775188 0.224812 0
0.0321642 0.273872 0.693964
0.43091 0.56909 0
0.282003 0.467997 0.25
0.392274 0.607726 0
3.83587e-17 0.239337 0.760663
0.280342 0.363789 0.35587
0.1636 0.251094 0.585305
0.469553 0.530447 0
0.0434339 0.0748358 0.88173
0.518661 0 0.481339
6.2829e-17 0.468446 0.531554
0.159885 0.489046 0.351068
0.0622435 0.668573 0.269183
0.157503 0.842497 0
0.314328 0.685672 0
1.94059e-17 0.144688 0.855312
8.68447e-17 0.680496 0.319504
0.488766 0.0773648 0.433869
0.137046 0.017869 0.845085
0.184093 0.153979 0.661928
0.56875 0.0573977 0.373852
0.687689 0.0623112 0.25
0.238641 0.325579 0.43578
0.198665 0.288005 0.51333
0.0773907 0.305719 0.61689
0.278679 0.240742 0.48058
0.40578 0.238871 0.355349
8.69198e-17 0.542332 0.457668
0.888103 0.111897 0
0.118179 0.881821 0
0.238215 0.444057 0.317727
0.962715 0.0372849 0
0.373058 0 0.626942
0.593368 0 0.406632
0.0394286 0.960571 0
0.448002 0.283581 0.268417
7.45967e-18 0.0556185 0.944382
0.487379 0.198017 0.314604
0.201485 0 0.798515
8.32667e-17 1 0
1.87194e-17 0.345288 0.654712
0.236 0.764 0
0.364352 0.196812 0.438836
1.11021e-16 1.05442e-21 1
0.0788421 0.921158 0
0.223176 0.0725698 0.704255
0.668098 0 0.331902
1 0 0
0.00378006 0.611714 0.384506
