1.02056e-16 1 0
0.586967 0.0832324 0.3298
0.154217 0.367663 0.47812
0.508912 0.491088 0
0.661784 0.338216 0
0.36002 0.389193 0.250787
0.316621 0.348873 0.334506
0.615571 0.134429 0.25
0.200677 0.0936011 0.705722
0.295489 0.297965 0.406546
0.114813 0.635187 0.25
0.158422 0.841578 0
0.0548951 0.603998 0.341107
0.197818 0.802182 0
0.619383 6.87654e-17 0.380617
0.547417 0.452583 0
0.465487 0.0863382 0.448175
0.376698 0.134014 0.489288
0.75 0 0.25
0.258716 0.430404 0.31088
0.246876 0.136053 0.617071
0.180316 0.291944 0.52774
0.0982392 0.329429 0.572331
0.50756 0.24244 0.25
0.216445 0.533555 0.25
0.135322 0.441038 0.42364
0.812557 0.187443 0
0.315576 0.684424 0
0.393481 0.606519 0
0.0362412 0.0275052 0.936254
0.213934 0.401445 0.384621
0.669895 0.0137613 0.316343
0.144441 0.567857 0.287702
0.43383 0.31617 0.25
0.0793037 0.920696 0
0.311201 0 0.688799
0.432144 0.567856 0
0.699545 0.300455 0
0.585719 0.414281 0
0.0490986 0.684329 0.266572
0.241005 0.00940866 0.749587
0.421278 0.168979 0.409743
0.0592343 0.296557 0.644208
0.0729552 0.0835315 0.843513
0.46083 0.208554 0.330617
0.179337 0 0.820663
0.402185 0.290183 0.307633
0.372619 0.252289 0.375092
5.77705e-17 0.520351 0.479649
0.118812 0.881188 0
0.213616 0.212463 0.57392
0.0764064 0.392092 0.531501
0.2581 0.251941 0.489959
0.294741 0.171527 0.533732
0.0405081 0.183151 0.776341
0.470621 0.529379 0
0.280732 0.0637268 0.655541
0.148892 0.0621962 0.788912
0.135946 0.251248 0.612807
0.373618 0.00817145 0.618211
0 0.0983773 0.901623
0.288846 0.461154 0.25
0.546985 0.171738 0.281277
0.0856176 0.21782 0.696563
0.237116 0.762884 0
0.115885 0.136616 0.747499
0 0.667768 0.332232
0.682791 0.0672091 0.25
0.623795 0.376205 0
0.000373278 0.58414 0.415487
0.0959485 0.52821 0.375842
0.177725 0.48504 0.337235
0.0396955 0.960305 0
0.507087 0.125213 0.3677
0.354738 0.645262 0
0.229734 0.332652 0.437614
0.51594 0 0.48406
0.165795 0.172836 0.661369
0.775035 0.224965 0
3.39063e-17 0.332232 0.667768
0.850168 0.149832 0
0 0.164679 0.835321
0.737322 0.262678 0
0.414289 0.0608786 0.524832
0.549982 0.0357002 0.414318
0.336282 0.212537 0.451182
0.925096 0.0749038 0
0.276414 0.723586 0
0 0.75 0.25
0.0208548 0.457051 0.522095
0.444043 4.92987e-17 0.555957
0.887656 0.112344 0
0.107113 0 0.892887
0.332979 0.0920753 0.574946
0.962576 0.037424 0
0.0691666 0.479755 0.451079
1 0 0
0 0.405908 0.594092
3.49825e-17 0.258539 0.741461
0 0 1
