0.28224 0.389326 0.328434
0.531493 0.143565 0.324942
0.23839 0.236627 0.524983
0.252756 0.747244 0
0.511319 0.488681 0
0.374642 0.351197 0.27416
0.327602 0.310475 0.361924
0.451034 0 0.548966
0.239298 0.353847 0.406855
0.0784744 0.671526 0.25
0.618523 0.103968 0.277509
0.108386 0.364626 0.526988
0.473907 0.526093 0
0.392061 0.0361387 0.5718
0.107633 0.892367 0
0.363808 0.109976 0.526216
0.362579 0.637421 0
0.195442 0.318255 0.486303
0.410159 0.264736 0.325106
0.32576 0.67424 0
0.152245 0.400049 0.447706
0.669787 0.00455994 0.325653
0.0424797 0.229415 0.728105
0.105605 0.610318 0.284077
0.289099 0.710901 0
0.0721154 0.446503 0.481381
0.254868 0.495132 0.25
0.137729 0.0779519 0.784319
0.0680471 0.326252 0.605701
0.0215131 0.0425453 0.935942
0.812532 0.187468 0
0.225799 0.0267964 0.747404
0.574629 0.065458 0.359912
0.962613 0.0373867 0
0.192214 0.202477 0.605308
0.329912 0.420088 0.25
0.189621 0.0996964 0.710682
0.141882 0.177647 0.680471
0.143804 0.856196 0
0.216252 0.783748 0
0.684389 0.0656112 0.25
3.65918e-17 0.75 0.25
0.53758 0 0.46242
0.75 0 0.25
0.436628 0.563372 0
0.237073 0.117044 0.645883
0 0.200778 0.799222
0.0935494 0.152823 0.753628
0.447499 0.302501 0.25
0 0.366772 0.633228
0.0856116 0 0.914388
0.101918 0.0423227 0.855759
0.606476 0 0.393524
0.179734 0 0.820266
0.310906 0.0734589 0.615635
0 0.297835 0.702165
0.0982906 0.253259 0.64845
0.104573 0.489128 0.406299
0 0.612036 0.387964
0.661577 0.338423 0
0.774824 0.225176 0
0.548694 0.451306 0
0.623947 0.376053 0
0.498729 0.230906 0.270366
0.35435 0 0.64565
0.496405 0.0952767 0.408318
0 0.106605 0.893395
0.399513 0.600487 0
0 0.48498 0.51502
0.189845 0.435905 0.37425
0.226499 0.468098 0.305403
0.46079 0.0534396 0.48577
0.0438884 0.127669 0.828442
0.571179 0.178821 0.25
0.179814 0.570186 0.25
0.00472245 0.680967 0.314311
0.0358242 0.964176 0
0.0715897 0.92841 0
0.412149 0.141801 0.44605
0.282779 0.272992 0.444229
0.0209727 0.413826 0.565202
0.453561 0.183992 0.362447
0.14717 0.524019 0.328811
0.850158 0.149842 0
0.925147 0.0748527 0
0.179911 0.820089 0
0.699378 0.300622 0
0.737089 0.262911 0
0.0157902 0.538911 0.445299
0.279062 0.154584 0.566354
0.287891 0 0.712109
0.067153 0.574679 0.358168
0.1518 0.28229 0.56591
0.368416 0.226366 0.405218
0.887663 0.112337 0
0 1 0
4.8886e-18 1.06134e-16 1
1 0 0
0.586286 0.413714 0
0.324353 0.190615 0.485032
