0.034966 0.686877 0.278157
0.281377 0.181013 0.53761
0.566596 0 0.433404
0.486972 0.263028 0.25
0.510177 0.196532 0.293292
0.272039 0.412283 0.315678
0.626947 0.0157639 0.357289
0.686281 0.313719 0
0.844003 0.155997 0
0.419794 0.330206 0.25
0.404815 0.0920377 0.503148
0.688675 0 0.311325
0.765403 0.234597 0
0.0249116 0.263347 0.711741
0.804784 0.195216 0
0.353761 0.379293 0.266946
0.131144 0.108918 0.759937
0.202685 0.797315 0
0.255562 0.137151 0.607288
0.386938 0.177834 0.435228
0.580951 0.169049 0.25
0.566568 0.433432 0
0.434572 0.219408 0.34602
0.301738 0.058425 0.639837
0.364923 0.635077 0
0.223449 0.087633 0.688918
0.646503 0.353497 0
0.392453 0.291447 0.3161
0.0367825 0.34733 0.615887
0.48618 0.51382 0
0.342505 0.161342 0.496153
0.725953 0.274047 0
0.0462096 0.0700282 0.883762
0.20452 0.318986 0.476495
0.445884 0.554116 0
0.194952 0.234332 0.570716
0.261646 0 0.738354
0.190612 0.0288731 0.780514
0.17568 0.441439 0.382881
7.78681e-18 0.215767 0.784233
0.161448 0.566893 0.271659
0 0.423129 0.576871
0.546754 0.0592153 0.394031
0.457055 0.144502 0.398443
0.0570645 0.538824 0.404112
0.0974093 0.237168 0.665423
0.116162 0.291726 0.592111
0.416039 0 0.583961
0.315949 0.331246 0.352805
0.201703 0.477167 0.32113
0.528119 0.125325 0.346556
0.883282 0.116718 0
0.126583 0.512828 0.360589
0.606612 0.393388 0
5.28708e-18 0.146501 0.853499
0.405479 0.594521 0
0.338812 0 0.661188
0.961208 0.0387924 0
0.354349 0.248025 0.397626
0.285927 0.277445 0.436628
0.355061 0.0766413 0.568298
0.283826 0.716174 0
0.0781366 0.596937 0.324926
0 0.322903 0.677097
0.0923894 0.0873282 0.820282
0.672245 0.0777549 0.25
0.243251 0.756749 0
3.36671e-17 0.646576 0.353424
0.110233 0.639767 0.25
0.0807932 0 0.919207
0.0810018 0.918998 0
0.162102 0.837898 0
0 0.571432 0.428568
0.238295 0.362798 0.398907
0.22943 0.52057 0.25
0.604861 0.0973028 0.297836
0 0.496273 0.503727
0.0682213 0.179551 0.752228
0.474078 0.069691 0.456231
0.75 0 0.25
0.0845652 0.455385 0.46005
0.526477 0.473523 0
0.121535 0.878465 0
0.145098 0.150815 0.704088
0.300113 0.449887 0.25
0.489734 0 0.510266
2.05331e-18 0.056896 0.943104
0.922288 0.0777124 0
0.153742 0.402231 0.444027
0.243169 0.250884 0.505947
0.150916 0 0.849084
0.135664 0.345798 0.518539
0.175404 0.187426 0.63717
0.040494 0.959506 0
1.07595e-16 3.42775e-18 1
3.60889e-17 1 0
0.324408 0.675592 0
0.0658938 0.395607 0.538499
3.90524e-17 0.75 0.25
1 0 0
