1 0 0
0.0257104 0.373494 0.600795
2.3866e-17 0.75 0.25
0.429954 0.570046 0
0.350379 0.649621 0
0.510049 0.489951 0
0.0871486 0.535804 0.377047
0.75 0 0.25
0.216353 0.349318 0.434329
0.8765 0.1235 0
0.689599 0.0308004 0.2796
0.23098 0.249435 0.519584
0.31067 0.68933 0
0.30865 0.211521 0.479828
0.190542 0.484556 0.324902
0.383028 0.0376769 0.579295
0.125515 0.566355 0.30813
0.405843 0.219431 0.374726
0.32965 0.357715 0.312635
0.835388 0.164612 0
0.550064 0.449936 0
0.106667 0.191605 0.701728
0.605432 0.0701399 0.324428
0.488592 0.0632426 0.448165
0.164644 0.106372 0.728984
0.590483 0.409517 0
0.530756 0.219244 0.25
6.39165e-17 0.516876 0.483124
0 0.589732 0.410268
0.271703 0.728297 0
0.353228 0.396772 0.25
0.0200049 0.0414257 0.938569
0.0770926 0.922907 0
0.574239 0.150816 0.274945
0.521846 0 0.478154
0.265297 0.280346 0.454357
0.646212 0 0.353788
0.128255 0.0656812 0.806064
0.794257 0.205743 0
0.299807 0.0889231 0.61127
0.119589 0.460679 0.419733
0.37391 0.179252 0.446838
0.6309 0.3691 0
0.469908 0.530092 0
0.0545672 0.490294 0.455139
0.232594 0.767406 0
0.450617 0.139099 0.410284
0.281231 0 0.718769
0.576031 0.0143559 0.409613
0.415267 0.0896883 0.495045
0.532025 0.101237 0.366737
0.389897 0.610103 0
0.712355 0.287645 0
0.917675 0.0823246 0
0.250053 0.0652831 0.684664
0.376226 0.283749 0.340025
0.75327 0.24673 0
0.28311 0.448419 0.268471
0.0614794 0.0875062 0.851014
0.0385543 0.961446 0
0.11583 0.88417 0
0.212414 0.0191401 0.768446
0.0464158 0.273803 0.679781
0.0963403 0.326355 0.577305
0.49022 0.179553 0.330227
0.231791 0.518209 0.25
0.0745123 0.410381 0.515107
0.67161 0.32839 0
0.451819 0 0.548181
0.193661 0.806339 0
0.253727 0.395037 0.351236
0.425239 0.324761 0.25
0 0.114726 0.885274
0.157099 0.592901 0.25
4.13174e-17 0.339037 0.660963
0.45978 0.257868 0.282352
0.351155 0 0.648845
0.0824413 0.667559 0.25
0.165989 0.296546 0.537466
0.302577 0.307339 0.390084
2.01117e-17 0.444012 0.555988
0.958877 0.0411233 0
0.0776 0.150413 0.771987
0.162889 1.80843e-17 0.837111
0.142922 0.375458 0.48162
0.178556 0.428051 0.393394
0.18703 0.212354 0.600616
0.154754 0.845246 0
0.122942 0.245904 0.631154
0.264483 0.169736 0.565781
0.341773 0.127056 0.531171
0.040636 0.620851 0.338513
0.00442662 0.183344 0.81223
1.05727e-16 6.08063e-17 1
0.644948 0.105052 0.25
1.12764e-17 0.248953 0.751047
0.208009 0.141472 0.650519
2.18937e-17 0.688021 0.311979
0.0933141 1.036e-17 0.906686
0 1 0
