0.517743 0.164661 0.317595
0.31015 0.68985 0
0.87576 0.12424 0
0.285531 0 0.714469
0.691117 0 0.308883
0.102863 0 0.897137
0.297818 0.277121 0.425061
0.342414 0.0127879 0.644799
0.558538 0.191462 0.25
0.195332 0.371357 0.43331
0.0868752 0.587733 0.325392
0.0217981 0.344285 0.633917
0.752234 0.247766 0
0.00321198 0.483627 0.513161
0.165489 0.218665 0.615847
6.76115e-18 0.75 0.25
0.349507 0.650493 0
0 0.415622 0.584378
0.629581 0.370419 0
5.65688e-18 0.627506 0.372494
0.136242 0.613758 0.25
0.428569 0.571431 0
0.0685411 0.378548 0.552911
0.0770556 0.922944 0
0.0681722 0.681828 0.25
0.0419208 0.108708 0.849371
0.114378 0.298183 0.587439
0.24602 0.50398 0.25
0.21565 0.455488 0.328862
0.308929 0.21007 0.481001
0.58886 0.41114 0
0.235632 0.293274 0.471093
0.291544 0.4002 0.308255
0.389119 0.610881 0
0.371151 0.244319 0.38453
0.412885 0 0.587115
0.154466 0.845534 0
0.017718 0.670039 0.312243
0.318189 0.431811 0.25
0.300229 0.0974447 0.602326
0.628604 0.0344988 0.336898
0.208269 0.251312 0.54042
0.390355 0.359645 0.25
0.670227 0.329773 0
0.383223 0.0620606 0.554716
0.109521 0.40602 0.484459
0.193272 0.806728 0
0.48869 0.261309 0.25
0.0822472 0.14677 0.770982
0.163755 0.434654 0.401591
0.155681 0.33071 0.513609
0.251237 0.0686133 0.68015
0.177118 0.545305 0.277577
0.508119 0.491881 0
0.793422 0.206578 0
0.232088 0.767912 0
0.0583045 0.537871 0.403825
0.75 0 0.25
0.958484 0.041516 0
0.0384877 0.961512 0
0 0.297488 0.702512
0.917171 0.0828293 0
0.47687 0.123193 0.399938
0.168143 0.102936 0.72892
0.341176 0.321846 0.336978
0.123029 0.0686105 0.808361
0.346068 0.135539 0.518393
0.271006 0.728994 0
0 0.555192 0.444808
0.121577 0.183119 0.695304
0.548451 0.451549 0
0.520383 0.0335728 0.446044
0 1 0
0.21471 0.0204564 0.764833
0.711135 0.288865 0
0.262439 0.356228 0.381333
2.06068e-17 0.18561 0.81439
0.420099 0.289603 0.290299
0.446058 0.208387 0.345555
0.600973 0.121656 0.277371
0.553891 0.0837201 0.362389
0.834432 0.165568 0
0.43523 0.0859008 0.47887
0.468335 0.531665 0
0.169297 0 0.830703
0.396337 0.168097 0.435566
0.0277792 0.228017 0.744204
0.210129 0.143067 0.646805
0.0385579 0.0258143 0.935628
0.0797703 0.469147 0.451082
0.0784185 0.259564 0.662018
0.590357 0 0.409643
0.133088 0.507404 0.359508
0.668721 0.0812788 0.25
0 0.0901135 0.909887
0.484844 0 0.515156
0.115643 0.884357 0
1 0 0
0.258115 0.176072 0.565813
1.02478e-16 2.24216e-17 1
