0.077838 0.922162 0
0.0661982 0.133637 0.800164
0.297963 0.452037 0.25
0.228777 0.521223 0.25
0.389709 0.360291 0.25
3.53918e-17 1 0
0.374781 0.29198 0.33324
0.160718 0.576465 0.262817
0.466017 0.242613 0.29137
0.648736 0.101264 0.25
0.0388238 0.961176 0
0.246492 0 0.753508
0.160527 0.452707 0.386766
0.497941 0.166292 0.335766
0.540866 0.209134 0.25
0.534008 0.087743 0.378249
0.326981 0.379795 0.293224
0.414195 0.0892155 0.496589
0 0.75 0.25
0.474157 0.525843 0
0.362226 0.0672137 0.57056
1.99921e-18 0.0959291 0.904071
0.118125 0.534199 0.347676
0.0887685 0.253709 0.657522
0.0790704 0.496676 0.424253
0.144593 0.0967214 0.758685
0.397627 0 0.602373
0.446538 0.303462 0.25
0.116783 0.883217 0
0.578142 0.140742 0.281116
0.042056 0.0210625 0.936882
0.605219 0.0632406 0.331541
0.0267154 0.304555 0.66873
0.274514 0.725486 0
0.111823 0.176445 0.711732
0.75 0 0.25
0.323606 0.142159 0.534235
0.314273 0.685727 0
0.595614 0.404386 0
0.499634 0.0369283 0.463437
0.0255713 0.578045 0.396384
0.514453 0.485547 0
0.199459 0.488028 0.312514
0.283697 0.220152 0.496151
0.157297 0.340624 0.502079
0.18925 0.144939 0.665811
0.219417 0.0709139 0.709669
0.321928 0 0.678072
0.642502 0 0.357498
0.116165 0.418403 0.465431
0.177523 0.0129974 0.809479
0.155978 0.844022 0
0.354105 0.645895 0
0.555007 0.444993 0
0.10378 0.64622 0.25
0.466983 0 0.533017
0.0302498 0.466311 0.50344
0.107125 0.307907 0.584968
0.393935 0.606065 0
0.454982 0.126379 0.418639
0.072278 0.382941 0.544781
0.0750995 0.606932 0.317969
0.717433 0.282567 0
0.689404 0.0270471 0.283549
0.269551 0.114908 0.615541
0.330461 0.254416 0.415123
0.919465 0.0805355 0
0.0305786 0.690292 0.27913
0.237062 0.186143 0.576795
0.244037 0.298181 0.457783
0.195297 0.804703 0
0.569636 0 0.430364
0.234737 0.765263 0
0.087448 0.0659942 0.846558
0.676819 0.323181 0
0.636224 0.363776 0
0.196229 0.264137 0.539635
0.289877 0.334643 0.37548
0.757911 0.242089 0
0.798408 0.201592 0
0.158628 0.221402 0.61997
0.116927 0 0.883073
1.11717e-17 0.53606 0.46394
1.11882e-17 0.166978 0.833022
0.415611 0.21028 0.374109
0.959763 0.0402366 0
0.0318135 0.209256 0.758931
0.370985 0.173347 0.455667
7.6422e-18 0.3667 0.6333
1.80263e-17 0.269033 0.730967
0.203565 0.375845 0.42059
3.03324e-17 0.647609 0.352391
1.52564e-17 0.431071 0.568929
0.298015 0.0518608 0.650124
0.434011 0.565989 0
0.879185 0.120815 0
0.247354 0.414036 0.33861
1.02949e-16 1.67473e-17 1
1 0 0
0.838872 0.161128 0
