5.29593e-17 2.55182e-18 1
0.791493 0.208507 0
0.622753 0.100025 0.277222
0.26863 0.73137 0
0.113467 0.310328 0.576205
0.241272 0.174125 0.584602
0.627208 0.372792 0
0.0713346 0.066445 0.86222
1.64362e-17 0.420014 0.579986
0.586436 0.413564 0
0.185462 0.506704 0.307834
0.425697 0.574303 0
0.076209 0.923791 0
0.505456 0.494544 0
0.157383 0.223654 0.618963
0.22971 0.77029 0
0.069383 0.276797 0.65382
0.874741 0.125259 0
0.687502 0.0624982 0.25
0.216297 0.533703 0.25
0.232369 0.30619 0.461441
6.22781e-18 0.159147 0.840853
0.328589 0.12339 0.548021
0.420889 0.264037 0.315074
0.309711 0.263533 0.426756
0.284578 0.088082 0.62734
0.832928 0.167072 0
0.66798 0.33202 0
0.114485 0.885515 0
0.465369 0.534631 0
0.164221 0.0745951 0.761184
0.190751 0.391394 0.417855
0.577414 0.0656553 0.35693
0.152708 0.847292 0
0.545689 0.454311 0
0.488642 0 0.511358
0.195088 0.263826 0.541086
0.191088 0.808912 0
0.259125 0 0.740875
0.0749917 0.52929 0.395718
0.348228 0.310903 0.340869
0.460597 0.183192 0.356212
0.202571 0.133084 0.664345
0.350916 0.171984 0.4771
0.105963 0.562197 0.33184
1.97759e-17 0.75 0.25
0.307554 0.692446 0
0.423642 0 0.576358
0.235315 0.429494 0.335191
0.272156 0.349558 0.378286
0.0398121 0.0188948 0.941293
0.382988 0.223397 0.393615
0.386049 0.613951 0
0.750213 0.249787 0
0.275065 0.216966 0.507968
0.346517 0.653483 0
0.185176 2.05586e-17 0.814824
0.094347 0.106148 0.799504
0.709069 0.290931 0
0.958049 0.0419508 0
0.145597 0.604403 0.25
0.456925 0.293075 0.25
0.536505 0.140259 0.323236
2.07315e-17 0.669544 0.330456
0.236515 0.0578153 0.705669
0.434113 0.0719832 0.493904
0.577542 0.172458 0.25
1.24159e-17 0.317278 0.682722
0.0728295 0.67717 0.25
0.601136 0 0.398864
0.416132 0.14182 0.442047
0.53124 0.0229389 0.445821
0.151985 0.351427 0.496589
0.67084 0.000187639 0.328972
0.91614 0.0838598 0
0.149516 0.472474 0.37801
0.132168 0.150109 0.717723
0 0.0925528 0.907447
0 0.589128 0.410872
0.333268 0 0.666732
0.0380783 0.961922 0
0.113471 1.25978e-17 0.886529
0.0563993 0.631879 0.311721
0.364346 0.0460665 0.589588
0.0422051 0.184756 0.773039
0.493872 0.100408 0.405721
0 0.251644 0.748356
0.0956888 0.211019 0.693292
0.0297253 0.355194 0.615081
0.0723234 0.394641 0.533036
0.0272485 0.510718 0.462034
1.88988e-17 0.482943 0.517057
0.317753 0.393914 0.288334
0.75 0 0.25
0.507097 0.224471 0.268433
0.105692 0.439804 0.454503
0.28693 0.46307 0.25
0 1 0
0.386807 0.363193 0.25
1 0 0
