0.150959 0.599041 0.25
1 0 0
0.0799788 0.670021 0.25
0.458619 0.541381 0
0.150567 0.298251 0.551182
0.369811 0.0703849 0.559804
0.540122 0.209878 0.25
0.62862 0.0592524 0.312127
0.236637 0.0851602 0.678202
0.502618 0.0660916 0.431291
0.338092 0.143792 0.518116
0.361736 0.388264 0.25
0.88385 0.11615 0
0.31447 0.640048 0.0489063
0.597041 0.00408673 0.398872
0.465055 0.142781 0.392165
0.261427 0.738573 0
0.534052 0.465948 0
0.402835 0.318695 0.27847
0.289211 0.460789 0.25
0.123864 0.36808 0.508056
5.45152e-18 0.174856 0.825144
0.294198 0.687372 0.0192481
0.59956 0.141521 0.258919
0.257431 0.18245 0.560119
0.508202 0.17765 0.314149
2.48113e-17 0.75 0.25
0.152616 0.0230438 0.82434
0.0750398 0.882775 0.0437465
0 0.582063 0.417937
0.96142 0.0385804 0
0.552227 0.0968669 0.350906
0.674351 0.0756489 0.25
0.144951 0.135899 0.71915
8.59172e-17 0.686233 0.313767
0.171787 0.171782 0.656432
0.0358582 0.619389 0.344753
0.0486473 0.399566 0.551786
0.845007 0.154993 0
0.057596 0.49314 0.449264
0.143258 0.444568 0.412174
0.572343 0.427657 0
0.179039 0.0680608 0.7529
0.402746 0 0.597254
0.270199 0.319704 0.410097
0.421064 0.578936 0
0.0625711 0.33674 0.600689
0.383722 0.616278 0
0.688777 0.311223 0
0.142896 0.857104 0
0.182254 0.817746 0
0.806183 0.193817 0
0.313506 0.356022 0.330472
0.221704 0.778296 0
0 0.324737 0.675263
0.222776 0.398342 0.378882
0.191447 0.218284 0.590269
0.362353 0.278594 0.359054
0.226176 0.26922 0.504604
0.767144 0.232856 0
0.610734 0.389266 0
0.088231 0.532055 0.379714
0.107257 0.260788 0.631955
0.0649858 0.236006 0.699008
0.217471 0.528803 0.253726
0.0820123 0.0700392 0.847948
0.258114 0.43338 0.308506
0.106089 0 0.893911
0.329999 0.0256552 0.644346
1.28545e-17 0.412306 0.587694
0.192329 0.349503 0.458168
0.0343711 0.0275574 0.938072
0.460663 0.0138121 0.525525
2.08471e-17 0.250365 0.749635
0.42271 0.0985867 0.478703
0.0405867 0.954316 0.00523087
0.530632 0 0.469368
0.649711 0.350289 0
0.118282 0.571349 0.31037
0.328599 0.251156 0.420246
0.297061 0.220367 0.482572
0.085964 0.430529 0.483507
0.0593427 0.131066 0.809591
0.496177 0.503823 0
0.433693 0.227557 0.33875
0.288684 0 0.711316
0.283228 0.111178 0.605594
0.922626 0.0773739 0
0.727992 0.272008 0
0.470163 0.279837 0.25
0.386299 0.179218 0.434483
0.220306 0 0.779694
1.24291e-17 0.0992734 0.900727
4.84323e-18 0.499901 0.500099
7.56311e-18 1.03459e-16 1
0.176284 0.488019 0.335697
0.673151 0 0.326849
0.0813665 0.172475 0.746158
3.11772e-17 1 0
0.75 0 0.25
