1.09621e-16 1.40104e-18 1
0.243378 0.756622 0
0.021341 0.618299 0.36036
0.0463491 0.38147 0.572181
0.203641 0.470209 0.32615
0.0720899 0.484881 0.443029
0.316661 0.1854 0.49794
0.628454 0.0444224 0.327124
0.96052 0.0394802 0
0.688011 0 0.311989
0.0882655 0.587547 0.324187
0.274232 0.140426 0.585342
0.564066 0.435934 0
0.525107 0.0251294 0.449764
0.233787 0.0911521 0.675061
0.404338 0.595662 0
0 0.36392 0.63608
0.24406 0.50594 0.25
0.324022 0.675978 0
0.162422 0.837578 0
0.0466652 0.204197 0.749138
0.485528 0.264472 0.25
0.0697659 0.672816 0.257418
0.0700347 0.00894205 0.921023
0.40505 0.00973053 0.58522
0.484759 0.112468 0.402772
0.0956203 0.137292 0.767088
0.0204711 0.114161 0.865367
0.559569 0.0840333 0.356398
0.385998 0.281304 0.332697
0.24115 0.21884 0.54001
0 0.576143 0.423857
0.327136 0.3493 0.323564
0.093815 0.289089 0.617096
0.172986 0.549397 0.277617
0.762796 0.237204 0
0.173494 0.0617059 0.7648
0.0406525 0.959347 0
0.113391 0.519978 0.366631
0.177241 0.375978 0.446782
0.293207 0.437288 0.269506
0.43886 0.0688762 0.492264
0.674102 0.0746246 0.251274
0.128426 0.336547 0.535026
0.35524 0.0959555 0.548804
0.921032 0.0789683 0
0.121878 0.878122 0
0.546355 0.19892 0.254726
0.205393 0.296107 0.4985
0.524244 0.475756 0
0.0812654 0.918735 0
0.0944197 0.41442 0.49116
0.194901 0.174996 0.630103
0.64371 0.35629 0
0.310291 0.0636748 0.626034
0.254855 0.391232 0.353914
0.611716 0.138284 0.25
0.802421 0.197579 0
0.285582 0.266579 0.447839
0 0.0665375 0.933463
0.723095 0.276905 0
0.155098 0.442534 0.402368
0.283758 0.716242 0
0.343063 0 0.656937
0.270919 0.00757652 0.721504
0.683399 0.316601 0
0.134533 0.615467 0.25
0.881535 0.118465 0
0 0.685025 0.314975
0.364227 0.635773 0
0.363268 0.386732 0.25
0.135129 0 0.864871
0.603898 0.396102 0
0 0.178933 0.821067
0.484353 0.515647 0
0.0886527 0.0774321 0.833915
0.75 0 0.25
0.164683 0.252724 0.582594
0.0306875 0.301019 0.668294
0.353841 0.245157 0.401003
0.594115 0 0.405885
0.157641 0.129305 0.713053
0 0.75 0.25
0.444447 0.555553 0
0.446709 0.20767 0.345621
0.518658 0.161401 0.319942
1.00639e-16 0.453238 0.546762
0.246915 0.335789 0.417295
0.841987 0.158013 0
0.385769 0.140364 0.473867
2.98239e-17 0.26863 0.73137
0.410433 0.170779 0.418789
0.420477 0.316687 0.262836
0.477317 0 0.522683
0.109429 0.21666 0.673911
0.00716109 0.511143 0.481695
0.20746 0 0.79254
1 0 0
0.202929 0.797071 0
5.55112e-17 1 0
