5.40631e-17 1.448e-18 1
0.275746 0.385514 0.33874
0.65969 0.34031 0
0.192755 0.557245 0.25
0.390252 0.609748 0
0.621455 0.378545 0
0.261378 0.488622 0.25
0.330228 0.419772 0.25
0.127485 0.61336 0.259155
0.393228 0.271858 0.334914
0.297142 0 0.702858
0.0742073 0.120592 0.805201
0.887251 0.112749 0
0.434406 0.315594 0.25
0.467648 0.532352 0
0.540821 0.209179 0.25
0.673486 0 0.326514
0.322528 0.183868 0.493604
0.452822 0.123669 0.423509
0.613885 0.136115 0.25
0.305861 0.100828 0.593311
0.229539 0.0268118 0.743649
0.225968 0.461018 0.313015
0.427541 0.193674 0.378786
0.106213 0.345854 0.547933
0.0493195 0.426824 0.523856
0.0188896 0.669181 0.311929
0.1867 0 0.8133
0.18427 0.424167 0.391563
0.266792 0.0710016 0.662207
0.353269 0.123601 0.523131
0.69805 0.30195 0
0.231563 0.3453 0.423137
0.116262 0.0314312 0.852307
0.464988 5.1624e-17 0.535012
0.351309 0.648691 0
6.16582e-18 0.160684 0.839316
0.14648 0.505402 0.348118
0.222435 0.159982 0.617583
0.031213 0.088581 0.880206
0.316325 0.306228 0.377447
0.75 0 0.25
0.503085 0.161125 0.33579
0.359494 0.218051 0.422456
0.143712 0.384084 0.472205
0.0637923 0.533906 0.402302
0.42358 0.0867648 0.489655
0.472328 0.244108 0.283563
1.62368e-17 0.404752 0.595248
0.0865773 0.298343 0.61508
0.149258 0.0793764 0.771366
0.544777 0.455223 0
0.066552 0.245742 0.687706
0.0899441 0.582905 0.327151
0.0966202 0.462455 0.440925
0.0685083 0.681492 0.25
0.849682 0.150318 0
2.25795e-17 0.562864 0.437136
0.0389819 0.961018 0
1.13212e-17 0.282216 0.717784
0.249298 0.207961 0.542742
0.580106 0.10979 0.310104
0.506324 0.493676 0
0.735995 0.264005 0
0.10458 0.164642 0.730778
0.429111 0.570889 0
0.0176014 0.21059 0.771809
0.683004 0.0634316 0.253565
0.924924 0.0750756 0
0.0779641 0.922036 0
1.99111e-17 0.496344 0.503656
0.0140662 0.340566 0.645368
2.87793e-17 0.75 0.25
0.155979 0.844021 0
0.811837 0.188163 0
0.962509 0.0374909 0
0.77398 0.22602 0
0.504388 0.0293159 0.466296
0.0805534 0 0.919447
0.312286 0.687714 0
0.574379 0 0.425621
0.364165 0 0.635835
0.168054 0.253171 0.578776
0.532879 0.0802356 0.386885
0.142265 0.2051 0.652635
0.19549 0.300174 0.504336
2.32054e-17 0.629507 0.370493
0.614078 0.0351866 0.350736
2.33657e-18 0.0582462 0.941754
0.234169 0.765831 0
0.186965 0.117268 0.695767
0.362009 0.35231 0.285682
0.392964 0.0367575 0.570279
0.273243 0.726757 0
0.195063 0.804937 0
0.116961 0.883039 0
0.583154 0.416846 0
3.68629e-17 1 0
0.276801 0.263602 0.459597
1 0 0
