1 0 0
0.615903 0.134097 0.25
0.75 0 0.25
0.840477 0.159523 0
0.472392 0.527608 0
0.0870233 0.912977 0
0.0650119 0.684988 0.25
0.00930074 0.164614 0.826085
0.345636 0.654364 0
0.262916 0.246905 0.490178
0.618514 0.018687 0.362799
0.269905 0 0.730095
0.514717 0.485283 0
0.80056 0.19944 0
0.113573 0.621577 0.26485
4.73065e-17 0.235089 0.764911
0.495384 0.0189591 0.485657
0.266423 0.483577 0.25
0.0934604 0.512966 0.393574
0.388095 0.611905 0
0.0797558 0.13597 0.784275
0.30292 0.69708 0
0.217344 0.782656 0
0.446946 0 0.553054
4.19103e-17 0.464609 0.535391
0.556221 0.443779 0
0.00954861 0.671909 0.318543
0.13065 0.86935 0
0.508898 0.241102 0.25
0.430427 0.569573 0
0.960318 0.0396823 0
0.260291 0.739709 0
0.679577 0.320423 0
0.343465 0.406535 0.25
0.268512 0.310696 0.420792
0.684109 0 0.315891
0.719989 0.280011 0
0.597739 0.402261 0
0.669991 0.0699717 0.260037
0.638723 0.361277 0
0.128965 0.18029 0.690745
0.49174 0.141454 0.366806
0.34815 0.0869321 0.564918
0.880339 0.119661 0
0.920363 0.0796368 0
0.377853 0.334103 0.288044
2.21456e-17 0.110052 0.889948
0.760538 0.239462 0
0.138446 0.43637 0.425184
0 0.552978 0.447022
0.442487 0.307513 0.25
0.0473743 0.482602 0.470023
0.165561 0.229212 0.605227
0.400925 0.179982 0.419093
0.0209831 0.0445227 0.934494
0.067412 0.586196 0.346392
2.24227e-17 0.75 0.25
0.548118 0.174265 0.277617
0.157949 0.101039 0.741012
0.182719 0.47409 0.343191
0.240182 0.194475 0.565343
0.0620152 0.209186 0.728798
0.198413 0.0210101 0.780577
0.20091 0.148757 0.650333
0.566082 0 0.433918
0.173886 0.826114 0
0.234302 0.0729232 0.692775
0 0.34694 0.65306
0.120095 0.308803 0.571101
0.101494 0.399838 0.498667
0.526758 0.0694649 0.403777
0.409962 0.0666757 0.523362
0.0724162 0.369914 0.55767
0.00902676 0.401196 0.589777
0.219395 0.391574 0.389031
0.378453 0 0.621547
0.153404 0 0.846596
0.090284 0.26622 0.643496
0.252018 0.439213 0.30877
0.470044 0.211413 0.318543
0.0865493 0 0.913451
0.198632 0.281231 0.520138
0.30042 0.361215 0.338365
0.321147 0.16109 0.517763
0.439173 0.107746 0.453081
0.018094 0.288942 0.692964
0.344933 0.278685 0.376382
0.276912 0.114566 0.608521
0 0.617933 0.382067
0.189482 0.560518 0.25
0.146654 0.539073 0.314272
0.0435715 0.956428 0
0.579453 0.0951723 0.325375
0.33299 0.216784 0.450226
0.412075 0.245137 0.342787
0.313979 0.0287532 0.657268
3.38614e-18 5.2125e-17 1
0.177554 0.352245 0.470201
0.102318 0.0683674 0.829314
0 1 0
