0.186165 0 0.813835
0.149431 0.142281 0.708288
0.295097 0.170707 0.534195
0.21629 0.0680132 0.715697
0.925417 0.0745834 0
0.546483 0.453517 0
0.218089 0.212206 0.569705
0.393754 0.250144 0.356102
0.262682 0.319219 0.418099
0.249362 0.258831 0.491807
0.661603 0.338397 0
0.0457227 0.0850702 0.869207
0.584994 0.415006 0
0.224778 0.41048 0.364743
0.137722 0.0910778 0.7712
0.4692 0.5308 0
3.3437e-17 0.602348 0.397652
0.139223 0.255481 0.605296
0.21776 0.53224 0.25
0.623362 0.376638 0
0.535306 0.0458672 0.418827
0.581347 0.0859091 0.332744
0.185919 0.168592 0.645489
0.436332 0 0.563668
0.458629 0.217466 0.323906
2.39405e-18 0.145271 0.854729
0.50147 0.131747 0.366783
0.0212869 0.252837 0.725876
0.458248 0.0891194 0.452633
0.374012 0.134048 0.49194
0.507372 0 0.492628
4.738e-17 0.676127 0.323873
0.420645 0.170651 0.408704
0.195485 0.804515 0
0.850759 0.149241 0
0.263776 0.460138 0.276086
0.699843 0.300157 0
0.533284 0.185096 0.28162
0.352129 0.647871 0
0.11833 0.392652 0.489018
0.234658 0.765342 0
0.372236 0.319332 0.308432
0.086861 0.34705 0.566089
0.593443 0.156557 0.25
0.297116 0.370424 0.332461
0.508015 0.491985 0
0.365226 0 0.634774
0.193125 0.356593 0.450282
2.7878e-17 0.502205 0.497795
0.409383 0.059511 0.531106
0.15 0.447219 0.402781
0.297127 0.0319959 0.670877
0.0390601 0.96094 0
0.409669 0.340331 0.25
9.74517e-19 0.0591337 0.940866
0.0324733 0.433331 0.534195
0.147646 0.593896 0.258458
0.0819793 0.470922 0.447098
0.0786504 0.67135 0.25
0.036505 0.537088 0.426407
5.25567e-17 0.75 0.25
0.071118 0.153811 0.775072
0.258216 0.119363 0.622421
0.813381 0.186619 0
0.737926 0.262074 0
0.063434 0.296852 0.639714
0.651736 0.0982636 0.25
1.80155e-17 0.324539 0.675461
0.168911 0.303476 0.527613
0.391226 0.608774 0
0.598038 0 0.401962
0.888122 0.111878 0
0.273855 0.726145 0
0.257667 0 0.742333
0.117353 0.0375627 0.845084
0.178846 0.498146 0.323008
0.156364 0.843636 0
0.686986 0.032734 0.280279
0.775863 0.224137 0
0.962711 0.0372889 0
3.45775e-18 0.209816 0.790184
0.0781287 0.921871 0
0.430205 0.569795 0
0.313046 0.686954 0
0.486526 0.263474 0.25
0.100338 0.547564 0.352098
0.117234 0.882766 0
0.337961 0.213272 0.448767
0.654377 0 0.345623
0.0828737 0 0.917126
0.333675 0.0850356 0.581289
0.0620607 0.626015 0.311925
0.332818 0.417182 0.25
2.2012e-17 0.396533 0.603467
0.75 0 0.25
6.93889e-18 1 0
0.323556 0.286766 0.389679
1.8194e-17 2.62265e-18 1
1 0 0
0.099693 0.214199 0.686108
