0.100014 0.833309 0.0666763
0.13333 0.566668 0.300001
0.566653 0.133337 0.30001
0.100166 0.6995 0.200334
0.380952 0.285714 0.333333
9.99862e-05 0.699929 0.299971
0.379319 0.551716 0.0689645
0.833251 9.99452e-05 0.166649
0.413793 0.310345 0.275862
0.309895 0.655673 0.0344327
0.724063 0.000103323 0.275834
0.48275 0.344839 0.172411
0.833206 0.166694 0.00010002
0.655191 0.172405 0.172405
0.222222 0.444444 0.333333
0.344831 0.448273 0.206896
0.499999 0.166668 0.333333
0.241379 0.482759 0.275862
0.571371 0.428528 0.000100827
0.533333 0.133333 0.333333
0.133334 0.533333 0.333333
0.344826 0.379313 0.275861
0.505299 0.388697 0.106005
0.518518 0.148148 0.333333
0.20208 0.471497 0.326422
0.689656 0.103447 0.206897
0.399996 0.266671 0.333333
0.259266 0.518514 0.22222
0.793716 0.0687608 0.137523
0.399915 0.566747 0.0333381
0.0666756 0.899987 0.0333378
0.000102405 0.785634 0.214264
0.17777 0.488897 0.333333
0.596492 0.0701744 0.333333
0.633333 0.0333341 0.333333
0 2.68651e-20 1
0.896462 0.103434 0.000103437
0.564103 0.102564 0.333333
0.142868 0.67854 0.178592
0.333333 0.333333 0.333333
0.148148 0.518518 0.333333
0.245614 0.421052 0.333333
0.899908 9.99346e-05 0.0999921
0.551722 0.310346 0.137932
0.9998 9.9952e-05 9.9983e-05
0.769141 0.000100317 0.230758
0.357104 0.642794 0.000101485
9.99666e-05 0.93324 0.0666599
9.99788e-05 0.9998 9.9983e-05
0.241382 0.551722 0.206896
0.666601 0.333299 9.9993e-05
0.470589 0.196078 0.333333
0.586206 0.172414 0.24138
9.99972e-05 0.666567 0.333333
0.466667 0.466667 0.0666667
0.259237 0.740662 0.000101001
0.72416 0.13792 0.13792
0.0701713 0.596495 0.333333
0.358977 0.30769 0.333333
0.75 0.214286 0.0357137
0.13792 0.861977 0.00010344
0.0714399 0.821399 0.107162
0.101399 0.763402 0.135199
0.416668 0.416664 0.166667
0.666567 9.99954e-05 0.333333
0.285714 0.607145 0.10714
0.299992 0.366675 0.333333
0.172411 0.758624 0.0689645
0.793103 0.137931 0.0689655
0.586204 0.379314 0.0344823
0.379306 0.482762 0.137932
0.100598 0.637114 0.262288
0.0333326 0.633334 0.333333
0.102559 0.564107 0.333333
0.655179 0.241375 0.103445
0.450005 0.249991 0.300004
0.499998 0.285718 0.214284
0.321427 0.428572 0.250001
0.799892 0.200008 0.000100007
0.172427 0.586176 0.241397
0.0344789 0.724141 0.24138
0.433335 0.233332 0.333333
0.241383 0.689652 0.0689652
0.655174 0.0689639 0.275863
9.98829e-05 0.866578 0.133322
0.413792 0.344828 0.24138
0.629629 0.185186 0.185185
0.866663 0.0666686 0.0666683
0.310358 0.551713 0.137928
0.206897 0.655172 0.137931
0.517186 0.48271 0.00010344
0.62069 0.310344 0.0689654
0.200058 0.799842 0.000100032
0.724069 0.275827 0.000103438
0.517291 0.206875 0.275834
0.274507 0.39216 0.333333
0.448218 0.551679 0.000103438
0.817312 0.0340863 0.148601
0.933323 0.0333386 0.0333385
0.586226 0.241368 0.172406
