0.833336 0.0999967 0.0666669
0.133376 0.566528 0.300096
0.697369 0.100876 0.201756
0.166647 0.833253 9.99913e-05
9.99543e-05 0.833251 0.166649
0.310344 0.413795 0.275861
0.655871 0.309719 0.0344109
0.000103393 0.724063 0.275833
0.448276 0.344828 0.206896
0.379321 0.448268 0.172411
0.166667 0.499999 0.333333
0.482759 0.241379 0.275862
0.133333 0.533333 0.333333
0.17238 0.655239 0.17238
0.533333 0.133333 0.333333
0.379318 0.344822 0.275859
0.535657 0.464243 0.000100436
0.196079 0.470587 0.333333
0.000100305 0.769149 0.23075
9.99531e-05 0.9998 9.99809e-05
0.51852 0.259264 0.222215
0.103449 0.689653 0.206898
0.69993 9.98635e-05 0.29997
0.32143 0.535714 0.142856
0.607145 0.285712 0.107143
0.566674 0.399993 0.0333337
0.103438 0.896459 0.000103438
0.482762 0.379306 0.137932
0.0701739 0.596493 0.333333
0.185185 0.629629 0.185186
1.8493e-39 1.60895e-20 1
0.566513 0.133379 0.300108
0.596491 0.0701756 0.333333
0.421053 0.245614 0.333333
0.266667 0.4 0.333333
0.206896 0.517242 0.275862
0.861979 0.137917 0.000103438
0.102565 0.564101 0.333333
0.9998 9.9946e-05 9.99809e-05
0.0333354 0.633331 0.333333
0.393686 0.57263 0.033684
0.482711 0.517186 0.000103438
0.333296 0.666604 9.99916e-05
9.99989e-05 0.666567 0.333333
0.551722 0.241382 0.206896
0.333333 0.333333 0.333333
0.137926 0.793112 0.0689626
0.93324 9.99799e-05 0.0666601
0.666567 9.99942e-05 0.333333
0.740659 0.259241 0.000100998
0.642792 0.357107 0.000101493
0.214286 0.750001 0.0357129
0.250069 0.449961 0.29997
0.518518 0.148149 0.333333
0.821413 0.0714349 0.107152
0.199982 0.799918 9.99921e-05
0.678569 0.142858 0.178573
0.0340556 0.817342 0.148603
0.785634 0.000102368 0.214264
9.9941e-05 0.899907 0.0999935
0.366668 0.299998 0.333333
0.765464 0.100515 0.13402
0.758616 0.172418 0.0689651
0.399973 0.599927 9.99941e-05
0.172414 0.586207 0.241379
0.285709 0.500013 0.214279
0.633335 0.033332 0.333333
0.564104 0.102563 0.333333
0.428576 0.321432 0.249992
0.79992 0.19998 9.9991e-05
0.307692 0.358974 0.333333
0.517241 0.310346 0.172413
0.41361 0.48294 0.10345
0.241385 0.655165 0.10345
0.586208 0.172412 0.24138
0.72414 0.0344805 0.24138
0.275831 0.724065 0.000103438
0.285713 0.380954 0.333333
0.689649 0.241386 0.0689649
0.416666 0.416667 0.166667
0.0689538 0.655181 0.275866
0.444444 0.222222 0.333333
0.0333315 0.933335 0.0333334
0.866579 9.9906e-05 0.133321
0.344827 0.413793 0.241379
0.471505 0.202067 0.326427
0.137939 0.724132 0.13793
0.899996 0.0666694 0.0333347
0.0666871 0.866626 0.0666871
0.233333 0.433333 0.333333
0.466667 0.466666 0.0666669
0.655173 0.206896 0.137931
0.148148 0.518519 0.333333
0.310341 0.620694 0.0689647
0.488891 0.177775 0.333333
0.637073 0.100603 0.262324
0.551721 0.344829 0.10345
0.068968 0.793101 0.137931
0.392158 0.274509 0.333333
0.241361 0.586238 0.172401
