0.0999749 0.833357 0.0666678
0.133575 0.565881 0.300544
0.566612 0.133352 0.300036
0.380952 0.285714 0.333333
0.100283 0.699144 0.200572
0.833252 9.96643e-05 0.166648
0.413793 0.310345 0.275862
0.308311 0.657434 0.034255
0.724064 0.000103052 0.275833
0.482761 0.344831 0.172409
0.655803 0.172098 0.172099
0.344823 0.448283 0.206894
0.222222 0.444445 0.333333
0.499999 0.166667 0.333333
0.533332 0.133335 0.333333
0.133329 0.533338 0.333333
0.464244 0.535655 0.000100436
0.35709 0.642809 0.000101496
0.799898 0.200002 0.000100002
0.0714312 0.821423 0.107146
0.344807 0.379347 0.275846
0.517178 0.482718 0.000103437
0.399996 0.266671 0.333333
0.202073 0.471501 0.326426
0.137909 0.861987 0.000103433
0.596493 0.0701735 0.333333
0.000101963 0.785631 0.214267
0.0701749 0.596492 0.333333
0.142862 0.678552 0.178586
0.89991 9.99674e-05 0.0999895
0.833248 0.166652 9.9982e-05
0.629624 0.185183 0.185193
0.245636 0.421031 0.333333
0.100605 0.6371 0.262295
0.450104 0.249828 0.300067
0.433336 0.23333 0.333333
9.99885e-05 0.666567 0.333333
0.466666 0.466667 0.0666671
9.97961e-05 0.9998 9.9981e-05
0.241386 0.551719 0.206895
0.470585 0.196082 0.333333
0.333333 0.333333 0.333333
0.148155 0.518511 0.333333
0 1.63346e-15 1
0.9998 9.98255e-05 9.9981e-05
0.241372 0.689664 0.0689635
0.416919 0.416312 0.166769
0.551721 0.310346 0.137933
0.102563 0.564103 0.333333
0.666567 9.98307e-05 0.333333
0.000100019 0.699833 0.300067
0.172422 0.586197 0.24138
0.689666 0.103437 0.206897
0.259225 0.740674 0.000101001
0.750008 0.214281 0.0357106
0.817384 0.0340558 0.14856
0.896458 0.103438 0.000103438
0.518517 0.14815 0.333333
0.586212 0.24138 0.172409
0.769127 0.000100255 0.230773
0.2745 0.392166 0.333333
0.666598 0.333302 9.99913e-05
0.39976 0.566893 0.033347
0.285718 0.607138 0.107144
0.299981 0.366685 0.333333
0.172409 0.758628 0.0689635
0.793102 0.137933 0.0689654
0.63333 0.033337 0.333333
9.98894e-05 0.933239 0.0666609
0.586206 0.172414 0.24138
0.033329 0.633338 0.333333
0.58621 0.379308 0.0344816
0.564109 0.102558 0.333333
0.571371 0.428528 0.00010083
0.655141 0.241416 0.103443
0.500026 0.2857 0.214274
0.505327 0.388677 0.105997
0.321419 0.428586 0.249995
0.358976 0.30769 0.333333
0.0344758 0.724143 0.241381
0.655182 0.0689511 0.275867
0.241375 0.482767 0.275858
9.99295e-05 0.866577 0.133323
0.379312 0.482756 0.137931
0.413795 0.344825 0.24138
0.724138 0.137931 0.137931
0.0667052 0.899943 0.0333516
0.866672 0.0666606 0.0666671
0.310352 0.51724 0.172409
0.206875 0.655206 0.137919
0.620688 0.310347 0.0689653
0.100089 0.76646 0.133451
0.200001 0.799899 0.000100002
0.177779 0.488888 0.333333
0.259265 0.518506 0.222229
0.724057 0.275839 0.000103438
0.517246 0.206893 0.27586
0.344829 0.551723 0.103448
0.793178 0.0689405 0.137881
0.933336 0.0333315 0.0333328
