0.0714305 0.595236 0.333333
0.0232532 0.651163 0.325584
0.551727 0.17241 0.275863
0.655726 0.245914 0.0983595
0.186443 0.74576 0.0677974
0.895359 0.0639376 0.040703
0.15385 0.512816 0.333333
0.169391 0.635172 0.195437
0.363624 0.303042 0.333333
0.210536 0.631577 0.157887
0.446809 0.446809 0.106383
0.896974 0.0389555 0.0640702
0.551724 0.275862 0.172414
0.500002 0.299998 0.2
0.696524 0.0248757 0.278601
0.325302 0.650603 0.0240956
0.0361417 0.867468 0.0963898
0.365021 0.493029 0.14195
0.303795 0.417733 0.278472
0.176656 0.794957 0.0283868
0.719026 0.154083 0.126892
0.242417 0.42425 0.333333
0.0417655 0.916471 0.0417635
0.660676 0.0991125 0.240212
0.831678 0.138613 0.0297086
0.189477 0.694737 0.115786
0.399978 0.266688 0.333333
0.376819 0.289847 0.333333
0.254903 0.509806 0.235291
0.74763 0.0654629 0.186907
0.275863 0.551723 0.172414
0 8.99973e-21 1
0.222222 0.444444 0.333333
0.0277742 0.777773 0.194453
0.0796905 0.836626 0.0836831
0.469948 0.402838 0.127213
0.479995 0.280015 0.239991
0.177173 0.65826 0.164567
0.48 0.186667 0.333333
0.133335 0.533332 0.333333
0.272952 0.600606 0.126441
0.633319 0.0500182 0.316663
0.356039 0.569666 0.0742948
0.283455 0.661396 0.0551489
0.607589 0.189866 0.202544
0.572949 0.099649 0.327402
0.361286 0.406447 0.232267
0.430953 0.245833 0.323214
0.333333 0.333333 0.333333
0.155564 0.591111 0.253326
0.277778 0.388888 0.333333
0.318839 0.347827 0.333333
0.0994091 0.729067 0.171524
0.932841 0.0335799 0.0335795
0.417725 0.487342 0.0949331
0.704083 0.234697 0.0612197
1 0 0
0.572512 0.381686 0.0458018
0.59524 0.0714268 0.333333
0.205125 0.461542 0.333333
0.525587 0.328415 0.145998
0.54321 0.123457 0.333333
0.616431 0.136994 0.246575
0.784321 0.0980285 0.117651
0.637571 0.228197 0.134232
0.37735 0.339627 0.283023
0 1 0
0.0493844 0.617282 0.333333
0.432451 0.378389 0.189161
0.17392 0.492746 0.333333
0.0987672 0.567899 0.333333
0.220821 0.574132 0.205047
0.312506 0.491086 0.196408
0.518511 0.222234 0.259255
0.0843539 0.801189 0.114457
0.491227 0.491228 0.0175452
0.312491 0.375018 0.312491
0.454543 0.212123 0.333333
0.809247 0.0289011 0.161851
0.151516 0.707073 0.14141
0.512806 0.15386 0.333333
0.0899946 0.630001 0.280004
0.0612127 0.704072 0.234715
0.391306 0.45652 0.152174
0.2171 0.506567 0.276333
0.800558 0.123178 0.0762637
0.303028 0.363638 0.333333
0.58462 0.292309 0.123071
0.260862 0.405805 0.333333
0.172409 0.551727 0.275864
0.407853 0.295592 0.296556
0.571423 0.190477 0.2381
0.274897 0.47128 0.253823
0.650603 0.325301 0.0240956
0.349196 0.317471 0.333333
0.454552 0.318199 0.22725
0.563771 0.234889 0.20134
0.705885 0.117648 0.176468
0.636362 0.181818 0.18182
0.121639 0.790531 0.0878303
