0.83333 0.100002 0.066668
0.566465 0.133395 0.30014
0.13334 0.566644 0.300016
0.285714 0.380952 0.333333
0.166654 0.833246 9.99926e-05
0.310345 0.413793 0.275862
0.655327 0.310206 0.0344672
0.000103428 0.724063 0.275833
0.344828 0.482759 0.172414
0.172157 0.655686 0.172157
0.448278 0.344826 0.206896
0.444445 0.222222 0.333333
0.166667 0.499999 0.333333
0.482759 0.241379 0.275862
0.428528 0.571371 0.000100829
0.133333 0.533333 0.333333
0.533333 0.133333 0.333333
0.642792 0.357107 0.000101493
0.0333313 0.933335 0.0333333
0.93324 9.99513e-05 0.06666
0.241384 0.655169 0.103448
0.471504 0.202072 0.326424
0.266666 0.4 0.333333
0.000100287 0.769151 0.230749
0.518515 0.259265 0.22222
0.206891 0.517253 0.275855
0.310344 0.551725 0.137931
0.785634 0.000102269 0.214264
9.99815e-05 0.83325 0.16665
0.10344 0.896457 0.000103437
0.678578 0.142855 0.178568
0.185185 0.629624 0.185191
0.421053 0.245614 0.333333
0.551724 0.344827 0.103448
0.196078 0.470589 0.333333
0.63708 0.100594 0.262326
0.24995 0.45003 0.30002
9.99718e-05 0.89991 0.09999
0.333333 0.333333 0.333333
0.482716 0.51718 0.000103436
0.666567 9.99057e-05 0.333333
0.607144 0.285711 0.107145
0.148148 0.518519 0.333333
0.0701755 0.596491 0.333333
0 0 1
0.566666 0.400001 0.0333334
0.799915 0.199985 9.99926e-05
0.0340563 0.817338 0.148606
0.0667316 0.866537 0.0667317
9.98794e-05 0.9998 9.998e-05
0.172414 0.586205 0.24138
0.214286 0.75 0.0357141
0.518518 0.148149 0.333333
0.821427 0.0714281 0.107145
0.633334 0.0333323 0.333333
0.388694 0.505299 0.106007
0.466667 0.466667 0.0666666
0.596491 0.0701757 0.333333
0.740665 0.259234 0.000100998
0.517241 0.310345 0.172414
0.69993 9.9902e-05 0.29997
0.3333 0.6666 9.999e-05
0.103449 0.689654 0.206898
0.307692 0.358975 0.333333
9.99907e-05 0.666567 0.333333
0.416627 0.416695 0.166678
0.366668 0.299999 0.333333
0.551726 0.241379 0.206896
0.758624 0.172411 0.0689645
0.137931 0.793104 0.0689654
0.482762 0.379306 0.137932
0.0333321 0.633335 0.333333
0.310345 0.62069 0.0689655
0.379309 0.58621 0.0344815
0.379311 0.344827 0.275862
0.19998 0.79992 9.99901e-05
0.564103 0.102563 0.333333
0.699168 0.100276 0.200555
0.102563 0.564104 0.333333
0.285715 0.5 0.214285
0.137839 0.724323 0.137839
0.428575 0.32143 0.249995
0.586207 0.172414 0.241379
0.724139 0.0344813 0.24138
0.689654 0.24138 0.0689654
0.86198 0.137916 0.000103437
0.0689654 0.655173 0.275862
0.233331 0.433335 0.333333
0.9998 9.99709e-05 9.998e-05
0.86658 9.99539e-05 0.13332
0.344829 0.413792 0.241379
0.899999 0.0666672 0.0333333
0.655171 0.206898 0.137931
0.766658 0.100004 0.133338
0.488893 0.177774 0.333333
0.53566 0.46424 0.000100434
0.275833 0.724063 0.000103437
0.0688842 0.793347 0.137768
0.392159 0.274507 0.333333
0.241375 0.586214 0.172411
