0.100006 0.833323 0.0666707
0.133371 0.566545 0.300084
0.566633 0.133344 0.300024
0.380953 0.285714 0.333333
0.10085 0.697446 0.201704
9.99854e-05 0.699929 0.299971
0.83325 0.16665 9.999e-05
0.833251 9.99657e-05 0.166649
0.599938 0.399962 9.99905e-05
0.308809 0.656879 0.034312
0.724063 0.000103404 0.275833
0.344827 0.448276 0.206896
0.222222 0.444444 0.333333
0.499999 0.166667 0.333333
0.241379 0.482759 0.275862
0.133333 0.533333 0.333333
0.34483 0.379309 0.275861
0.46424 0.53566 0.000100436
0.202073 0.471501 0.326425
0.62069 0.310345 0.0689653
0.399999 0.266667 0.333333
0.769153 0.000100316 0.230746
0.259267 0.518514 0.22222
0.629624 0.185184 0.185192
9.98759e-05 0.93324 0.0666601
0.32143 0.428573 0.249997
0.535715 0.321431 0.142854
0.413792 0.344829 0.241379
0.137916 0.861981 0.000103437
0.6666 0.3333 9.999e-05
0.000102469 0.785634 0.214264
0.299998 0.366668 0.333333
0.470588 0.196078 0.333333
0.866666 0.0666671 0.0666671
0.896459 0.103438 0.000103437
0.399592 0.567052 0.0333561
0.596491 0.0701758 0.333333
0.070175 0.596492 0.333333
0.533333 0.133333 0.333333
0.245614 0.421052 0.333333
0.206899 0.655171 0.137931
0.45 0.25 0.3
9.99423e-05 0.666567 0.333333
0.358975 0.307692 0.333333
0.142857 0.67857 0.178574
0.51718 0.482717 0.000103436
0.689655 0.103448 0.206897
0 0 1
9.98776e-05 0.9998 9.998e-05
0.310344 0.517242 0.172414
0.357106 0.642792 0.000101492
0.750001 0.214286 0.0357127
0.285713 0.607143 0.107143
0.799899 0.200001 0.0001
0.333333 0.333333 0.333333
0.344837 0.551717 0.103447
0.57262 0.393697 0.0336824
0.518519 0.148148 0.333333
0.259233 0.740666 0.000100997
0.148148 0.518518 0.333333
0.199981 0.799919 9.99903e-05
0.416719 0.416593 0.166688
0.817338 0.0340559 0.148607
0.413794 0.310344 0.275862
0.9998 9.99482e-05 9.998e-05
0.899908 9.99493e-05 0.0999921
0.37931 0.482759 0.137931
0.448276 0.37931 0.172414
0.177772 0.488894 0.333333
0.172414 0.758621 0.0689653
0.793101 0.137934 0.0689653
0.241377 0.551728 0.206895
0.666567 9.99536e-05 0.333333
0.100592 0.637081 0.262328
0.655172 0.241379 0.103448
0.500002 0.285713 0.214285
0.0333338 0.633333 0.333333
0.102564 0.564103 0.333333
0.724063 0.275833 0.000103437
0.564104 0.102563 0.333333
0.586207 0.172414 0.241379
0.482777 0.413779 0.103445
0.633336 0.033331 0.333333
0.433334 0.233333 0.333333
0.0344738 0.724145 0.241382
0.0714242 0.821432 0.107143
0.241379 0.689655 0.0689653
0.655174 0.0689635 0.275863
0.655328 0.172336 0.172336
9.99383e-05 0.86658 0.13332
0.172415 0.586204 0.241381
0.724155 0.137922 0.137922
0.0667124 0.899931 0.0333561
0.466667 0.466667 0.0666667
0.100085 0.766467 0.133448
0.517321 0.206863 0.275817
0.793143 0.0689523 0.137905
0.27451 0.392157 0.333333
0.933335 0.0333315 0.0333334
0.586401 0.241266 0.172333
