0.0666521 0.933248 9.9991e-05
0.133387 0.566492 0.300121
0.566654 0.133337 0.300009
0.380952 0.285714 0.333333
0.100512 0.698462 0.201026
9.99553e-05 0.69993 0.29997
0.833249 0.166651 9.99909e-05
0.83325 9.97889e-05 0.16665
0.413793 0.310345 0.275862
0.724063 0.000103433 0.275833
0.655256 0.172372 0.172372
0.222222 0.444444 0.333333
0.448284 0.379304 0.172411
0.5 0.166667 0.333333
0.310311 0.655211 0.0344782
0.241379 0.482759 0.275862
0.533333 0.133334 0.333333
0.133333 0.533333 0.333333
0.344828 0.37931 0.275862
0.464244 0.535655 0.000100434
9.99181e-05 0.93324 0.06666
0.202072 0.471502 0.326426
0.470589 0.196078 0.333333
0.259502 0.518349 0.222149
0.399903 0.566758 0.0333387
0.137916 0.861981 0.000103437
0.535718 0.321433 0.142849
0.000102457 0.785633 0.214264
0.655173 0.068965 0.275862
0.142857 0.678571 0.178572
0.799919 0.199981 9.99906e-05
0.245613 0.421053 0.333333
9.9986e-05 0.866579 0.133321
0.896459 0.103438 0.000103438
0.769152 0.000100248 0.230748
9.9929e-05 0.666567 0.333333
0.321429 0.428574 0.249997
0 0 1
0.259232 0.740667 0.000100999
0.517188 0.482709 0.000103438
0.59649 0.0701762 0.333333
0.724065 0.275832 0.000103437
0.572624 0.393697 0.0336792
0.629629 0.185185 0.185186
0.817338 0.0340565 0.148605
0.0714286 0.82142 0.107151
0.333333 0.333333 0.333333
9.99206e-05 0.9998 9.99803e-05
0.666567 9.99544e-05 0.333333
0.172417 0.586199 0.241384
0.518519 0.148148 0.333333
0.4 0.266667 0.333333
0.62069 0.310345 0.0689655
0.344828 0.448276 0.206896
0.0701758 0.596491 0.333333
0.100592 0.637082 0.262326
0.750001 0.214286 0.0357129
0.148149 0.518518 0.333333
0.285712 0.607145 0.107143
0.357107 0.642791 0.000101492
0.102564 0.564103 0.333333
0.689657 0.103446 0.206897
0.724162 0.137919 0.137919
0.0344823 0.724138 0.241379
0.450002 0.249996 0.300002
0.299997 0.36667 0.333333
0.416675 0.416655 0.16667
0.379302 0.482765 0.137933
0.172414 0.758621 0.0689654
0.599939 0.399961 9.99905e-05
0.793105 0.13793 0.0689649
0.655173 0.241379 0.103448
0.500005 0.285712 0.214284
0.033333 0.633334 0.333333
0.633333 0.0333338 0.333333
0.564103 0.102564 0.333333
0.358974 0.307693 0.333333
0.6666 0.3333 9.99903e-05
0.483163 0.41347 0.103368
0.586206 0.172414 0.24138
0.241379 0.689656 0.0689654
0.89991 9.99853e-05 0.0999905
0.19998 0.79992 9.99903e-05
0.413791 0.344831 0.241378
0.793153 0.0689492 0.137898
0.0666661 0.900001 0.0333334
0.344827 0.551726 0.103448
0.866635 0.0666826 0.0666825
0.433333 0.233333 0.333333
0.31035 0.517238 0.172413
0.466667 0.466667 0.0666667
0.206894 0.655176 0.13793
0.0999981 0.766668 0.133334
0.177776 0.488891 0.333333
0.517225 0.206913 0.275862
0.9998 9.98803e-05 9.99803e-05
0.24138 0.551724 0.206896
0.27451 0.392157 0.333333
0.586215 0.241375 0.172411
0.933335 0.0333319 0.0333334
