0.133341 0.566643 0.300016
0.699926 0.100021 0.200053
0.69993 9.99672e-05 0.29997
0.310344 0.413794 0.275861
0.00010342 0.724063 0.275834
0.655174 0.310344 0.0344822
0.344826 0.482762 0.172412
0.172041 0.65592 0.17204
0.444445 0.222221 0.333333
0.566272 0.133455 0.300274
0.448276 0.344828 0.206896
0.428528 0.571371 0.000100831
0.533333 0.133334 0.333333
0.133333 0.533333 0.333333
0.379309 0.344829 0.275861
0.551722 0.379313 0.0689652
0.388695 0.505299 0.106006
0.196079 0.470587 0.333333
0.93324 9.99277e-05 0.06666
0.518443 0.259367 0.22219
0.103448 0.689655 0.206897
0.310344 0.551724 0.137931
0.56667 0.399997 0.0333335
0.785634 0.000102377 0.214264
0.285713 0.500003 0.214284
0.103439 0.896458 0.000103438
0.333301 0.666599 9.9991e-05
0.0701761 0.596491 0.333333
0.689655 0.241379 0.0689655
0.59649 0.0701764 0.333333
0.9998 9.9914e-05 9.99808e-05
0.185185 0.62963 0.185185
0.86198 0.137917 0.000103438
0.421052 0.245615 0.333333
0.148148 0.518518 0.333333
0.482709 0.517188 0.000103438
0.666567 9.99932e-05 0.333333
0.19998 0.79992 9.99908e-05
0.333333 0.333333 0.333333
0.285714 0.380952 0.333333
0.482758 0.379311 0.137931
0.607141 0.285715 0.107143
0.0340576 0.817336 0.148606
0.266669 0.399998 0.333333
9.9945e-05 0.89991 0.0999902
0.249956 0.450027 0.300018
0.833337 0.0999962 0.0666669
0.551718 0.241383 0.206899
0.214286 0.75 0.0357145
0.102563 0.564103 0.333333
0 0 1
0.166669 0.499998 0.333333
9.99906e-05 0.666567 0.333333
0.518519 0.148148 0.333333
9.99813e-05 0.9998 9.99821e-05
0.137931 0.793103 0.0689655
0.166647 0.833253 9.99912e-05
0.740666 0.259233 0.000100998
0.821429 0.0714272 0.107143
0.000100261 0.769153 0.230746
9.99794e-05 0.83325 0.16665
0.416662 0.416669 0.166668
0.678574 0.142857 0.178569
0.366667 0.299999 0.333333
0.488893 0.177774 0.333333
0.75862 0.172414 0.0689655
0.637082 0.100592 0.262326
0.206888 0.517261 0.275851
0.0333333 0.633333 0.333333
0.724138 0.0344828 0.241379
0.633333 0.0333334 0.333333
0.37931 0.586208 0.0344822
0.564102 0.102564 0.333333
0.241379 0.655174 0.103447
0.428575 0.32143 0.249995
0.307691 0.358975 0.333333
0.172414 0.586207 0.241379
0.586201 0.172416 0.241383
0.0689585 0.655177 0.275864
0.466667 0.466667 0.0666666
0.866581 9.99412e-05 0.133319
0.344828 0.413793 0.241379
0.13793 0.724141 0.13793
0.899955 0.0666967 0.0333484
0.0666746 0.866651 0.0666746
0.551667 0.44823 0.000103438
0.233333 0.433333 0.333333
0.551724 0.310345 0.137931
0.275832 0.724064 0.000103438
0.642796 0.357102 0.000101493
0.655176 0.206894 0.13793
0.310345 0.620689 0.0689655
0.766659 0.100003 0.133338
0.799919 0.199981 9.99912e-05
0.0689476 0.793157 0.137895
0.392159 0.274508 0.333333
0.48276 0.241379 0.275861
0.0333328 0.933334 0.0333333
0.471502 0.202074 0.326425
0.24109 0.586706 0.172205
