0.833329 0.100003 0.0666685
0.133379 0.566519 0.300103
0.566675 0.133314 0.300011
0.285714 0.380952 0.333333
0.699929 9.99763e-05 0.299971
0.166651 0.833249 9.9992e-05
0.551724 0.379311 0.0689655
9.99824e-05 0.833251 0.166649
0.310345 0.413793 0.275862
0.656495 0.309155 0.0343504
0.000103411 0.724063 0.275834
0.172379 0.655243 0.172379
0.444444 0.222222 0.333333
0.448278 0.344827 0.206896
0.379311 0.448275 0.172413
0.166667 0.499999 0.333333
0.133333 0.533333 0.333333
0.533333 0.133333 0.333333
0.379311 0.344827 0.275862
0.699195 0.100268 0.200537
0.642791 0.357107 0.000101491
0.392158 0.274509 0.333333
0.103448 0.689655 0.206897
0.93324 9.9948e-05 0.06666
0.148148 0.518519 0.333333
0.196079 0.470588 0.333333
0.9998 9.99072e-05 9.99815e-05
0.266667 0.4 0.333333
0.102564 0.564103 0.333333
0.518517 0.259262 0.222221
0.861978 0.137919 0.000103439
0.758623 0.172412 0.0689649
0.471504 0.202071 0.326425
0.785634 0.000102474 0.214263
0.678571 0.142857 0.178572
0.764196 0.101058 0.134746
0.0701751 0.596492 0.333333
0.103437 0.896459 0.000103439
0.185185 0.62963 0.185185
0.586205 0.172414 0.24138
0.482711 0.517185 0.000103439
9.99587e-05 0.666567 0.333333
0.416465 0.41681 0.166724
0.250001 0.45 0.3
0.607142 0.285714 0.107143
0.466667 0.466667 0.0666667
0.421053 0.245614 0.333333
0.366668 0.299999 0.333333
0.566669 0.399998 0.0333335
0.333333 0.333333 0.333333
0.000100322 0.769154 0.230746
0.637082 0.100593 0.262324
0.214286 0.750001 0.0357135
0.633333 0.0333335 0.333333
0.596491 0.0701755 0.333333
9.99671e-05 0.9998 9.99815e-05
0.740666 0.259233 0.000101001
0.393686 0.572632 0.0336819
0.821415 0.071434 0.107151
0.666567 9.9963e-05 0.333333
0.518518 0.148148 0.333333
0.034056 0.817341 0.148603
0.3333 0.6666 9.99915e-05
9.99562e-05 0.899907 0.0999932
0.233333 0.433333 0.333333
0.48276 0.379308 0.137932
0.137924 0.793115 0.0689618
0.24138 0.655172 0.103448
6.03794e-36 4.86589e-23 1
0.285713 0.500003 0.214285
0.0333339 0.633333 0.333333
0.900005 0.0666617 0.0333335
0.564103 0.102564 0.333333
0.307692 0.358975 0.333333
0.344832 0.41379 0.241378
0.172414 0.586207 0.241379
0.413793 0.482759 0.103448
0.724136 0.034483 0.241381
0.689655 0.241379 0.0689655
0.0689663 0.655168 0.275865
0.866581 9.98237e-05 0.133319
0.488889 0.177778 0.333333
0.137919 0.724161 0.13792
0.206896 0.517242 0.275862
0.199987 0.799913 9.99949e-05
0.0666685 0.866663 0.0666685
0.551725 0.310345 0.137931
0.321428 0.535715 0.142857
0.655174 0.206896 0.13793
0.428574 0.321428 0.249998
0.310345 0.62069 0.0689655
0.799918 0.199982 9.99926e-05
0.275834 0.724062 0.000103439
0.482759 0.241379 0.275862
0.0689519 0.793144 0.137904
0.399965 0.599935 9.99928e-05
0.551721 0.241382 0.206897
0.551668 0.448228 0.000103439
0.0333339 0.933332 0.0333339
0.241337 0.58628 0.172383
