0.133336 0.566659 0.300005
0.380952 0.285714 0.333333
0.100383 0.698851 0.200766
9.99658e-05 0.69993 0.29997
0.100004 0.833326 0.0666694
0.833249 0.166651 9.99908e-05
0.83325 9.99797e-05 0.16665
0.599936 0.399964 9.99911e-05
0.413793 0.310345 0.275862
0.308841 0.656843 0.0343155
0.724063 0.000103419 0.275834
0.655172 0.172414 0.172414
0.344827 0.448277 0.206896
0.222222 0.444444 0.333333
0.44828 0.379308 0.172413
0.5 0.166667 0.333333
0.133333 0.533333 0.333333
0.344828 0.37931 0.275862
0.464239 0.53566 0.000100435
0.535714 0.321425 0.14286
0.177777 0.48889 0.333333
0.564103 0.102564 0.333333
0.137906 0.861991 0.00010343
0.4 0.266667 0.333333
0.000102327 0.785633 0.214264
0.596492 0.0701749 0.333333
0.0701758 0.596491 0.333333
0.899909 9.99862e-05 0.0999909
0.357107 0.642792 0.000101493
0.769153 0.000100314 0.230747
0.6666 0.3333 9.99897e-05
0.245614 0.421053 0.333333
0.817336 0.0340576 0.148607
0.470588 0.196078 0.333333
0.65517 0.241382 0.103448
0.666567 9.99967e-05 0.333333
0.9998 9.99295e-05 9.99792e-05
0.866668 0.0666651 0.0666668
0.333333 0.333333 0.333333
0.566649 0.133339 0.300012
0.689655 0.103448 0.206897
0 0 1
0.172412 0.758623 0.068965
0.75 0.214286 0.0357139
0.629628 0.185185 0.185187
0.000100001 0.9998 0.000100001
0.24138 0.689655 0.0689652
0.896458 0.103438 0.000103437
0.0714286 0.821428 0.107143
0.0666669 0.9 0.0333334
9.99791e-05 0.666567 0.333333
0.517188 0.482709 0.000103438
0.518519 0.148148 0.333333
0.148148 0.518519 0.333333
0.259357 0.51845 0.222193
0.58622 0.241372 0.172408
0.241379 0.482759 0.275862
0.450002 0.249996 0.300002
0.399978 0.566687 0.0333345
0.413792 0.344829 0.241379
0.416734 0.416572 0.166694
0.633333 0.0333337 0.333333
9.9973e-05 0.93324 0.06666
0.793123 0.0689588 0.137918
0.285714 0.607144 0.107143
0.299999 0.366668 0.333333
0.379304 0.482763 0.137932
0.793105 0.13793 0.0689649
0.100593 0.637083 0.262324
0.500017 0.285704 0.214278
0.0333341 0.633333 0.333333
0.102564 0.564102 0.333333
0.321426 0.428571 0.250003
0.358974 0.307692 0.333333
0.79992 0.19998 9.99901e-05
0.586204 0.172414 0.241382
0.572618 0.393699 0.0336827
0.482779 0.413777 0.103444
0.259234 0.740665 0.000100993
9.99834e-05 0.86658 0.13332
0.172418 0.586198 0.241385
0.0344819 0.724139 0.24138
0.655174 0.0689638 0.275863
0.72415 0.137925 0.137925
0.433333 0.233333 0.333333
0.310344 0.517243 0.172413
0.533333 0.133333 0.333333
0.0999991 0.766667 0.133333
0.466667 0.466667 0.0666667
0.206896 0.655173 0.137931
0.142857 0.678572 0.178572
0.62069 0.310344 0.0689652
0.19998 0.79992 9.99903e-05
0.202072 0.471502 0.326426
0.724061 0.275835 0.000103437
0.344824 0.551728 0.103448
0.241382 0.551723 0.206896
0.274509 0.392157 0.333333
0.517277 0.206881 0.275842
0.933334 0.0333322 0.0333334
