0.133335 0.56666 0.300005
0.380952 0.285714 0.333333
0.100395 0.698818 0.200787
9.96468e-05 0.69993 0.299971
0.833248 0.166652 9.99911e-05
0.379313 0.551722 0.0689652
0.83325 9.9957e-05 0.16665
0.413793 0.310345 0.275862
0.30899 0.656678 0.0343318
0.724063 0.000103389 0.275834
0.482758 0.344828 0.172414
0.655412 0.172294 0.172294
0.222222 0.444444 0.333333
0.344827 0.448277 0.206896
0.5 0.166667 0.333333
0.241379 0.482759 0.275862
0.571371 0.428528 0.000100829
0.133334 0.533333 0.333333
9.99831e-05 0.93324 0.0666601
0.142853 0.678577 0.178571
0.357107 0.642792 0.000101489
0.202071 0.471504 0.326425
0.199995 0.799905 9.99974e-05
0.551728 0.31034 0.137932
0.137918 0.861978 0.000103437
0.259467 0.518373 0.22216
0.100006 0.833323 0.0666709
0.896456 0.103441 0.000103437
0.206898 0.655171 0.137931
0.59649 0.0701772 0.333333
0.769146 0.000100159 0.230754
0.0701755 0.596491 0.333333
0.629629 0.185185 0.185186
0.245616 0.421051 0.333333
0.310345 0.551724 0.137931
0.399983 0.566683 0.0333336
0.505297 0.388696 0.106007
8.94559e-43 5.90265e-22 1
0.0714301 0.821425 0.107145
0.285712 0.607144 0.107143
0.333333 0.333333 0.333333
0.518519 0.148148 0.333333
9.99796e-05 0.9998 9.998e-05
9.98623e-05 0.666567 0.333333
0.724063 0.275834 0.000103437
0.666567 9.99767e-05 0.333333
0.666601 0.333299 9.99902e-05
0.586207 0.172414 0.241379
0.749999 0.214286 0.035715
0.633333 0.0333339 0.333333
0.000102453 0.785634 0.214264
0.9998 9.99795e-05 9.998e-05
0.148148 0.518518 0.333333
0.533333 0.133334 0.333333
0.517187 0.48271 0.000103437
0.416854 0.416405 0.166741
0.899907 9.99389e-05 0.0999928
0.817357 0.0340562 0.148587
0.433334 0.233332 0.333333
0.299999 0.366668 0.333333
0.466667 0.466667 0.0666667
0.172415 0.75862 0.0689654
0.793103 0.137932 0.0689655
0.358974 0.307692 0.333333
0.379308 0.48276 0.137931
0.100593 0.637082 0.262325
0.0333327 0.633334 0.333333
0.586215 0.379303 0.0344822
0.564103 0.102564 0.333333
0.102564 0.564103 0.333333
0.620691 0.310344 0.0689653
0.450001 0.249998 0.300001
0.655166 0.241385 0.103449
0.50001 0.285711 0.214279
0.27451 0.392157 0.333333
0.321426 0.428574 0.25
0.799919 0.199981 9.99905e-05
0.172415 0.586205 0.241381
0.0344826 0.724138 0.241379
0.241379 0.689655 0.0689655
0.65518 0.068954 0.275865
0.566508 0.133382 0.30011
9.99272e-05 0.86658 0.133321
0.470588 0.196078 0.333333
0.413793 0.344828 0.241379
0.448228 0.551668 0.000103437
0.724136 0.137934 0.137931
0.344826 0.379314 0.275861
0.0666662 0.9 0.0333333
0.259233 0.740666 0.000100999
0.866655 0.0666726 0.0666726
0.10001 0.766645 0.133346
0.177772 0.488895 0.333333
0.517283 0.206879 0.275838
0.689642 0.103453 0.206906
0.241381 0.551721 0.206897
0.79311 0.0689634 0.137927
0.400001 0.266666 0.333333
0.933334 0.0333327 0.0333333
0.586212 0.241374 0.172413
