0.0999986 0.833335 0.0666661
0.133604 0.565787 0.300609
0.56672 0.133194 0.300086
0.380953 0.285713 0.333333
9.82677e-05 0.699914 0.299987
0.833256 9.95946e-05 0.166644
0.833256 0.166644 9.99895e-05
0.304741 0.661399 0.0338604
0.413794 0.310344 0.275862
0.724063 0.000103341 0.275833
0.482736 0.344855 0.172409
0.658073 0.170964 0.170963
0.571372 0.428527 0.00010083
0.166658 0.500009 0.333333
0.133333 0.533333 0.333333
0.222228 0.444439 0.333333
0.344842 0.379301 0.275857
0.689648 0.103453 0.206899
0.357092 0.642806 0.000101458
0.033331 0.633336 0.333333
9.97878e-05 0.93324 0.0666604
0.470586 0.19608 0.333333
0.413794 0.344823 0.241383
0.769115 9.86667e-05 0.230787
0.65518 0.24138 0.10344
0.25935 0.518467 0.222184
0.899913 9.08746e-05 0.099996
0.55171 0.310353 0.137938
0.399997 0.26667 0.333333
9.91555e-05 0.866597 0.133304
0.398255 0.568314 0.0334309
0.63333 0.033337 0.333333
0.000102433 0.785626 0.214271
0.896447 0.103449 0.000103438
0.533332 0.133335 0.333333
0.0344721 0.724146 0.241382
0.137867 0.86203 0.000103399
0.142867 0.678546 0.178588
0.629621 0.185185 0.185193
0.245615 0.421052 0.333333
9.99552e-05 0.9998 9.99822e-05
0.517186 0.48271 0.000103438
9.91398e-05 0.666568 0.333333
0.197572 0.474158 0.32827
0.0701769 0.59649 0.333333
0.450031 0.249948 0.300021
0.0714273 0.821419 0.107153
0.499997 0.16667 0.333333
0.285721 0.607133 0.107146
0 1.38196e-20 1
0.333333 0.333333 0.333333
0.750004 0.214283 0.035713
0.9998 9.99813e-05 9.99835e-05
0.259249 0.74065 0.000100998
0.148152 0.518515 0.333333
0.933361 0.0333072 0.0333319
0.505305 0.388691 0.106004
0.666567 9.97584e-05 0.333333
0.518515 0.148151 0.333333
0.596495 0.0701712 0.333333
0.100612 0.637071 0.262317
0.817333 0.0340914 0.148575
0.466669 0.466669 0.0666611
0.100056 0.699788 0.200157
0.666605 0.333295 9.99926e-05
0.299998 0.366669 0.333333
0.620695 0.310341 0.0689641
0.416664 0.416672 0.166664
0.172415 0.758619 0.0689654
0.344833 0.448288 0.206879
0.379309 0.482761 0.13793
0.793155 0.137898 0.0689474
0.586211 0.379305 0.0344837
0.564107 0.10256 0.333333
0.433354 0.233313 0.333333
0.102564 0.564102 0.333333
0.0666538 0.900014 0.0333319
0.500006 0.285712 0.214282
0.724065 0.275831 0.000103438
0.321382 0.428636 0.249982
0.358974 0.307693 0.333333
0.799829 0.200071 0.000100034
0.65519 0.0689416 0.275869
0.586203 0.172415 0.241382
0.172418 0.586196 0.241386
0.310347 0.517243 0.172409
0.241379 0.689655 0.0689654
0.724677 0.137661 0.137662
0.866582 0.0667094 0.0667082
0.100279 0.766015 0.133705
0.19998 0.79992 9.99895e-05
0.206906 0.655164 0.13793
0.51724 0.206904 0.275856
0.24138 0.551725 0.206896
0.241375 0.482768 0.275857
0.793478 0.0688363 0.137685
0.448237 0.551659 0.000103438
0.27451 0.392157 0.333333
0.586241 0.24135 0.172409
0.344785 0.551786 0.103429
