0.100006 0.833324 0.0666704
0.566617 0.133347 0.300035
9.8265e-05 0.69993 0.299972
0.83326 0.16664 9.99934e-05
0.379321 0.551717 0.0689627
0.833271 9.99208e-05 0.166629
0.413809 0.310337 0.275855
0.482772 0.344817 0.172411
0.657146 0.17143 0.171424
0.303368 0.662929 0.033703
0.344836 0.448268 0.206895
0.499983 0.166683 0.333333
0.571373 0.428526 0.000100833
0.166665 0.500001 0.333333
0.533339 0.133327 0.333333
0.133333 0.533334 0.333333
0.222222 0.444445 0.333333
0.357108 0.64279 0.000101481
0.0999888 0.766677 0.133334
0.50524 0.388763 0.105996
0.689635 0.103454 0.20691
9.97941e-05 0.933238 0.0666619
0.197564 0.474157 0.328279
0.399996 0.26667 0.333333
0.206911 0.655157 0.137931
0.76915 0.000100014 0.23075
0.259264 0.518517 0.222219
0.241379 0.482756 0.275865
0.000101141 0.785625 0.214274
9.94637e-05 0.666567 0.333333
0.39996 0.566704 0.0333363
0.896454 0.103443 0.000103436
0.137922 0.861974 0.000103436
0.0701734 0.596493 0.333333
0.500025 0.285701 0.214275
0.629618 0.185191 0.185191
0.379301 0.482766 0.137933
9.99558e-05 0.9998 9.9983e-05
0.0333353 0.633331 0.333333
0.666567 9.98389e-05 0.333333
0.9998 9.99759e-05 9.99793e-05
0.551724 0.310345 0.137931
0.596487 0.0701792 0.333333
0.517179 0.482718 0.000103436
0.259225 0.740674 0.000100992
0.142802 0.678611 0.178586
0.793151 0.137894 0.0689544
0.750001 0.214286 0.0357126
0.14815 0.518516 0.333333
0.245613 0.421054 0.333333
0.933327 0.0333365 0.0333365
0.416691 0.416633 0.166676
0.47059 0.196076 0.333333
0.817337 0.0340595 0.148604
0.133566 0.565909 0.300525
0.333333 0.333333 0.333333
0.724068 9.87937e-05 0.275833
0.172415 0.586195 0.24139
0.0714183 0.821392 0.107189
0.450002 0.250008 0.299989
0.448229 0.551668 0.000103436
0.666597 0.333303 9.99926e-05
0.241384 0.551724 0.206892
0.285705 0.60717 0.107126
0.310351 0.551718 0.137931
0.899909 9.99202e-05 0.0999916
0.633329 0.033338 0.333333
0.299997 0.36667 0.333333
0.655182 0.0689514 0.275866
0.172407 0.758631 0.0689627
0.100593 0.637089 0.262318
0.586226 0.379313 0.0344607
0.564101 0.102566 0.333333
0.655118 0.241452 0.10343
0.321438 0.428605 0.249957
0.799902 0.199998 9.99932e-05
0.586192 0.172418 0.241389
0.0344151 0.724188 0.241397
0.241373 0.689665 0.0689626
0.466667 0.466667 0.0666666
0.380953 0.285713 0.333333
9.93682e-05 0.866579 0.133322
0.413799 0.344824 0.241377
0.724454 0.137771 0.137776
0.0666589 0.900012 0.033329
0.35897 0.307697 0.333333
0.866648 0.0666779 0.0666739
0.433333 0.233334 0.333333
4.69086e-34 1.3845e-13 1
0.620694 0.310344 0.0689627
0.19998 0.79992 9.99928e-05
0.724063 0.275833 0.000103436
0.517336 0.206856 0.275808
0.793102 0.0689666 0.137931
0.102526 0.56414 0.333333
0.274509 0.392158 0.333333
0.518518 0.148148 0.333333
0.586385 0.241266 0.17235
0.101213 0.696365 0.202421
0.344836 0.379306 0.275858
