0.103181 0.690417 0.206402
0.13498 0.561274 0.303747
0.0999697 0.833364 0.0666661
0.380951 0.285716 0.333333
8.51061e-05 0.699773 0.300142
0.833234 9.9634e-05 0.166666
0.724047 8.83355e-05 0.275864
0.413769 0.310317 0.275914
0.48273 0.344997 0.172273
0.344806 0.44834 0.206855
0.499967 0.166699 0.333333
0.571386 0.428513 0.000100746
0.241266 0.48283 0.275904
0.166668 0.499998 0.333333
0.533392 0.133275 0.333333
0.222247 0.44442 0.333333
0.13333 0.533337 0.333333
0.766005 0.0667189 0.167276
0.357111 0.642789 0.000100866
0.629702 0.185158 0.185141
0.505352 0.388801 0.105846
0.999801 9.91186e-05 9.99806e-05
0.689666 0.103445 0.206889
0.586512 0.241215 0.172273
0.197598 0.474106 0.328296
0.400002 0.266664 0.333333
0.551767 0.310224 0.138009
0.666559 0.333341 0.000100003
9.98756e-05 0.93323 0.0666697
0.633334 0.0333324 0.333333
0.400012 0.566654 0.0333337
0.300022 0.666644 0.0333347
0.769081 9.32422e-05 0.230826
0.137923 0.861973 0.00010331
0.596497 0.0701698 0.333333
0.14292 0.678442 0.178638
0.245604 0.421063 0.333333
0.450053 0.249787 0.30016
0.259331 0.518475 0.222195
0.933348 0.0333186 0.0333335
0.666567 9.98686e-05 0.333333
0.464231 0.535668 0.000100356
0.817329 0.0340706 0.1486
0.655644 0.172083 0.172273
0.470635 0.196031 0.333333
0.517186 0.482711 0.000103423
0.32143 0.428601 0.249969
0 0 1
9.96104e-05 0.9998 9.99805e-05
8.43987e-05 0.785615 0.214301
0.333332 0.333335 0.333333
0.896406 0.103491 0.000103376
0.518517 0.148149 0.333333
9.99797e-05 0.666567 0.333333
0.199988 0.799912 9.9993e-05
0.28565 0.607197 0.107153
0.259256 0.740643 0.000100962
0.358956 0.307711 0.333333
0.749974 0.214299 0.035727
0.620567 0.310508 0.0689253
0.148148 0.518518 0.333333
0.0714417 0.821272 0.107286
0.417433 0.41559 0.166977
0.899899 9.72888e-05 0.100004
0.299962 0.366705 0.333333
0.172408 0.758652 0.0689399
0.379295 0.482759 0.137946
0.79328 0.137881 0.068839
0.100638 0.637061 0.262301
0.0333352 0.633331 0.333333
0.102561 0.564105 0.333333
0.310317 0.517245 0.172438
0.655049 0.241505 0.103446
0.586362 0.379444 0.0341941
0.586125 0.172467 0.241408
0.799933 0.199969 9.7844e-05
0.0344642 0.724155 0.241381
0.241404 0.689644 0.0689513
0.466688 0.466637 0.0666748
0.564102 0.102565 0.333333
0.655303 0.0689142 0.275783
9.44661e-05 0.866589 0.133317
0.50011 0.285745 0.214146
0.413693 0.344965 0.241342
0.0666578 0.933242 9.99603e-05
0.345033 0.551574 0.103393
0.725234 0.137371 0.137395
0.0666136 0.900064 0.0333222
0.433291 0.233375 0.333333
0.207042 0.654918 0.13804
0.833685 0.166217 9.7844e-05
0.833499 0.066497 0.100004
0.0701508 0.596516 0.333333
0.241349 0.551774 0.206877
0.101618 0.76289 0.135492
0.724145 0.275752 0.000103395
0.517239 0.206881 0.27588
0.274361 0.392306 0.333333
0.172444 0.586196 0.24136
0.344828 0.379358 0.275815
