0.0999945 0.833339 0.066667
0.133335 0.56666 0.300005
0.566658 0.133336 0.300006
0.380952 0.285714 0.333333
0.101197 0.696408 0.202395
9.99528e-05 0.69993 0.29997
0.833249 0.166651 9.9992e-05
0.37931 0.551724 0.0689655
0.833251 9.99713e-05 0.166649
0.59994 0.39996 9.99914e-05
0.309046 0.656616 0.0343383
0.222222 0.444444 0.333333
0.344827 0.448276 0.206896
0.448273 0.379315 0.172412
0.241379 0.482759 0.275862
0.533333 0.133333 0.333333
0.133333 0.533334 0.333333
0.344825 0.379316 0.27586
0.357105 0.642793 0.00010149
0.416667 0.416667 0.166667
0.655206 0.172397 0.172397
0.689657 0.103445 0.206897
0.202073 0.471501 0.326426
0.470589 0.196078 0.333333
0.572632 0.393685 0.0336837
0.817339 0.0340552 0.148606
0.259327 0.518471 0.222202
0.535723 0.321424 0.142852
0.896458 0.103438 0.000103439
0.666567 9.99467e-05 0.333333
0.596491 0.0701758 0.333333
0.0701744 0.596492 0.333333
0.245614 0.421052 0.333333
0.769152 0.000100317 0.230748
0.750001 0.214286 0.0357134
0.0714279 0.821429 0.107143
0.142858 0.678571 0.178572
0.9998 9.98177e-05 9.99814e-05
0.274509 0.392157 0.333333
9.30264e-35 2.54178e-21 1
9.98917e-05 0.86658 0.133321
0.333333 0.333333 0.333333
0.259233 0.740666 0.000101001
0.62963 0.185185 0.185185
0.14815 0.518517 0.333333
0.933335 0.0333315 0.0333334
9.99292e-05 0.9998 9.99814e-05
0.724165 0.137918 0.137918
9.99396e-05 0.666567 0.333333
0.285714 0.607143 0.107143
0.518519 0.148148 0.333333
0.517186 0.48271 0.000103439
0.399996 0.566671 0.0333336
0.000102474 0.785634 0.214264
0.450002 0.249997 0.300001
0.89991 9.99719e-05 0.0999903
0.6666 0.3333 9.99914e-05
0.0333338 0.633333 0.333333
0.299999 0.366667 0.333333
0.379307 0.482761 0.137932
0.358974 0.307692 0.333333
0.793107 0.137928 0.0689643
0.100592 0.637083 0.262324
0.724062 0.275835 0.000103439
0.655173 0.24138 0.103447
0.499999 0.285715 0.214286
0.633333 0.0333334 0.333333
0.866668 0.0666646 0.066667
0.102564 0.564103 0.333333
0.564102 0.102565 0.333333
0.321428 0.428571 0.25
0.466667 0.466667 0.0666667
0.799919 0.199981 9.99914e-05
0.586206 0.172414 0.24138
0.482763 0.41379 0.103447
9.9977e-05 0.93324 0.06666
0.172414 0.586206 0.24138
0.4 0.266667 0.333333
0.413792 0.344828 0.24138
0.655173 0.0689642 0.275862
0.0344796 0.72414 0.24138
0.500002 0.166665 0.333333
0.24138 0.689655 0.0689655
0.413793 0.310345 0.275862
0.448226 0.551671 0.000103438
0.0666682 0.899998 0.0333341
0.433332 0.233334 0.333333
0.310345 0.551724 0.137931
0.206894 0.655176 0.13793
0.62069 0.310345 0.0689655
0.10003 0.766597 0.133373
0.724063 0.000103436 0.275834
0.199993 0.799907 9.99976e-05
0.172413 0.758622 0.0689651
0.177777 0.48889 0.333333
0.517286 0.206877 0.275837
0.137916 0.86198 0.000103439
0.793161 0.0689462 0.137893
0.24138 0.551722 0.206898
0.586228 0.241367 0.172405
