0.133378 0.566521 0.300101
0.566667 0.133332 0.3
0.380952 0.285714 0.333333
0.100005 0.699984 0.200011
9.99288e-05 0.69993 0.29997
0.833249 0.166651 9.99906e-05
0.83325 9.99546e-05 0.16665
0.599936 0.399964 9.99905e-05
0.413793 0.310345 0.275862
0.309942 0.655621 0.0344379
0.655385 0.172307 0.172307
0.222222 0.444444 0.333333
0.448273 0.37931 0.172416
0.5 0.166667 0.333333
0.724063 0.00010336 0.275833
0.241379 0.482759 0.275862
0.133333 0.533333 0.333333
0.533333 0.133333 0.333333
0.344827 0.379311 0.275862
0.464383 0.535573 4.36554e-05
0.357107 0.642792 0.000101494
0.172414 0.586207 0.241379
0.689655 0.103448 0.206897
9.99859e-05 0.93324 0.06666
0.572652 0.393702 0.0336465
0.202075 0.471501 0.326424
0.517188 0.482709 0.000103433
0.47059 0.196077 0.333333
0.769151 0.000100276 0.230749
0.535737 0.321434 0.142829
0.102564 0.564103 0.333333
0.399999 0.266668 0.333333
0.274508 0.392159 0.333333
0.0701733 0.596493 0.333333
0.137917 0.86198 0.000103433
0.596491 0.0701754 0.333333
0.0344786 0.724141 0.24138
0.142858 0.678569 0.178573
0.629631 0.185186 0.185184
0.100595 0.63708 0.262324
0.450007 0.249988 0.300005
0.817336 0.0340587 0.148606
0.666567 9.99991e-05 0.333333
0.899908 9.99839e-05 0.0999923
0.333333 0.333333 0.333333
0.0714282 0.821429 0.107143
9.99445e-05 0.9998 9.99802e-05
0.416687 0.416638 0.166675
1.84983e-21 2.966e-11 1
0.9998 9.99424e-05 9.99802e-05
9.99835e-05 0.666567 0.333333
0.399993 0.566673 0.0333337
0.586207 0.172414 0.241379
0.259233 0.740666 0.000101
0.586446 0.24124 0.172314
0.896458 0.103439 0.000103433
0.245614 0.421053 0.333333
0.517244 0.206895 0.275861
0.750002 0.214287 0.0357109
0.148148 0.518519 0.333333
0.259281 0.518504 0.222216
0.285716 0.607141 0.107143
0.3 0.366667 0.333333
0.000102464 0.785633 0.214264
0.379311 0.482758 0.137931
0.321429 0.428573 0.249998
0.172414 0.758621 0.0689655
0.793106 0.137929 0.0689645
0.655168 0.241383 0.103449
0.500011 0.285708 0.214281
0.633332 0.0333347 0.333333
0.033331 0.633336 0.333333
0.564104 0.102563 0.333333
0.62069 0.310345 0.0689655
0.358975 0.307691 0.333333
0.79992 0.19998 9.99902e-05
0.6666 0.3333 9.99902e-05
0.482771 0.41378 0.103449
0.241379 0.689655 0.0689655
0.413793 0.344828 0.241379
0.655174 0.0689629 0.275863
9.99842e-05 0.86658 0.13332
0.724138 0.137931 0.137931
0.433334 0.233333 0.333333
0.0666628 0.900004 0.0333336
0.866666 0.0666668 0.0666668
0.177778 0.488888 0.333333
0.310353 0.51723 0.172416
0.466668 0.466665 0.066667
0.206895 0.655175 0.13793
0.10011 0.766411 0.133479
0.19998 0.79992 9.99902e-05
0.724063 0.275834 0.000103433
0.793458 0.0688473 0.137695
0.0664196 0.933481 9.95011e-05
0.344743 0.551821 0.103436
0.518518 0.148148 0.333333
0.24138 0.551723 0.206897
0.34483 0.448274 0.206897
0.933334 0.0333326 0.0333335
