0.833335 0.0999982 0.0666668
0.566341 0.133434 0.300226
0.13334 0.566645 0.300015
0.699988 0.100004 0.200008
0.69993 9.99306e-05 0.29997
9.98875e-05 0.833251 0.166649
0.310346 0.413793 0.275862
0.655241 0.310283 0.0344753
0.000103417 0.724063 0.275833
0.344829 0.482758 0.172413
0.172269 0.655461 0.172269
0.551722 0.379313 0.0689652
0.444444 0.222222 0.333333
0.448279 0.344826 0.206895
0.166666 0.5 0.333333
0.482759 0.241379 0.275862
0.428529 0.57137 0.000100829
0.379312 0.344827 0.275861
0.103448 0.689655 0.206896
0.471503 0.202072 0.326425
0.0701762 0.59649 0.333333
0.26667 0.399997 0.333333
9.9996e-05 0.899902 0.0999978
0.533333 0.133333 0.333333
0.310344 0.551725 0.137931
0.518422 0.259398 0.222181
0.333333 0.333334 0.333333
0.861979 0.137917 0.000103437
0.00010032 0.769153 0.230746
0.785634 0.000102459 0.214264
0.10344 0.896457 0.000103439
0.0333313 0.933335 0.0333334
0.93324 9.99345e-05 0.06666
0.586207 0.172414 0.241379
0.596492 0.0701748 0.333333
0.678564 0.142861 0.178576
0.566715 0.399948 0.0333362
0.185185 0.62963 0.185185
0.066665 0.866668 0.0666668
0.133333 0.533333 0.333333
0.64279 0.357109 0.000101493
0.421054 0.245613 0.333333
0.666567 9.99985e-05 0.333333
0.249958 0.450025 0.300017
0.655174 0.206895 0.13793
9.99183e-05 0.9998 9.99813e-05
0.482718 0.517179 0.000103437
0.388695 0.5053 0.106005
0.9998 9.99379e-05 9.99813e-05
0 1.12616e-12 1
0.482759 0.379309 0.137931
0.740666 0.259233 0.000101
0.214286 0.750001 0.0357135
0.148148 0.518519 0.333333
0.196079 0.470588 0.333333
0.518518 0.148148 0.333333
0.821428 0.0714288 0.107143
0.766653 0.100006 0.133341
0.416532 0.416763 0.166705
0.0340568 0.817347 0.148596
0.428574 0.321426 0.25
9.9963e-05 0.666567 0.333333
0.241351 0.586255 0.172394
0.607146 0.285711 0.107143
0.36667 0.299997 0.333333
0.0689677 0.655161 0.275871
0.166651 0.833249 9.99916e-05
0.137931 0.793103 0.0689655
0.206891 0.517255 0.275854
0.637082 0.100592 0.262326
0.633333 0.0333333 0.333333
0.0333327 0.633334 0.333333
0.379308 0.586209 0.0344826
0.564102 0.102565 0.333333
0.102564 0.564102 0.333333
0.241381 0.655171 0.103448
0.79992 0.19998 9.99915e-05
0.285714 0.500002 0.214284
0.307692 0.358975 0.333333
0.19998 0.79992 9.99913e-05
0.344828 0.413793 0.241379
0.72414 0.0344802 0.24138
0.689655 0.241379 0.0689655
0.488889 0.177778 0.333333
0.172414 0.586207 0.241379
0.466666 0.466667 0.0666668
0.285715 0.380952 0.333333
0.551674 0.448223 0.000103437
0.86658 9.97854e-05 0.13332
0.137929 0.724141 0.13793
0.899997 0.0666686 0.0333343
0.233335 0.433332 0.333333
0.551724 0.310345 0.137931
0.551725 0.241379 0.206896
0.758621 0.172414 0.0689655
0.310343 0.620691 0.0689652
0.275835 0.724062 0.000103439
0.333298 0.666602 9.99916e-05
0.0689625 0.793112 0.137925
0.392157 0.27451 0.333333
