0.100027 0.833288 0.0666846
0.133332 0.566667 0.300001
0.566669 0.13333 0.300001
0.380952 0.285714 0.333333
0.100129 0.699611 0.20026
9.99473e-05 0.69993 0.29997
0.833255 0.166645 9.99909e-05
0.37931 0.551724 0.0689655
0.83325 9.99625e-05 0.16665
0.413793 0.310345 0.275862
0.310322 0.6552 0.0344785
0.724063 0.000103364 0.275834
0.482757 0.34483 0.172413
0.655217 0.172388 0.172394
0.222222 0.444445 0.333333
0.34483 0.448275 0.206895
0.499998 0.166668 0.333333
0.241379 0.482759 0.275862
0.533333 0.133333 0.333333
0.133333 0.533333 0.333333
0.344829 0.379309 0.275861
0.689657 0.103448 0.206895
9.99616e-05 0.93324 0.06666
0.724178 0.137911 0.137911
0.202073 0.471501 0.326426
0.470588 0.196078 0.333333
0.899906 9.99936e-05 0.0999938
0.817349 0.0340574 0.148594
0.399999 0.266668 0.333333
0.76915 0.000100324 0.23075
0.259277 0.518506 0.222217
0.551723 0.310346 0.137932
0.137917 0.86198 0.000103438
0.00010246 0.785633 0.214264
0.500001 0.285714 0.214285
0.896458 0.103439 0.000103438
0.799916 0.199984 9.99923e-05
0.505305 0.388693 0.106002
0.357109 0.64279 0.000101492
0.172414 0.75862 0.0689655
0.142856 0.678564 0.178579
0.245615 0.421051 0.333333
0.517185 0.482712 0.000103437
0.45 0.250001 0.299999
9.99904e-05 0.666567 0.333333
0.416667 0.416667 0.166667
0.750001 0.214286 0.0357135
9.99525e-05 0.9998 9.99802e-05
0.0666665 0.9 0.0333333
0.333333 0.333333 0.333333
0.379307 0.482761 0.137932
0 0 1
0.9998 9.99134e-05 9.99802e-05
0.148148 0.518519 0.333333
0.0714347 0.821413 0.107152
0.517265 0.206886 0.275848
0.259235 0.740664 0.000100999
0.518519 0.148148 0.333333
0.310348 0.551722 0.13793
0.793834 0.0687226 0.137444
0.62963 0.185185 0.185185
0.655174 0.241378 0.103448
0.6666 0.3333 9.99902e-05
0.633331 0.0333357 0.333333
0.285713 0.607143 0.107144
0.3 0.366667 0.333333
0.793107 0.137929 0.0689643
0.100597 0.637083 0.26232
0.0333344 0.633332 0.333333
0.58621 0.379308 0.034482
0.321429 0.428573 0.249998
0.564104 0.102562 0.333333
0.666567 9.99628e-05 0.333333
0.102561 0.564105 0.333333
0.358975 0.307692 0.333333
0.586207 0.172414 0.241379
0.172416 0.586201 0.241383
0.571371 0.428528 0.00010083
0.0344815 0.724139 0.24138
0.466667 0.466667 0.0666666
0.596491 0.0701752 0.333333
0.655174 0.0689636 0.275863
9.99613e-05 0.86658 0.13332
0.413792 0.344829 0.241379
0.866611 0.0666946 0.0666946
0.433333 0.233334 0.333333
0.206891 0.655181 0.137928
0.62069 0.310345 0.0689655
0.177776 0.488891 0.333333
0.100279 0.766015 0.133705
0.241377 0.551728 0.206895
0.199981 0.799919 9.99909e-05
0.241382 0.689653 0.0689653
0.724062 0.275835 0.000103438
0.27451 0.392157 0.333333
0.0701768 0.59649 0.333333
0.448229 0.551667 0.000103438
0.399999 0.566668 0.0333333
0.933333 0.0333333 0.0333333
0.586218 0.241372 0.17241
