0.0666444 0.933256 9.99923e-05
0.133332 0.566668 0.300001
0.380952 0.285714 0.333333
0.100006 0.699982 0.200012
9.99152e-05 0.69993 0.29997
0.833251 9.99677e-05 0.166649
0.724063 0.000103411 0.275833
0.48276 0.344827 0.172413
0.655196 0.172402 0.172402
0.500001 0.166666 0.333333
0.571371 0.428528 0.000100831
0.533333 0.133333 0.333333
0.344827 0.379312 0.275861
9.99806e-05 0.93324 0.0666601
0.202073 0.471504 0.326423
0.655172 0.24138 0.103448
0.470588 0.196079 0.333333
0.399999 0.266667 0.333333
0.769152 0.000100314 0.230748
0.102564 0.564102 0.333333
0.357109 0.642789 0.000101487
0.259312 0.518482 0.222206
0.551722 0.310346 0.137932
0.633332 0.0333346 0.333333
0.000102444 0.785626 0.214271
0.0701763 0.59649 0.333333
0.505308 0.388697 0.105995
0.596491 0.0701755 0.333333
0.629628 0.185187 0.185186
0.245613 0.421053 0.333333
0.689663 0.103437 0.206899
0.416691 0.416632 0.166677
0.564103 0.102564 0.333333
0.517187 0.482709 0.000103438
0.274509 0.392158 0.333333
3.84142e-40 1.50096e-20 1
9.9854e-05 0.9998 9.99806e-05
0.241383 0.689652 0.0689652
0.222222 0.444444 0.333333
0.89646 0.103436 0.000103437
0.333333 0.333333 0.333333
0.259237 0.740662 0.000101
0.399967 0.566698 0.0333352
0.62069 0.310345 0.0689655
0.0714305 0.821427 0.107143
0.321428 0.428575 0.249997
0.9998 9.998e-05 9.99806e-05
9.99703e-05 0.866581 0.133319
0.666567 9.99662e-05 0.333333
0.206899 0.655171 0.137931
0.142856 0.678571 0.178573
0.45 0.250001 0.3
0.518519 0.148148 0.333333
0.137919 0.861978 0.000103438
0.75 0.214286 0.0357147
0.148148 0.518519 0.333333
0.81735 0.034055 0.148595
0.413793 0.310345 0.275862
0.6666 0.3333 9.99906e-05
9.99917e-05 0.666567 0.333333
0.285714 0.607143 0.107143
0.899912 9.99742e-05 0.099988
0.586204 0.172415 0.241381
0.3 0.366667 0.333333
0.24138 0.551723 0.206897
0.172415 0.758619 0.0689654
0.83325 0.16665 9.99906e-05
0.358974 0.307692 0.333333
0.133333 0.533333 0.333333
0.172414 0.586206 0.24138
0.79311 0.137927 0.0689634
0.37931 0.482759 0.137931
0.100594 0.63708 0.262326
0.033331 0.633336 0.333333
0.586209 0.379309 0.0344825
0.499994 0.285722 0.214284
0.79992 0.19998 9.99906e-05
0.310345 0.551724 0.137931
0.034478 0.724142 0.24138
0.379317 0.551718 0.0689648
0.466667 0.466667 0.0666667
0.655173 0.0689651 0.275862
0.866326 0.0668379 0.0668364
0.566103 0.133506 0.300391
0.413794 0.344827 0.241379
0.724147 0.137926 0.137926
0.0666671 0.899999 0.0333335
0.310071 0.655477 0.0344521
0.433332 0.233334 0.333333
0.100059 0.766521 0.13342
0.199982 0.799918 9.99915e-05
0.177778 0.488889 0.333333
0.724054 0.275843 0.000103437
0.44823 0.551666 0.000103438
0.241379 0.482759 0.275862
0.517257 0.20689 0.275853
0.793133 0.0689411 0.137926
0.933334 0.0333331 0.0333333
0.344826 0.448278 0.206896
0.586216 0.241374 0.17241
