0.933241 0.0666589 9.99901e-05
0.566329 0.133437 0.300234
0.133347 0.566624 0.300029
0.285714 0.380952 0.333333
0.698615 0.100462 0.200923
0.166652 0.833248 9.99909e-05
9.99672e-05 0.83325 0.16665
0.310345 0.413793 0.275862
0.000103435 0.724063 0.275833
0.344832 0.482756 0.172413
0.172341 0.655319 0.172341
0.166666 0.500001 0.333333
0.482759 0.241379 0.275862
0.428528 0.571371 0.000100829
0.533333 0.133333 0.333333
0.133333 0.533333 0.333333
0.379311 0.344827 0.275862
0.535661 0.464239 0.000100436
0.93324 9.99692e-05 0.0666601
0.19608 0.470587 0.333333
0.689656 0.241379 0.0689653
0.000100313 0.769153 0.230746
0.655282 0.310246 0.0344716
0.518508 0.259274 0.222218
0.310344 0.551725 0.137931
0.566667 0.399999 0.0333334
0.655173 0.206896 0.137931
0.471503 0.202075 0.326422
0.82143 0.0714272 0.107143
0.785634 0.000102444 0.214263
0.103439 0.896458 0.000103437
0.241309 0.586327 0.172363
0.59649 0.0701763 0.333333
0.250002 0.449999 0.299999
9.998e-05 0.9998 9.998e-05
0.642793 0.357106 0.000101493
0.366667 0.3 0.333333
0.0701766 0.59649 0.333333
9.99804e-05 0.666567 0.333333
0.482709 0.517188 0.000103438
0.678557 0.142863 0.17858
0.517241 0.310345 0.172413
0.0340565 0.817338 0.148605
0.333333 0.333334 0.333333
0.0667307 0.866539 0.0667307
0.103446 0.689657 0.206897
0.518519 0.148148 0.333333
0.27583 0.724067 0.000103434
0.421052 0.245614 0.333333
0.9 0.0666665 0.0333333
0.148148 0.518518 0.333333
0 0 1
0.416546 0.416753 0.166701
0.266667 0.4 0.333333
0.214286 0.750001 0.0357126
0.3333 0.6666 9.99901e-05
0.488889 0.177777 0.333333
0.607145 0.285712 0.107143
0.861979 0.137918 0.000103437
9.99657e-05 0.899903 0.099997
0.69993 9.99846e-05 0.29997
0.13793 0.793105 0.0689649
0.206879 0.517283 0.275839
0.482762 0.379306 0.137932
0.79992 0.19998 9.999e-05
0.637088 0.100596 0.262316
0.633333 0.0333333 0.333333
0.448276 0.344827 0.206896
0.0333332 0.633333 0.333333
0.379308 0.586209 0.0344825
0.564102 0.102564 0.333333
0.102561 0.564105 0.333333
0.758618 0.172417 0.0689653
0.241382 0.655172 0.103447
0.285714 0.500001 0.214286
0.428575 0.32143 0.249995
0.30769 0.358977 0.333333
0.199981 0.799919 9.99903e-05
0.172413 0.586208 0.24138
0.185184 0.629631 0.185184
0.724136 0.034483 0.241381
0.466666 0.466667 0.0666668
0.0689647 0.655173 0.275862
0.444444 0.222222 0.333333
0.86658 9.99598e-05 0.13332
0.9998 9.99676e-05 9.998e-05
0.344829 0.413792 0.241379
0.740667 0.259232 0.000101
0.137923 0.724155 0.137923
0.233332 0.433334 0.333333
0.586203 0.172415 0.241382
0.310345 0.620689 0.0689655
0.766298 0.100158 0.133544
0.388694 0.505302 0.106004
0.551726 0.344827 0.103447
0.0689634 0.79311 0.137927
0.0333339 0.933332 0.0333339
0.666567 9.99928e-05 0.333333
0.392157 0.274509 0.333333
0.551723 0.241381 0.206896
