0.0999968 0.833336 0.0666669
0.566587 0.133358 0.300055
0.133349 0.566615 0.300036
0.380952 0.285714 0.333333
0.100014 0.699958 0.200028
0.833244 0.166656 9.99939e-05
0.83325 9.99835e-05 0.16665
0.599939 0.399961 9.99903e-05
0.310306 0.655216 0.0344778
0.724063 0.000103392 0.275833
0.222222 0.444444 0.333333
0.344826 0.448278 0.206896
0.448277 0.379311 0.172413
0.5 0.166667 0.333333
0.241379 0.482759 0.275862
0.533333 0.133333 0.333333
0.133334 0.533333 0.333333
0.344827 0.379311 0.275862
0.357106 0.642793 0.000101492
0.535716 0.321431 0.142853
0.572628 0.393689 0.033683
0.241379 0.689655 0.0689655
9.99751e-05 0.93324 0.06666
0.633332 0.0333345 0.333333
0.202086 0.471496 0.326418
0.413795 0.310344 0.275861
0.9998 9.99689e-05 9.99801e-05
0.769151 0.000100303 0.230749
0.586288 0.241332 0.17238
9.98955e-05 0.69993 0.29997
0.137917 0.86198 0.000103438
0.896459 0.103438 0.000103438
0.358975 0.307691 0.333333
0.596491 0.0701761 0.333333
0.245613 0.421053 0.333333
0.655231 0.172389 0.17238
0.45 0.249999 0.300001
0 2.43753e-26 1
0.321429 0.428573 0.249998
0.470589 0.196078 0.333333
0.517188 0.482709 0.000103438
0.148149 0.518518 0.333333
0.39999 0.566676 0.0333339
9.99278e-05 0.9998 9.99801e-05
0.142857 0.67857 0.178573
9.99997e-05 0.666567 0.333333
0.586207 0.172414 0.24138
0.259233 0.740666 0.000100999
0.172416 0.586202 0.241382
0.689655 0.103448 0.206897
0.25926 0.518519 0.222221
0.000102291 0.785634 0.214264
0.416692 0.416631 0.166677
0.0701779 0.596489 0.333333
0.0714283 0.821426 0.107146
0.817334 0.0340625 0.148603
0.333334 0.333333 0.333333
0.666567 9.99958e-05 0.333333
0.933339 0.0333274 0.0333335
0.285709 0.607146 0.107146
0.89991 9.99629e-05 0.0999899
0.629629 0.185185 0.185185
0.3 0.366667 0.333333
0.518519 0.148148 0.333333
0.172413 0.758622 0.0689651
0.6666 0.3333 9.99901e-05
0.793105 0.13793 0.0689651
0.75 0.214286 0.0357142
0.100595 0.637084 0.262321
0.655171 0.241381 0.103448
0.4 0.266667 0.333333
0.5 0.285715 0.214286
0.0333334 0.633333 0.333333
0.564102 0.102565 0.333333
0.102563 0.564103 0.333333
9.98752e-05 0.86658 0.13332
0.799915 0.199985 9.99925e-05
0.0344804 0.72414 0.24138
0.379311 0.551724 0.0689655
0.655173 0.0689647 0.275862
0.413793 0.344828 0.241379
0.724152 0.137924 0.137924
0.466666 0.466668 0.0666667
0.0666669 0.9 0.0333335
0.866646 0.0666772 0.0666772
0.433333 0.233334 0.333333
0.241379 0.551725 0.206896
0.310347 0.551723 0.137931
0.100325 0.765909 0.133766
0.206897 0.655172 0.137931
0.482805 0.413756 0.103439
0.62069 0.310345 0.0689655
0.199995 0.799905 9.99976e-05
0.177777 0.48889 0.333333
0.724062 0.275834 0.000103438
0.517266 0.206886 0.275848
0.793106 0.0689647 0.137929
0.274508 0.392159 0.333333
0.37931 0.482759 0.137931
0.448226 0.551671 0.000103437
