0.833411 0.099923 0.0666658
0.13353 0.566031 0.300439
0.56654 0.133371 0.300089
0.285714 0.380952 0.333333
0.699035 0.100314 0.200651
0.699921 9.7849e-05 0.299982
0.166668 0.833232 9.99965e-05
0.551714 0.379322 0.0689641
9.88819e-05 0.833251 0.166651
0.660194 0.305827 0.0339797
0.310334 0.413815 0.275852
0.344867 0.482765 0.172369
0.172354 0.655291 0.172355
0.444443 0.222223 0.333333
0.448291 0.344815 0.206894
0.166674 0.499993 0.333333
0.482762 0.241381 0.275857
0.428535 0.571364 0.000100831
0.533336 0.13333 0.333333
0.13333 0.533336 0.333333
0.37932 0.344822 0.275858
0.642785 0.357114 0.000101454
0.551734 0.241369 0.206897
0.93324 9.84182e-05 0.0666616
9.64143e-05 0.769126 0.230777
0.310338 0.551727 0.137935
0.196078 0.470589 0.333333
0.266667 0.4 0.333333
0.78564 9.63357e-05 0.214264
0.766363 0.100129 0.133508
0.103463 0.896434 0.000103439
0.566751 0.39991 0.0333398
0.596491 0.0701756 0.333333
0.185196 0.629616 0.185187
0.31034 0.620696 0.0689637
0.471487 0.202057 0.326456
0.392158 0.274508 0.333333
0.000103215 0.724064 0.275833
0.421051 0.245615 0.333333
0.740663 0.259236 0.000101003
0.416488 0.416795 0.166716
0 0 1
0.607126 0.28573 0.107144
0.482708 0.517188 0.00010344
0.0701806 0.596486 0.333333
9.98766e-05 0.9998 9.99855e-05
0.518504 0.25934 0.222156
0.333333 0.333334 0.333333
0.206853 0.517341 0.275806
0.9998 9.99559e-05 9.99855e-05
0.518518 0.148148 0.333333
0.0689706 0.655147 0.275882
0.666567 9.99739e-05 0.333333
0.30769 0.358977 0.333333
9.97667e-05 0.666567 0.333333
0.0340558 0.817341 0.148603
0.103446 0.689658 0.206896
0.344825 0.413789 0.241386
0.249819 0.450107 0.300075
0.148153 0.518514 0.333333
0.564101 0.102565 0.333333
0.678555 0.142855 0.17859
0.214293 0.749994 0.0357131
0.0333275 0.633339 0.333333
0.821411 0.0714311 0.107158
0.488894 0.177772 0.333333
9.98225e-05 0.899913 0.0999875
0.366669 0.299998 0.333333
0.758621 0.172414 0.0689655
0.137921 0.793118 0.0689607
0.0668432 0.866312 0.0668445
0.482763 0.379306 0.137932
0.637077 0.100607 0.262316
0.633339 0.0333281 0.333333
0.37932 0.586204 0.0344767
0.102559 0.564108 0.333333
0.241398 0.655151 0.103451
0.285711 0.500004 0.214285
0.428586 0.321414 0.250001
0.861984 0.137912 0.000103439
0.199983 0.799917 9.99973e-05
0.172423 0.586189 0.241388
0.586196 0.172418 0.241386
0.724135 0.0344823 0.241383
0.689653 0.241382 0.0689653
0.388698 0.505293 0.106009
0.466667 0.466667 0.0666657
0.86658 9.8327e-05 0.133322
0.137825 0.724329 0.137846
0.900002 0.0666649 0.0333332
0.233331 0.433336 0.333333
0.551713 0.310359 0.137928
0.333294 0.666606 9.99957e-05
0.655193 0.206884 0.137923
0.79989 0.20001 0.00010001
0.275817 0.724079 0.000103422
0.068772 0.793673 0.137555
0.551684 0.448213 0.000103438
0.0333374 0.933326 0.0333362
0.241119 0.586653 0.172228
