0.833335 0.0999983 0.0666668
0.133338 0.566645 0.300017
0.697862 0.100713 0.201425
0.699922 9.98711e-05 0.299979
0.166655 0.833245 9.9993e-05
9.99704e-05 0.83325 0.16665
0.310345 0.413793 0.275862
0.655711 0.309862 0.0344268
0.000103431 0.724063 0.275834
0.172266 0.655468 0.172265
0.448276 0.344827 0.206896
0.444444 0.222222 0.333333
0.166669 0.499997 0.333333
0.482759 0.241379 0.275862
0.566397 0.133416 0.300187
0.428528 0.571371 0.000100826
0.133333 0.533333 0.333333
0.533333 0.133333 0.333333
0.37931 0.344828 0.275862
0.53566 0.464239 0.000100415
0.285714 0.380952 0.333333
0.388689 0.505306 0.106005
0.344829 0.482757 0.172413
0.13792 0.724158 0.137922
0.103449 0.689653 0.206898
0.642805 0.357093 0.000101487
9.99832e-05 0.9998 9.99816e-05
0.266667 0.4 0.333333
0.758623 0.172412 0.0689649
0.518475 0.259323 0.222203
0.607147 0.285709 0.107144
0.000100254 0.769146 0.230754
0.307691 0.358976 0.333333
0.310346 0.551723 0.137931
9.99783e-05 0.89991 0.09999
0.103438 0.896459 0.000103437
0.199982 0.799918 9.99908e-05
0.0701769 0.59649 0.333333
0.596491 0.0701757 0.333333
0.196078 0.470589 0.333333
0.566682 0.399983 0.0333342
0.678567 0.142861 0.178572
0.285715 0.5 0.214285
0.249995 0.450003 0.300002
0.214286 0.750001 0.0357126
9.9985e-05 0.666567 0.333333
0.861981 0.137916 0.000103437
0 2.93956e-21 1
0.421052 0.245615 0.333333
0.689655 0.241379 0.0689655
0.148148 0.518519 0.333333
0.482709 0.517187 0.000103437
0.310343 0.620692 0.068965
0.518518 0.148149 0.333333
0.9998 9.99719e-05 9.998e-05
0.379308 0.58621 0.0344817
0.933236 9.99909e-05 0.0666643
0.821426 0.0714291 0.107145
0.416667 0.416667 0.166667
0.034067 0.817328 0.148605
0.666567 9.99399e-05 0.333333
0.471502 0.202069 0.326429
0.551723 0.344829 0.103448
0.740666 0.259233 0.000100999
0.39216 0.274507 0.333333
0.785632 0.000101746 0.214266
0.79992 0.19998 9.999e-05
0.333297 0.666603 9.99904e-05
0.36667 0.299997 0.333333
0.137929 0.793107 0.0689644
0.482762 0.379306 0.137932
0.0689622 0.79311 0.137927
0.637107 0.100612 0.262281
0.172413 0.586207 0.241379
0.633332 0.0333343 0.333333
0.033335 0.633332 0.333333
0.564103 0.102564 0.333333
0.102564 0.564103 0.333333
0.24138 0.655172 0.103448
0.333333 0.333333 0.333333
0.428576 0.321426 0.249998
0.586204 0.172415 0.241381
0.724132 0.0344834 0.241384
0.466667 0.466667 0.0666667
0.0689649 0.655173 0.275862
0.866582 9.99273e-05 0.133318
0.344824 0.413797 0.241379
0.899993 0.0666716 0.0333358
0.0666611 0.866672 0.0666671
0.233334 0.433333 0.333333
0.517241 0.310345 0.172414
0.655172 0.206897 0.137931
0.76578 0.100382 0.133838
0.488888 0.177778 0.333333
0.185185 0.629632 0.185183
0.275836 0.72406 0.000103437
0.206889 0.517259 0.275852
0.551724 0.241379 0.206896
0.0333315 0.933335 0.0333333
0.241348 0.58626 0.172392
