0.100027 0.833289 0.0666843
0.56636 0.133427 0.300212
0.133334 0.566663 0.300002
0.380952 0.285714 0.333333
0.100601 0.698199 0.201201
9.99681e-05 0.69993 0.299971
0.379311 0.551723 0.0689654
0.83325 9.99652e-05 0.16665
0.413793 0.310345 0.275862
0.482756 0.34483 0.172413
0.65525 0.172375 0.172375
0.222222 0.444445 0.333333
0.499999 0.166667 0.333333
0.241379 0.482759 0.275862
0.571371 0.428528 0.00010083
0.533333 0.133333 0.333333
0.34483 0.379309 0.275861
0.505302 0.388693 0.106005
0.83325 0.16665 9.99906e-05
0.066664 0.900003 0.0333334
0.202071 0.471502 0.326427
0.299998 0.366669 0.333333
0.866599 0.0667005 0.0667003
0.259285 0.5185 0.222214
0.137916 0.861981 0.000103436
0.357106 0.642792 0.000101493
0.896459 0.103437 0.000103437
0.596491 0.0701757 0.333333
0.564104 0.102563 0.333333
0.0701753 0.596491 0.333333
0.58621 0.379308 0.0344822
0.142856 0.678572 0.178572
9.99895e-05 0.93324 0.0666602
0.551724 0.310345 0.137931
0.769144 0.000100321 0.230755
0.245614 0.421053 0.333333
0.000102429 0.785634 0.214264
0.450012 0.249981 0.300008
0.517188 0.482709 0.000103438
0.259233 0.740666 0.000100999
0 8.5652e-18 1
0.285709 0.607147 0.107144
0.177777 0.48889 0.333333
0.689649 0.10345 0.206901
0.344826 0.448278 0.206895
0.62069 0.310345 0.0689654
0.666567 9.99248e-05 0.333333
0.724063 0.000103362 0.275834
0.470588 0.196078 0.333333
0.518518 0.148148 0.333333
0.9998 9.99254e-05 9.99805e-05
0.62963 0.185186 0.185185
0.333333 0.333333 0.333333
9.99955e-05 0.666567 0.333333
0.0714299 0.821426 0.107144
0.81734 0.034056 0.148604
0.75 0.214286 0.0357142
9.9965e-05 0.9998 9.99805e-05
0.400001 0.566666 0.0333334
0.172414 0.75862 0.0689655
0.148148 0.518518 0.333333
0.6666 0.3333 9.99905e-05
0.416667 0.416667 0.166667
0.899912 9.99838e-05 0.099988
0.32143 0.428574 0.249996
0.793102 0.137932 0.0689654
0.379309 0.48276 0.137931
0.100597 0.637086 0.262317
0.172414 0.586206 0.24138
0.0333335 0.633333 0.333333
0.102563 0.564104 0.333333
0.655176 0.241379 0.103444
0.500001 0.285714 0.214285
0.466667 0.466667 0.0666667
0.358974 0.307692 0.333333
0.100115 0.766399 0.133486
0.79992 0.19998 9.99905e-05
0.133333 0.533334 0.333333
0.586206 0.172414 0.24138
0.310328 0.655192 0.0344798
0.0344829 0.724137 0.241381
0.241379 0.689655 0.0689655
0.655168 0.0689665 0.275866
0.310346 0.551723 0.137931
9.99678e-05 0.866581 0.133319
0.413793 0.344828 0.241379
0.724147 0.137926 0.137926
0.433334 0.233333 0.333333
0.633334 0.0333325 0.333333
0.199983 0.799917 9.99921e-05
0.724063 0.275833 0.000103438
0.517248 0.206894 0.275858
0.4 0.266666 0.333333
0.79311 0.0689592 0.137931
0.27451 0.392157 0.333333
0.241373 0.551735 0.206892
0.448229 0.551667 0.000103438
0.206896 0.655173 0.137931
0.933339 0.0333279 0.0333334
0.586254 0.241352 0.172394
