0.833333 0.1 0.0666668
0.566279 0.133453 0.300269
0.133449 0.566292 0.30026
0.285714 0.380952 0.333333
0.69925 0.10025 0.2005
0.166651 0.833249 9.99926e-05
9.99869e-05 0.83325 0.16665
0.399984 0.599916 9.99964e-05
0.310345 0.413793 0.275862
0.655327 0.310206 0.0344672
0.000103422 0.724063 0.275834
0.172377 0.655245 0.172377
0.166666 0.5 0.333333
0.482759 0.241379 0.275862
0.133332 0.533335 0.333333
0.533333 0.133333 0.333333
0.37931 0.448277 0.172414
0.379309 0.344829 0.275861
0.39369 0.572627 0.0336833
0.103449 0.689654 0.206897
0.471502 0.202073 0.326425
0.0340556 0.817339 0.148606
0.93324 9.9979e-05 0.06666
0.655174 0.206895 0.13793
0.266667 0.4 0.333333
0.9998 9.99599e-05 9.99815e-05
0.518517 0.259262 0.222221
0.488889 0.177778 0.333333
0.10344 0.896456 0.000103439
0.0701758 0.596491 0.333333
0.785634 0.000102437 0.214264
0.678571 0.142857 0.178572
0.564103 0.102564 0.333333
0.307692 0.358974 0.333333
0.196078 0.470588 0.333333
0.421052 0.245615 0.333333
0.249999 0.450001 0.3
0.566847 0.399809 0.0333439
0.633333 0.0333335 0.333333
0.666567 9.99984e-05 0.333333
0 0 1
9.99497e-05 0.9998 9.99816e-05
0.724137 0.0344828 0.24138
0.86198 0.137917 0.000103439
0.241383 0.655169 0.103448
0.0688276 0.793517 0.137655
0.214286 0.75 0.0357139
0.466667 0.466667 0.0666667
0.416323 0.416912 0.166765
0.642795 0.357103 0.000101495
9.99588e-05 0.666567 0.333333
0.535658 0.464241 0.000100437
0.199982 0.799918 9.99926e-05
0.596491 0.0701755 0.333333
0.137926 0.724149 0.137925
0.740666 0.259233 0.000100999
0.607143 0.285714 0.107143
0.900005 0.0666612 0.0333335
0.766676 0.0999877 0.133336
0.482709 0.517187 0.000103439
0.3333 0.6666 9.99918e-05
0.148148 0.518519 0.333333
0.518518 0.148148 0.333333
0.000100289 0.769153 0.230747
0.185186 0.629631 0.185183
0.448278 0.344826 0.206896
0.821427 0.0714296 0.107143
9.99129e-05 0.89991 0.0999903
0.366669 0.299998 0.333333
0.482761 0.379308 0.137932
0.758621 0.172414 0.0689655
0.137931 0.793104 0.0689655
0.637085 0.100594 0.262322
0.285713 0.500003 0.214284
0.0333326 0.633334 0.333333
0.102564 0.564102 0.333333
0.206889 0.517259 0.275852
0.428574 0.321428 0.249998
0.233333 0.433333 0.333333
0.172414 0.586206 0.24138
0.413785 0.482768 0.103446
0.586204 0.172415 0.241381
0.689655 0.241379 0.0689655
0.444444 0.222222 0.333333
0.0689622 0.655175 0.275863
0.333333 0.333333 0.333333
0.86658 9.99428e-05 0.13332
0.69993 9.99769e-05 0.29997
0.344829 0.413792 0.241379
0.0666651 0.866668 0.0666668
0.0333325 0.933334 0.0333333
0.51724 0.310346 0.172413
0.310345 0.62069 0.0689655
0.321429 0.535715 0.142856
0.79992 0.19998 9.99918e-05
0.275833 0.724063 0.000103439
0.551725 0.344828 0.103448
0.392157 0.27451 0.333333
0.551725 0.241379 0.206896
0.241368 0.586227 0.172405
