0.0999982 0.833335 0.0666668
0.1334 0.566451 0.300149
0.566502 0.133384 0.300114
0.380952 0.285714 0.333333
0.10007 0.699788 0.200141
9.9953e-05 0.69993 0.299971
0.833252 9.99627e-05 0.166648
0.413793 0.310345 0.275862
0.309827 0.655748 0.034425
0.724063 0.000103382 0.275834
0.482759 0.344828 0.172414
0.655195 0.172403 0.172402
0.222222 0.444444 0.333333
0.499999 0.166667 0.333333
0.241379 0.482759 0.275862
0.571371 0.428528 0.000100831
0.533335 0.133332 0.333333
0.133333 0.533333 0.333333
0.344823 0.379318 0.275859
0.464241 0.535659 0.000100433
0.357103 0.642796 0.000101494
9.99293e-05 0.93324 0.06666
0.724063 0.275834 0.000103411
0.202073 0.471503 0.326424
0.47059 0.196077 0.333333
0.551725 0.310344 0.137931
0.9998 9.99314e-05 9.99804e-05
0.259268 0.518513 0.222219
0.793116 0.137922 0.0689612
0.596492 0.0701748 0.333333
9.99263e-05 0.9998 9.99804e-05
0.000102406 0.785634 0.214264
0.500004 0.285712 0.214284
0.137919 0.861978 0.000103434
0.142858 0.678569 0.178572
0.344829 0.448275 0.206896
0.896454 0.103443 0.000103416
0.629632 0.185184 0.185183
0.0701758 0.596491 0.333333
0.413791 0.34483 0.241379
0.245614 0.421052 0.333333
0.769152 0.000100284 0.230748
0.450173 0.249711 0.300115
0.517187 0.482709 0.000103437
0.0714301 0.821425 0.107145
0.666567 9.9955e-05 0.333333
0.259233 0.740666 0.000100993
0.399991 0.566675 0.0333338
0.100594 0.637079 0.262326
0.333333 0.333333 0.333333
0.148151 0.518516 0.333333
9.9962e-05 0.666567 0.333333
0.586208 0.379309 0.0344827
0.416785 0.416501 0.166714
0.4 0.266667 0.333333
0.518519 0.148148 0.333333
0.817344 0.0340551 0.1486
0.505303 0.388691 0.106006
0.6666 0.3333 9.99904e-05
0.689658 0.103445 0.206897
0.285715 0.607143 0.107143
0.899906 9.99826e-05 0.0999938
0.3 0.366667 0.333333
0.17241 0.758625 0.0689642
0.833253 0.166647 9.99908e-05
0.344832 0.551721 0.103447
0.379309 0.482759 0.137931
0.633333 0.0333334 0.333333
0.0333332 0.633333 0.333333
0.102564 0.564103 0.333333
0.655175 0.241378 0.103447
0.206898 0.655172 0.137931
0.564103 0.102564 0.333333
0.321428 0.428575 0.249997
0.358975 0.307692 0.333333
0.799917 0.199983 9.99908e-05
0.586208 0.172413 0.24138
0.0344829 0.724137 0.24138
0.241379 0.689655 0.0689654
4.08254e-30 2.18367e-20 1
0.466667 0.466667 0.0666667
0.655173 0.0689643 0.275862
0.0666668 0.9 0.0333334
9.99168e-05 0.86658 0.13332
0.172414 0.586206 0.24138
0.724144 0.137928 0.137928
0.866664 0.066668 0.066668
0.433333 0.233333 0.333333
0.310344 0.517242 0.172414
0.62069 0.310345 0.0689653
0.933336 0.0333306 0.0333334
0.75 0.214286 0.0357144
0.100002 0.766662 0.133336
0.19998 0.79992 9.99906e-05
0.177776 0.488891 0.333333
0.517267 0.206885 0.275848
0.793873 0.0687086 0.137418
0.27451 0.392157 0.333333
0.241379 0.551725 0.206896
0.586358 0.241291 0.172351
