0.133351 0.566611 0.300039
0.566668 0.133331 0.300001
0.699988 0.100004 0.200007
0.699929 9.99612e-05 0.299971
0.16667 0.83323 0.000100002
0.399963 0.599937 9.99907e-05
0.000103275 0.724063 0.275834
0.172408 0.655183 0.172408
0.285715 0.380952 0.333333
0.448277 0.344827 0.206896
0.379312 0.448275 0.172413
0.166667 0.5 0.333333
0.482759 0.241379 0.275862
0.133334 0.533333 0.333333
0.533333 0.133333 0.333333
0.379311 0.344827 0.275862
0.535657 0.464242 0.000100435
0.64279 0.357109 0.000101493
0.93324 9.99218e-05 0.06666
0.393691 0.572625 0.0336838
0.86198 0.137916 0.000103437
0.518515 0.259261 0.222224
0.607142 0.285714 0.107144
0.785634 0.000102391 0.214264
0.103439 0.896458 0.000103437
0.765359 0.100562 0.134079
0.0701756 0.596491 0.333333
0.678573 0.142855 0.178572
0.185186 0.629632 0.185182
0.471502 0.202073 0.326425
0.421053 0.245614 0.333333
0.249996 0.450003 0.300002
0.000100127 0.769147 0.230753
0.666567 9.99943e-05 0.333333
0.655814 0.309767 0.0344184
0.344828 0.413793 0.241379
0.9998 9.99634e-05 9.99801e-05
9.99829e-05 0.9998 9.9983e-05
0.740666 0.259233 0.000100999
0.416651 0.416678 0.166671
0.321428 0.535717 0.142855
0.333333 0.333333 0.333333
0.689655 0.241379 0.0689655
0 6.28157e-33 1
9.99774e-05 0.666567 0.333333
0.517241 0.310346 0.172414
0.310346 0.413793 0.275862
0.196077 0.47059 0.333333
9.99459e-05 0.83325 0.16665
0.285713 0.500002 0.214285
0.3333 0.6666 9.99901e-05
0.596491 0.0701754 0.333333
0.214286 0.75 0.0357146
0.148148 0.518519 0.333333
0.833331 0.100001 0.0666674
0.0340559 0.817338 0.148606
0.518518 0.148148 0.333333
0.103449 0.689653 0.206898
0.821428 0.0714278 0.107144
9.99162e-05 0.899909 0.0999908
0.366667 0.3 0.333333
0.482766 0.379301 0.137933
0.866579 9.99676e-05 0.133321
0.758619 0.172415 0.0689654
0.13793 0.793105 0.0689651
0.482712 0.517185 0.000103437
0.241384 0.655168 0.103448
0.633334 0.0333331 0.333333
0.0333351 0.633332 0.333333
0.564102 0.102564 0.333333
0.899997 0.066669 0.0333345
0.102564 0.564103 0.333333
0.392157 0.27451 0.333333
0.444444 0.222222 0.333333
0.428573 0.321427 0.25
0.307692 0.358974 0.333333
0.566669 0.399997 0.0333335
0.200008 0.799892 0.000100004
0.172414 0.586207 0.241379
0.413793 0.482759 0.103448
0.266668 0.399999 0.333333
0.5862 0.172417 0.241383
0.724142 0.0344779 0.241381
0.0689657 0.655172 0.275863
0.066673 0.866654 0.0666728
0.137893 0.724214 0.137893
0.233334 0.433333 0.333333
0.206864 0.517318 0.275819
0.466667 0.466667 0.0666667
0.655172 0.206897 0.137931
0.551725 0.241379 0.206896
0.310345 0.62069 0.0689655
0.241379 0.586207 0.172414
0.799914 0.199986 9.99932e-05
0.48889 0.177776 0.333333
0.275835 0.724062 0.000103437
0.637085 0.100594 0.262321
0.551723 0.344829 0.103448
0.068869 0.793393 0.137738
0.0333329 0.933334 0.0333335
