0.133346 0.566628 0.300026
0.695248 0.10156 0.203191
0.69993 9.99793e-05 0.29997
0.551713 0.379323 0.0689638
0.310345 0.413793 0.275862
0.657199 0.308522 0.0342797
0.000101299 0.724066 0.275833
0.344828 0.482758 0.172414
0.172412 0.655176 0.172412
0.448279 0.344826 0.206895
0.482766 0.241376 0.275858
0.428528 0.571371 0.000100833
0.133328 0.533339 0.333333
0.533341 0.133326 0.333333
0.379305 0.344833 0.275862
0.388706 0.505303 0.105992
0.103469 0.689595 0.206936
0.933231 9.99204e-05 0.0666689
0.551721 0.241382 0.206897
0.266667 0.399999 0.333333
0.166666 0.500001 0.333333
0.000100279 0.769135 0.230765
0.518513 0.259269 0.222218
0.250032 0.44998 0.299988
0.833322 0.100007 0.0666702
0.103435 0.896462 0.00010344
0.821385 0.0714379 0.107177
9.23239e-05 0.833255 0.166653
0.861987 0.13791 0.000103436
0.428598 0.321424 0.249978
0.148148 0.518518 0.333333
0.0701759 0.596491 0.333333
9.97146e-05 0.899903 0.0999973
0.678517 0.14288 0.178603
0.344848 0.413775 0.241377
0.482728 0.517169 0.000103436
0.866581 9.89876e-05 0.13332
0.785637 0.000101361 0.214262
0.518509 0.148158 0.333333
0.566769 0.399892 0.0333395
0.310351 0.551716 0.137934
0 1.96968e-20 1
0.421052 0.245615 0.333333
9.99662e-05 0.666567 0.333333
0.642806 0.357092 0.000101496
0.689655 0.241379 0.0689654
0.9998 9.97406e-05 9.99841e-05
0.482757 0.379313 0.13793
0.214286 0.750001 0.0357129
0.19999 0.79991 9.99988e-05
0.333336 0.333331 0.333333
0.172416 0.586201 0.241383
9.97185e-05 0.9998 9.99844e-05
0.740667 0.259232 0.000100977
0.566623 0.133347 0.30003
0.666567 9.98297e-05 0.333333
0.444445 0.222222 0.333333
0.596485 0.0701815 0.333333
0.3333 0.6666 9.99861e-05
0.471516 0.202073 0.326411
0.285714 0.380952 0.333333
0.416517 0.416773 0.16671
0.0340697 0.817342 0.148589
0.607116 0.285697 0.107186
0.366672 0.299995 0.333333
0.899963 0.0666908 0.0333461
0.758628 0.172409 0.0689637
0.13797 0.793067 0.0689629
0.637075 0.100643 0.262282
0.63333 0.0333367 0.333333
0.0333263 0.63334 0.333333
0.185188 0.629623 0.185189
0.379316 0.586211 0.0344733
0.564104 0.102563 0.333333
0.102564 0.564102 0.333333
0.655176 0.206894 0.13793
0.241394 0.655173 0.103432
0.241371 0.586221 0.172409
0.285715 0.500023 0.214262
0.307687 0.35898 0.333333
0.586206 0.172414 0.24138
0.0333298 0.933348 0.0333222
0.724144 0.0344757 0.24138
0.466664 0.466668 0.0666685
0.551727 0.310343 0.13793
0.0689617 0.655167 0.275871
0.206891 0.517254 0.275855
0.137954 0.724119 0.137927
0.0666673 0.866664 0.0666689
0.233326 0.433341 0.333333
0.310345 0.62069 0.0689649
0.766612 0.10002 0.133369
0.392172 0.274494 0.333333
0.799908 0.199992 9.99988e-05
0.166653 0.833247 9.99954e-05
0.488888 0.177778 0.333333
0.275827 0.724069 0.000103436
0.196074 0.470593 0.333333
0.0687952 0.793279 0.137926
0.551671 0.448226 0.000103441
