0.275872 0.379289 0.344839
0.103442 0.275855 0.620703
0.199998 0.800002 0
0.310342 0.310342 0.379316
0.866629 0.133371 0
0.482768 0.137927 0.379305
0.60713 0.39287 0
0.206834 0.448312 0.344854
0.379314 0.310342 0.310345
0.480006 0.519994 0
0.41375 0.000103036 0.586147
0.620701 0.068949 0.31035
0.269229 0.730771 0
0.166648 9.72552e-05 0.833255
0.966669 0.0333312 0
0.137928 0.413783 0.448289
0.733327 0.266673 0
0.142856 0.214284 0.64286
0.37933 0.0689728 0.551697
0.586213 0.13793 0.275857
0.444444 0.148142 0.407415
0.214266 0.000102249 0.785632
0.172414 0.517241 0.310345
0.13791 0.482772 0.379317
0.63994 0.000100961 0.359959
0.107327 0.0343347 0.858339
0.000102212 0.749898 0.25
0.93333 0.0666698 0
0.370379 0.629621 0
0.108712 0.311963 0.579325
0.000103416 0.517188 0.482709
0.000103084 0.379271 0.620626
9.991e-05 9.99282e-05 0.9998
0.892855 0.107145 0
0.107141 0.892859 0
0.9999 9.95126e-05 0
9.99623e-05 0.9999 0
0.0683184 0.409939 0.521742
0.333334 0.333335 0.333331
0.000103115 0.137906 0.861991
0.148146 0.444439 0.407415
0.103448 0.586207 0.310345
0.175185 0.124074 0.70074
0.206891 0.241412 0.551697
0.357137 0.392863 0.25
0.0344804 0.689672 0.275847
0.250001 0.499999 0.25
0.23999 0.76001 0
0.642849 0.357151 0
0.0666549 9.62903e-05 0.933249
0.133334 0.866666 0
0.500013 0.249987 0.25
0.766671 0.233329 0
0.712787 0.0356394 0.251574
0.000103172 0.241356 0.758541
0.299465 0.187149 0.513386
0.346123 0.000103086 0.653774
0.749898 0.000102146 0.25
0.448283 0.551717 0
0.543704 0.0679472 0.388349
0.0333266 0.966673 0
0.000101039 0.607048 0.39285
0.17242 0.82758 0
0.379314 0.241371 0.379315
0.310341 0.689659 0
0.82759 0.17241 0
0.0666669 0.933333 0
0.576929 0.423071 0
0.0689642 0.137928 0.793108
0.13793 0.103447 0.758624
0.699983 0.300017 0
0.517245 0.172408 0.310347
0.136365 0.613635 0.25
0.250372 0.0681501 0.681478
0.234048 0.401218 0.364734
0.0344629 0.275922 0.689615
0.0689609 0.344829 0.58621
0.647734 0.102266 0.25
0.46424 0.000100373 0.53566
0.214287 0.321431 0.464282
0.275871 0.137929 0.586199
0.428577 0.285713 0.285711
0.310336 0.0689608 0.620703
0.586135 0.000103147 0.413762
0.344838 0.172414 0.482749
0.0669742 0.502392 0.430634
0.432586 0.100132 0.467282
0.285711 0.285711 0.428579
0.0333323 0.0666619 0.900006
0.27582 0.000102954 0.724077
0.206884 0.172413 0.620703
0.517188 0.000103424 0.482709
0.275855 0.448289 0.275856
0.137918 0.344853 0.517228
0.000102313 0.448233 0.551664
0.517241 0.482759 0
0.4 0.6 0
0.448293 0.206868 0.344839
0.0689598 0.206879 0.724161
0.000103315 0.655105 0.344792
