0.4 0.6 0
0.172418 0.275844 0.551739
0.799994 0.200006 0
0.482845 0.137835 0.37932
0.310346 0.413792 0.275862
0.866667 0.133333 0
0.133339 0.866661 0
0.344828 0.172414 0.482758
0.448276 0.103444 0.44828
0.41375 0.0001034 0.586146
0.172411 0.517243 0.310346
0.166662 9.99598e-05 0.833239
0.730762 0.269238 0
0.000103435 0.586147 0.413749
0.0333292 0.966671 0
0.96667 0.0333298 0
0.310348 0.310343 0.37931
0.519993 0.480007 0
0.241394 0.344776 0.41383
0.310342 0.0689654 0.620693
0.357144 0.392856 0.25
0.379364 0.0689595 0.551677
0.142846 0.607154 0.25
9.98608e-05 0.9999 0
0.214273 0.000102227 0.785625
0.275889 0.137926 0.586185
0.185184 0.407408 0.407408
0.444467 0.148142 0.407391
0.00010104 0.639947 0.359952
0.760002 0.239998 0
0.000102234 0.749898 0.25
0.892855 0.107145 0
0.000103431 0.137922 0.861974
0.29946 0.187177 0.513363
0.10729 0.0343351 0.858375
0.689654 0.0344847 0.275862
0.629621 0.370379 0
0.175254 0.123732 0.701014
0.108639 0.311945 0.579416
0.551723 0.448277 0
0.137924 0.103441 0.758635
0.34613 0.000103208 0.653767
0.9999 9.98565e-05 0
0.000103355 0.379272 0.620625
0.464239 0.000100407 0.53566
0.0689602 0.344829 0.586211
0.517188 0.000103395 0.482709
0.241379 0.482759 0.275862
9.1895e-05 9.32151e-05 0.999815
0.23333 0.76667 0
0.310343 0.689657 0
0.482761 0.517239 0
0.333339 0.333334 0.333327
0.370367 0.629633 0
0.107138 0.892862 0
0.82758 0.17242 0
0.000103427 0.517188 0.482709
0.933336 0.0666643 0
0.0356351 0.712791 0.251574
0.749898 0.00010215 0.25
0.253974 0.274369 0.471657
0.5 0.25 0.25
0.396905 0.134054 0.469041
0.103457 0.551684 0.344858
0.607085 0.000101002 0.392814
0.689657 0.310343 0
0.214287 0.249998 0.535715
0.0668799 0.43152 0.5016
0.172418 0.827582 0
0.250789 0.0681177 0.681093
0.000103382 0.241355 0.758541
0.0689645 0.137929 0.793106
0.413373 0.207707 0.37892
0.586038 0.10349 0.310471
0.613635 0.136365 0.25
0.379311 0.27586 0.344829
0.428573 0.571427 0
0.0666612 6.98052e-05 0.933269
0.066659 0.933341 0
0.0669983 0.502393 0.430609
0.206892 0.448279 0.344829
0.214286 0.535714 0.25
0.344831 0.241374 0.413796
0.428575 0.285717 0.285709
0.517241 0.172414 0.310345
0.502397 0.0669831 0.43062
0.275854 0.379314 0.344831
0.137891 0.345015 0.517094
0.033332 0.0666641 0.900004
0.0344721 0.275869 0.689659
0.0689616 0.620692 0.310346
0.142856 0.214285 0.642859
0.275833 0.000103349 0.724064
0.000103333 0.448229 0.551667
0.269232 0.730768 0
0.6 0.4 0
0.206896 0.172411 0.620693
0.103441 0.172402 0.724156
0.137928 0.413792 0.44828
0.655105 0.000103254 0.344792
