0.206888 0.413799 0.379313
0.640001 0.359999 0
0.133342 0.866658 0
0.48276 0.24138 0.275861
0.310344 0.310344 0.379312
0.379313 0.172411 0.448276
0.699989 0.300011 0
0.137916 0.206887 0.655197
0.166668 0.0999877 0.733344
0.200003 0.799997 0
0.392861 0.607139 0
0.0689039 0.655478 0.275618
0.448283 0.0689489 0.482768
0.566665 0.433335 0
0.96668 0.0333204 0
0.0333354 0.966665 0
0.413792 0.310348 0.275861
0.655194 0.0689397 0.275867
0.103445 0.58621 0.310345
0.357152 0.392848 0.25
0.000102381 0.214264 0.785634
0.310313 0.000103361 0.689583
9.17412e-05 7.48634e-05 0.999833
0.000103187 0.653781 0.346116
0.275867 0.172405 0.551728
0.142861 0.42857 0.42857
0.730775 0.269225 0
0.107141 0.892859 0
0.607139 0.392861 0
0.034335 0.107297 0.858368
0.250002 0.392854 0.357144
0.344839 0.0689637 0.586197
0.714289 0.0357108 0.25
0.857138 0.142862 0
0.105075 0.299501 0.595424
9.98166e-05 0.9999 0
0.240002 0.240002 0.519996
0.9999 9.99911e-05 0
0.933328 0.0666722 0
0.137891 0.34485 0.517259
0.482759 0.517241 0
0.48271 0.000103343 0.517187
0.00010309 0.346126 0.653771
0.586208 0.103447 0.310345
9.9868e-05 0.166659 0.833241
0.000103424 0.517187 0.48271
0.629564 0.000100966 0.370335
0.39283 0.250013 0.357157
0.285714 0.285714 0.428572
0.428571 0.142858 0.428571
0.357144 0.642856 0
0.10343 0.000103273 0.896466
0.0666684 0.933332 0
0.233335 0.766665 0
0.517245 0.103443 0.379313
0.333327 0.333327 0.333346
0.0356414 0.712781 0.251577
0.233345 9.98562e-05 0.766555
0.535724 0.214276 0.25
0.800001 0.199999 0
0.214311 0.142864 0.642825
0.73327 9.97501e-05 0.26663
0.0678283 0.389522 0.54265
0.166652 0.833348 0
0.000103264 0.275815 0.724081
0.423078 0.576922 0
0.137931 0.0689651 0.793104
0.310345 0.206898 0.482758
0.538441 0.461559 0
0.299995 0.700005 0
0.00010214 0.749898 0.25
0.241383 0.0689481 0.689669
0.12476 0.168274 0.706967
0.533335 0.0333299 0.433335
0.241371 0.482769 0.27586
0.214283 0.321445 0.464272
0.204543 0.545457 0.25
0.464261 0.285739 0.25
0.0672848 0.538086 0.394629
0.10344 0.137922 0.758637
0.0689623 0.241414 0.689624
0.17426 0.487929 0.337811
0.413795 0.0344786 0.551727
0.766656 0.233344 0
9.5797e-05 0.0666579 0.933246
0.482765 0.172411 0.344823
9.99781e-05 0.433292 0.566608
0.61363 0.13637 0.25
0.136362 0.613638 0.25
0.285707 0.464293 0.25
0.172413 0.24139 0.586197
0.166659 9.99552e-05 0.833241
0.0689685 0.448251 0.482781
0.379309 0.103457 0.517234
0.379275 0.000103251 0.620621
0.666667 0.333333 0
0.9 0.0999996 0
0.000102885 0.586149 0.413748
0.266692 0.733308 0
0.275859 0.103448 0.620692
