0.517241 0.172414 0.310345
0.6 0.4 0
0.199999 0.800001 0
0.275862 0.172413 0.551724
0.137772 0.483354 0.378873
0.413793 0.310345 0.275862
0.866667 0.133333 0
0.172414 0.344827 0.482759
0.103449 0.448275 0.448276
0.275863 0.379309 0.344828
0.480001 0.519999 0
0.000103403 0.41375 0.586146
9.77415e-05 0.16665 0.833252
0.269231 0.730769 0
0.586146 0.000103428 0.41375
0.0333351 0.966665 0
0.966667 0.0333332 0
0.310345 0.310345 0.37931
0.344825 0.24138 0.413795
0.068965 0.310345 0.62069
0.137914 0.000103115 0.861983
0.103452 0.586193 0.310356
0.379271 0.000103421 0.620625
0.206897 0.0689655 0.724138
0.148148 0.444445 0.407407
0.000102466 0.214263 0.785634
0.241355 0.000103393 0.758542
0.407409 0.185183 0.407407
9.80056e-05 0.0666601 0.933242
0.187163 0.299461 0.513377
0.000100426 0.464239 0.535661
0.000103427 0.517187 0.482709
0.000102119 0.749898 0.25
9.99425e-05 0.9999 0
0.285714 0.42857 0.285716
0.448275 0.551725 0
0.712789 0.0356425 0.251568
0.275863 0.0344822 0.689654
0.370372 0.629628 0
9.19345e-05 9.84731e-05 0.99981
0.9999 9.99533e-05 0
0.311897 0.108648 0.579455
0.333333 0.333333 0.333334
0.517241 0.482759 0
0.239999 0.760001 0
0.62963 0.37037 0
0.123934 0.175213 0.700853
0.517187 0.000103414 0.482709
0.392856 0.357144 0.25
0.689657 0.310343 0
0.273206 0.254378 0.472416
0.13433 0.396765 0.468905
0.0344835 0.689655 0.275862
0.0343343 0.107296 0.85837
0.433328 0.0666673 0.500005
0.639934 0.000101036 0.359965
0.766667 0.233333 0
0.607142 0.142858 0.25
0.206916 0.413783 0.379301
0.482759 0.241379 0.275862
0.0689654 0.379311 0.551723
0.107143 0.892857 0
0.25 0.5 0.25
0.551721 0.103449 0.34483
0.172414 0.827586 0
0.310345 0.689655 0
0.172413 0.517242 0.310345
0.749898 0.000102212 0.25
0.827588 0.172412 0
0.133333 0.866667 0
0.172413 0.206897 0.62069
0.214282 0.142855 0.642863
0.068103 0.25088 0.681017
0.137929 0.0689645 0.793107
0.136363 0.613637 0.25
0.571429 0.428571 0
0.0666668 0.933333 0
0.933333 0.0666668 0
0.50239 0.0669864 0.430623
0.000103223 0.346118 0.653779
0.137931 0.275862 0.586206
0.892857 0.107143 0
0.535714 0.214286 0.25
0.241379 0.344827 0.413795
0.0669851 0.502392 0.430623
0.379307 0.275863 0.344829
0.344828 0.0689632 0.586209
0.103448 0.137928 0.758625
0.344895 0.137917 0.517188
0.620693 0.0689598 0.310347
0.000101142 0.607082 0.392817
0.464404 0.178372 0.357224
0.250001 0.21428 0.535719
0.448229 0.000103322 0.551667
0.730769 0.269231 0
0.00010343 0.275833 0.724063
0.4 0.6 0
0.000103437 0.655104 0.344793
0.0666677 0.0333338 0.899998
0.413793 0.137931 0.448276
