7.87382e-07 0.0333204 0.966679
0.241356 0.137937 0.620707
0.448281 0.103443 0.448276
0.379339 0.31033 0.310331
0.482759 0.24138 0.275861
0.699972 0.300028 0
0.37933 0.206856 0.413814
0.379312 0.137929 0.482759
0.482785 0.1379 0.379314
0.392865 0.607135 0
0.172408 0.275862 0.55173
0.0687862 0.656062 0.275152
0.566662 0.433338 0
0.766659 0.233341 0
0.966676 0.0333243 0
0.0333259 0.966674 0
0.27584 0.310355 0.413805
0.655182 0.0689522 0.275866
0.250056 0.392722 0.357223
0.142696 0.0342922 0.823012
0.2 0.8 0
0.100003 9.26137e-05 0.899904
0.105259 0.298281 0.59646
0.357099 0.000101477 0.6428
0.357146 0.392854 0.25
0.261308 0.105527 0.633165
0.000103157 0.653778 0.346118
0.142857 0.428575 0.428569
0.444439 0.259254 0.296307
0.107139 0.892861 0
0.40918 0.147707 0.443113
0.29995 9.96171e-05 0.699951
0.357147 0.642853 0
0.174256 0.487933 0.337811
0.239997 0.239997 0.520005
0.48271 0.000103374 0.517187
0.585674 0.103581 0.310745
0.413797 0.24138 0.344822
0.000103339 0.517187 0.48271
9.87881e-05 9.79014e-05 0.999803
0.333329 0.333329 0.333342
0.137935 0.344831 0.517235
0.300012 0.699988 0
0.933332 0.0666676 0
9.9814e-05 0.9999 0
0.0745337 0.185093 0.740373
0.38071 0.0344052 0.584885
0.482762 0.517238 0
0.241378 0.482761 0.275861
0.344834 0.275853 0.379313
0.714287 0.0357133 0.25
0.730772 0.269228 0
0.000103058 0.3461 0.653797
0.066663 0.933337 0
0.266666 0.733334 0
0.204529 0.545471 0.25
0.233325 0.766675 0
0.0356322 0.712796 0.251572
0.103449 0.586206 0.310345
0.5666 9.98562e-05 0.4333
0.85714 0.14286 0
0.000103425 0.137935 0.861962
0.428585 0.321415 0.25
0.535712 0.214288 0.25
0.62959 0.00010091 0.370309
0.0689561 0.241403 0.689641
0.0679414 0.388521 0.543537
0.73326 9.99593e-05 0.26664
0.172422 0.13793 0.689648
0.799997 0.200003 0
0.538464 0.461536 0
0.423077 0.576923 0
0.321428 0.214285 0.464287
0.517237 0.0689723 0.41379
0.666666 0.333334 0
0.000103412 0.241384 0.758513
0.0333345 0.0666695 0.899996
0.000102062 0.749898 0.25
0.214284 0.321429 0.464287
0.607145 0.392855 0
0.0672674 0.538118 0.394615
0.206884 0.000103403 0.793012
0.206897 0.206897 0.586206
0.9999 9.97186e-05 0
0.34482 0.103449 0.55173
0.464433 0.178316 0.357251
9.96848e-05 0.433288 0.566612
0.166661 0.833339 0
0.613629 0.136371 0.25
0.136364 0.613636 0.25
0.28571 0.46429 0.25
0.103447 0.103447 0.793106
0.206903 0.0689594 0.724138
0.899995 0.100005 0
0.137933 0.241371 0.620697
0.00010342 0.586146 0.413751
0.275859 0.17241 0.55173
0.43061 0.0669836 0.502406
0.0333322 0.166668 0.799999
0.068965 0.448276 0.482759
