0.103444 0.275863 0.620693
0.37931 0.310345 0.310345
0.310345 0.310345 0.37931
0.137931 0.482759 0.37931
0.866666 0.133334 0
0.480001 0.519999 0
0.41375 0.000103423 0.586146
0.620691 0.068964 0.310345
0.0689501 0.344833 0.586217
0.269232 0.730768 0
0.586139 0.000103374 0.413757
0.137931 0.413792 0.448277
0.0333287 0.966671 0
0.966669 0.0333312 0
0.357144 0.392856 0.25
0.379327 0.0689636 0.551709
0.214283 0.321422 0.464295
0.16671 9.99374e-05 0.83319
0.586213 0.137929 0.275858
0.310346 0.241377 0.448277
0.107142 0.892858 0
0.10345 0.586199 0.310351
0.214279 0.000102433 0.785618
0.892859 0.107141 0
0.464236 0.000100368 0.535663
0.000103369 0.379271 0.620626
0.639936 0.000101011 0.359963
0.206893 0.448278 0.344829
0.642859 0.357141 0
0.933333 0.0666668 0
0.133336 0.866664 0
0.00010339 0.44823 0.551667
0.37037 0.62963 0
0.607121 0.392879 0
0.107301 0.0343347 0.858365
0.108716 0.311949 0.579335
0.14286 0.214289 0.642851
0.448277 0.206894 0.344829
0.444445 0.148148 0.407407
0.299396 0.187369 0.513235
8.51785e-05 0.19998 0.799935
0.206899 0.172406 0.620696
0.517188 0.000103437 0.482709
0.766669 0.233331 0
0.200001 0.799999 0
0.0344779 0.137911 0.827611
0.9999 9.96993e-05 0
0.0344939 0.689647 0.275859
0.428566 0.285716 0.285718
0.000102245 0.749898 0.25
9.99867e-05 0.9999 0
0.712786 0.0356408 0.251573
0.136373 0.613627 0.25
0.239999 0.760001 0
0.344828 0.172414 0.482758
9.82953e-05 9.26758e-05 0.999809
0.333333 0.333333 0.333333
0.517241 0.482759 0
0.275834 0.000103422 0.724063
0.175253 0.123717 0.70103
0.000103392 0.517188 0.482709
0.000103404 0.241355 0.758541
0.5 0.25 0.25
0.25 0.5 0.25
0.448267 0.551733 0
0.000101141 0.607076 0.392823
0.749898 0.000102216 0.25
0.172415 0.827585 0
0.48276 0.137929 0.379311
0.310343 0.689657 0
0.827585 0.172415 0
0.576926 0.423074 0
0.250792 0.0681098 0.681098
0.379312 0.241377 0.379312
0.699999 0.300001 0
0.517241 0.172414 0.310345
0.0683185 0.409943 0.521739
0.543687 0.0679675 0.388345
0.234043 0.401214 0.364744
0.0666673 0.933333 0
0.0344819 0.275866 0.689652
0.206899 0.241379 0.551722
0.137928 0.103448 0.758624
0.066664 1.32379e-05 0.933323
0.346126 0.000103212 0.653771
0.647732 0.102268 0.25
0.148148 0.444445 0.407407
0.275862 0.448276 0.275862
0.172414 0.517241 0.310345
0.275863 0.137931 0.586206
9.83718e-05 0.0999864 0.899915
0.0669874 0.502384 0.430629
0.285715 0.285715 0.428571
0.431875 0.100258 0.467868
0.137832 0.345297 0.516871
0.310345 0.0689641 0.620691
0.400002 0.599998 0
0.103446 0.172414 0.724139
0.000103398 0.655105 0.344792
0.733334 0.266666 0
