0.310385 0.206747 0.482868
0.206922 0.482718 0.310359
0.000100991 0.607081 0.392818
0.800007 0.199993 0
0.137931 0.413793 0.448276
0.866666 0.133334 0
0.519999 0.480001 0
0.517239 0.137933 0.344828
9.96873e-05 0.26667 0.73323
0.068886 0.655567 0.275547
0.730764 0.269236 0
0.0333303 0.96667 0
0.166674 0.0333348 0.799991
0.413793 0.310345 0.275862
0.517169 0.000103433 0.482728
0.103474 0.58617 0.310355
0.586188 0.103453 0.310359
0.000100853 0.18511 0.814789
8.97688e-05 9.76911e-05 0.999813
0.310343 0.310343 0.379314
0.000103013 0.653779 0.346118
0.107141 0.892859 0
0.749898 0.000102198 0.25
0.689658 0.310342 0
0.148147 0.444441 0.407412
0.0714284 0.0714284 0.857143
0.629623 0.370377 0
0.000103241 0.517169 0.482728
0.214322 0.000102333 0.785575
0.239999 0.239999 0.520002
9.96985e-05 0.9999 0
0.0333202 0.03333 0.93335
0.000103432 0.37927 0.620626
0.392854 0.357146 0.25
0.310345 0.103448 0.586207
0.068967 0.482756 0.448277
0.172415 0.551723 0.275862
0.760001 0.239999 0
0.266667 0.733333 0
0.551723 0.448277 0
0.136363 0.613637 0.25
0.966668 0.0333317 0
0.444445 0.148148 0.407406
0.333336 0.333336 0.333328
0.216901 0.313143 0.469957
0.0356472 0.712778 0.251575
0.5 0.25 0.25
0.357142 0.642858 0
0.392869 0.607131 0
0.392818 0.0001011 0.607081
0.346113 0.000103207 0.653784
0.689653 0.0344864 0.275861
0.142856 0.214291 0.642853
0.249976 0.392869 0.357155
0.482761 0.517239 0
0.0693495 0.348995 0.581656
0.233331 0.766669 0
0.9999 9.99891e-05 0
0.502396 0.066982 0.430622
0.00010194 0.319945 0.679954
0.892857 0.107143 0
0.413793 0.137931 0.448276
0.25 0.5 0.25
0.172418 0.275862 0.551721
0.607081 0.000101104 0.392818
0.425561 0.0337905 0.540649
0.827583 0.172417 0
0.357208 0.214256 0.428536
0.551738 0.172401 0.275862
0.0999955 3.71006e-05 0.899967
0.166667 0.833333 0
0.42307 0.57693 0
0.300047 0.699953 0
0.0689645 0.206893 0.724142
0.0335469 0.429561 0.536892
0.000102062 0.749898 0.25
0.246736 0.068478 0.684786
0.613635 0.136365 0.25
0.464263 0.214283 0.321454
0.933333 0.0666666 0
0.0666664 0.933334 0
9.89859e-05 0.0999895 0.899911
0.034454 0.551754 0.413792
0.137908 0.103431 0.758661
0.275861 0.172412 0.551727
0.168413 0.124737 0.70685
0.395666 0.100755 0.503579
0.100718 0.395684 0.503598
0.379326 0.275834 0.344839
0.275862 0.275862 0.448276
0.2 0.8 0
0.206891 0.172414 0.620694
0.206895 0.413788 0.379316
0.134652 0.504848 0.3605
0.103448 0.275862 0.62069
0.275829 0.000103417 0.724067
0.0344762 0.172397 0.793127
0.599999 0.400001 0
0.310372 0.413768 0.27586
0.655104 0.000103361 0.344792
