0.48276 0.137928 0.379311
0.6 0.4 0
0.275863 0.172411 0.551726
0.200004 0.799996 0
0.137906 0.482851 0.379243
0.133334 0.866666 0
0.866666 0.133334 0
0.172413 0.344826 0.482761
0.10344 0.44828 0.44828
0.344828 0.206896 0.448276
0.275861 0.379311 0.344828
0.000103431 0.41375 0.586146
9.97284e-05 0.166671 0.833229
0.344828 0.068965 0.586207
0.269231 0.730769 0
0.586146 0.000103408 0.413751
0.966665 0.0333346 0
0.0333335 0.966667 0
0.0689655 0.310345 0.62069
0.448276 0.551724 0
0.000103228 0.346111 0.653786
0.0689542 0.379413 0.551633
0.137911 0.000103371 0.861986
0.241381 0.344823 0.413796
0.607145 0.142855 0.25
0.103448 0.586206 0.310345
0.0666649 0.0333325 0.900003
0.000102446 0.214261 0.785637
0.344829 0.275861 0.379309
0.407406 0.185185 0.407408
0.892862 0.107138 0
0.639933 0.000100904 0.359966
0.62963 0.37037 0
0.187166 0.299466 0.513368
0.0343355 0.107292 0.858373
0.000102254 0.749898 0.25
0.370382 0.629618 0
0.392856 0.357144 0.25
0.311965 0.108637 0.579398
0.000103424 0.517188 0.482709
0.172415 0.827585 0
9.98881e-05 0.9999 0
0.148131 0.444507 0.407362
0.310342 0.689658 0
7.88595e-05 9.39601e-05 0.999827
0.517188 0.000103407 0.482709
0.333332 0.333334 0.333334
0.274644 0.253875 0.471481
0.0669885 0.502393 0.430618
0.766667 0.233333 0
0.000103417 0.655105 0.344792
0.712782 0.0356426 0.251575
0.9999 9.99498e-05 0
0.480004 0.519996 0
0.107143 0.892857 0
0.448272 0.206898 0.34483
0.123929 0.175214 0.700858
0.482762 0.241381 0.275857
0.240001 0.759999 0
0.749898 0.000102257 0.25
0.241353 0.00010337 0.758543
0.0344867 0.689656 0.275857
0.51724 0.48276 0
0.25 0.5 0.25
0.448229 0.000103396 0.551667
0.551725 0.103447 0.344828
0.214276 0.142851 0.642874
0.689655 0.310345 0
0.433269 0.0666743 0.500057
0.827586 0.172414 0
0.517241 0.172414 0.310345
0.0681004 0.250901 0.680999
0.379271 0.000103386 0.620626
0.206899 0.413792 0.379309
0.136364 0.613636 0.25
9.55187e-05 0.0666584 0.933246
0.10344 0.137931 0.758629
0.933333 0.0666673 0
0.0666599 0.93334 0
0.249999 0.214286 0.535715
0.275869 0.0344816 0.68965
0.000100398 0.46424 0.53566
0.502399 0.0669825 0.430618
0.571429 0.428571 0
0.13793 0.275866 0.586204
0.000101168 0.607067 0.392832
0.413793 0.275862 0.310345
0.535716 0.214284 0.25
0.285715 0.428572 0.285714
0.172413 0.517242 0.310345
0.34483 0.13793 0.51724
0.620692 0.0689615 0.310346
0.000103425 0.275832 0.724065
0.137927 0.0689637 0.793109
0.134096 0.396873 0.469031
0.730769 0.269231 0
0.413793 0.137931 0.448276
0.4 0.6 0
0.172414 0.206897 0.62069
0.206895 0.068965 0.72414
