0.517242 0.103448 0.37931
0.800001 0.199999 0
0.200003 0.799997 0
0.275859 0.172414 0.551726
0.206895 0.379311 0.413794
0.448282 0.241377 0.310342
0.172413 0.103448 0.724139
0.866665 0.133335 0
0.133333 0.866667 0
0.137931 0.24138 0.620688
0.4 0.6 0
0.519998 0.480002 0
0.275862 0.413793 0.310345
0.730768 0.269232 0
0.137931 0.448276 0.413793
0.966667 0.0333331 0
0.0333329 0.966667 0
0.0344486 0.379921 0.58563
0.425849 0.0337731 0.540377
0.103449 0.551723 0.344827
0.315793 0.434207 0.25
0.407587 0.295987 0.296427
0.310345 0.103448 0.586207
0.239999 0.239999 0.520003
0.137916 0.000103387 0.861981
0.551724 0.448276 0
0.147732 0.40909 0.443178
0.0357145 0.714286 0.25
0.430927 0.100424 0.468649
0.24138 0.482757 0.275863
0.00010255 0.615323 0.384575
0.6 0.4 0
0.269232 0.730768 0
0.0344831 0.655169 0.310348
0.166675 0.0333349 0.79999
0.629629 0.370371 0
0.517186 0.000103365 0.482711
9.97547e-05 0.0999904 0.89991
9.9799e-05 0.9999 0
0.000103375 0.482713 0.517184
9.99806e-05 0.29997 0.69993
0.0666662 0.933334 0
8.70204e-05 9.88559e-05 0.999814
0.586156 0.103461 0.310383
0.206897 0.206897 0.586207
0.749898 0.000102097 0.25
0.346118 0.000103045 0.653779
0.206896 0.448277 0.344827
0.68965 0.0344906 0.27586
0.333333 0.333333 0.333334
0.9999 9.99588e-05 0
0.239999 0.760001 0
0.482759 0.517241 0
0.107143 0.892857 0
0.310345 0.310345 0.37931
0.185182 0.0740953 0.740723
0.105577 0.260964 0.63346
0.892858 0.107142 0
0.655105 0.000103431 0.344792
0.76 0.24 0
0.310342 0.689658 0
0.366667 0.633333 0
0.204194 0.544501 0.251305
0.5 0.25 0.25
0.137931 0.172414 0.689655
0.321426 0.214284 0.46429
9.9911e-05 0.73326 0.26664
0.607081 0.000101179 0.392818
0.827584 0.172416 0
0.172413 0.827587 0
0.178567 0.32144 0.499992
0.241358 0.000103374 0.758539
0.428571 0.571429 0
0.136366 0.613634 0.25
0.613632 0.136368 0.25
0.24138 0.137932 0.620688
0.392832 0.000101157 0.607067
0.933333 0.0666666 0
0.0342793 0.14302 0.8227
0.000103331 0.206876 0.79302
0.0689629 0.517243 0.413794
0.482759 0.172414 0.344827
0.249997 0.357145 0.392858
0.0666665 0.0333332 0.9
0.000101478 0.357107 0.642791
0.345443 0.137802 0.516755
0.502397 0.0669694 0.430634
0.444442 0.148147 0.40741
0.275863 0.0344804 0.689657
0.689656 0.310344 0
0.103447 0.344827 0.551725
0.392857 0.357143 0.25
0.103448 0.103448 0.793103
0.0689652 0.206896 0.724139
0.379305 0.241381 0.379314
0.551727 0.17241 0.275863
0.172413 0.517241 0.310345
0.0669839 0.430629 0.502387
0.275862 0.275862 0.448276
0.000103401 0.551667 0.44823
