0.799997 0.200003 0
0.2 0.8 0
0.310345 0.310345 0.37931
0.37931 0.206897 0.413793
0.24138 0.448276 0.310345
0.103447 0.172414 0.724139
0.133338 0.866662 0
0.866667 0.133333 0
0.241382 0.137929 0.62069
0.6 0.4 0
0.48 0.52 0
0.730768 0.269232 0
0.269234 0.730766 0
0.103448 0.517242 0.37931
0.448272 0.137932 0.413796
0.0333309 0.966669 0
0.966667 0.0333328 0
0.000103428 0.655105 0.344792
0.100286 0.431713 0.468
0.0333333 0.166667 0.8
0.733259 9.9963e-05 0.266641
0.357103 0.000101476 0.642795
0.379379 0.034479 0.586143
0.0999907 9.99832e-05 0.899909
0.10345 0.5862 0.310349
0.206875 0.000103433 0.793022
0.00010328 0.137918 0.861979
0.409087 0.147729 0.443184
0.633332 0.366668 0
0.892857 0.107143 0
0.615324 0.000102505 0.384573
0.142817 0.0342875 0.822896
0.24 0.24 0.520001
0.0338148 0.425136 0.541049
0.172414 0.275861 0.551724
0.03448 0.275863 0.689657
0.482709 0.000103372 0.517188
0.613636 0.136364 0.25
0.148148 0.444444 0.407407
9.99273e-05 0.9999 0
0.413793 0.275862 0.310345
0.551667 0.000103361 0.44823
0.714287 0.0357129 0.25
0.296248 0.407436 0.296316
0.370376 0.629624 0
0.00010339 0.241356 0.758541
0.689662 0.310338 0
0.10345 0.310332 0.586218
0.000103193 0.346123 0.653774
9.47546e-05 9.76939e-05 0.999808
0.000103397 0.517186 0.482711
0.517241 0.482759 0
0.00010224 0.749898 0.25
0.261069 0.105561 0.63337
0.172414 0.827586 0
0.107143 0.892857 0
0.24 0.76 0
0.9999 9.99495e-05 0
0.0666677 0.933332 0
0.551724 0.103448 0.344827
0.544503 0.204189 0.251308
0.357143 0.392857 0.25
0.0740744 0.185185 0.74074
0.299964 9.9976e-05 0.699936
0.76 0.24 0
0.827586 0.172414 0
0.249999 0.500001 0.25
0.214285 0.321428 0.464286
0.0344881 0.689651 0.275861
0.0001011 0.607081 0.392818
0.172414 0.137932 0.689654
0.357143 0.25 0.392857
0.310344 0.689656 0
0.448275 0.206898 0.344827
0.43421 0.31579 0.25
0.321429 0.178571 0.5
0.571428 0.428572 0
0.448276 0.551724 0
0.136366 0.613634 0.25
0.137931 0.24138 0.62069
0.933332 0.0666685 0
0.000101173 0.392817 0.607082
0.517245 0.0689591 0.413796
0.172414 0.482759 0.344827
0.0333332 0.0666666 0.9
0.206897 0.206897 0.586207
0.137923 0.344867 0.51721
0.333334 0.333334 0.333333
0.0666708 0.49997 0.433359
0.655173 0.0689647 0.275862
0.482759 0.241379 0.275862
0.103448 0.103448 0.793104
0.344904 0.103436 0.55166
0.206896 0.0689652 0.724139
0.241379 0.37931 0.37931
0.172412 0.551726 0.275862
0.4 0.6 0
0.430621 0.0669869 0.502392
0.517242 0.172413 0.310345
0.275862 0.275862 0.448275
