0.0337518 0.426186 0.540062
0.640016 0.359984 0
0.133381 0.866619 0
0.137814 0.206616 0.655569
0.241356 0.482701 0.275943
0.379329 0.172414 0.448258
0.69995 0.30005 0
0.199889 0.800111 0
0.413794 0.0344815 0.551724
0.392868 0.607132 0
9.9932e-05 0.166652 0.833249
0.0666739 0.666639 0.266687
0.566688 0.433312 0
0.766626 0.233374 0
0.0333263 0.966674 0
0.448254 0.0689642 0.482782
0.266682 0.733318 0
0.0689618 0.482785 0.448254
0.933335 0.0666646 0
0.10343 0.000103427 0.896467
0.250076 0.392656 0.357269
0.000102439 0.214273 0.785625
0.275832 0.000103361 0.724064
0.103475 0.586103 0.310423
0.428576 0.14285 0.428574
0.31033 0.310251 0.379419
0.142985 0.428593 0.428421
0.344847 0.0689722 0.58618
0.9999 9.95955e-05 0
0.214282 0.142853 0.642865
0.607135 0.392865 0
0.357169 0.642831 0
0.000102129 0.346129 0.653769
0.0343364 0.107333 0.858331
0.107146 0.892854 0
0.857109 0.142891 0
0.000102899 0.517189 0.482708
0.000103063 0.653867 0.34603
0.482711 0.000102113 0.517187
0.240001 0.240001 0.519998
0.000100159 0.39282 0.60708
0.666665 0.333335 0
0.204552 0.545448 0.25
0.206897 0.0689613 0.724142
0.0690832 0.390855 0.540062
0.333336 0.333336 0.333327
9.85336e-05 9.34451e-05 0.999808
9.95513e-05 0.9999 0
0.285717 0.285714 0.428569
0.966684 0.0333156 0
0.730766 0.269234 0
0.48276 0.51724 0
0.124761 0.168254 0.706985
0.586119 0.103478 0.310403
0.629631 8.49939e-05 0.370284
0.714289 0.0357108 0.25
0.299955 0.0333346 0.66671
0.357143 0.392857 0.25
0.233319 9.95263e-05 0.766581
0.233334 0.766666 0
0.0356388 0.71279 0.251572
0.275872 0.103439 0.620689
0.392397 0.250188 0.357415
0.73326 9.90081e-05 0.266641
0.27586 0.172416 0.551724
0.799996 0.200004 0
0.137935 0.0689676 0.793097
0.000102855 0.275833 0.724064
0.166669 0.833331 0
0.423075 0.576925 0
0.310353 0.206893 0.482754
0.535708 0.214292 0.25
0.53846 0.46154 0
0.51719 0.103391 0.379419
0.299976 0.700024 0
0.00010132 0.749899 0.25
0.533456 0.0332938 0.43325
0.482714 0.241368 0.275918
0.379264 0.000103111 0.620633
0.214277 0.32142 0.464303
0.285467 0.464533 0.25
0.464249 0.285751 0.25
0.0671434 0.538055 0.394802
0.0684775 0.246745 0.684778
0.136269 0.613731 0.25
0.174224 0.487879 0.337897
0.0666668 0.933333 0
9.34779e-05 0.0666543 0.933252
0.105282 0.299152 0.595566
0.482758 0.172415 0.344827
0.379299 0.103451 0.51725
0.613638 0.136362 0.25
0.103443 0.137933 0.758624
0.172397 0.241442 0.586161
0.137922 0.344874 0.517204
0.166649 9.56519e-05 0.833255
0.899987 0.100013 0
0.000102932 0.586102 0.413795
0.655178 0.0689565 0.275865
0.41387 0.31035 0.275779
