0.137916 0.482767 0.379317
0.399999 0.600001 0
0.799999 0.200001 0
0.172412 0.275863 0.551726
0.482761 0.13793 0.379308
0.866664 0.133336 0
0.133334 0.866666 0
0.344827 0.172414 0.482759
0.448279 0.103442 0.448279
0.379306 0.275864 0.34483
0.519991 0.480009 0
0.41375 0.000103395 0.586146
0.172406 0.517246 0.310348
0.166643 9.35447e-05 0.833264
0.06896 0.344829 0.58621
0.966671 0.0333289 0
0.0333334 0.966667 0
0.655105 0.000103419 0.344792
0.310342 0.0689654 0.620692
0.142858 0.607142 0.25
0.586188 0.103453 0.310359
0.23333 0.76667 0
0.214273 0.000102369 0.785625
0.175257 0.123715 0.701028
0.00010343 0.379272 0.620625
0.0689568 0.620696 0.310348
0.10714 0.89286 0
0.275833 0.000103257 0.724064
0.892857 0.107143 0
0.000103267 0.137896 0.862
9.83931e-05 9.84865e-05 0.999803
0.37037 0.62963 0
0.254162 0.273829 0.472008
0.275872 0.137929 0.586199
0.299463 0.187165 0.513372
0.730759 0.269241 0
0.517188 0.000103419 0.482709
0.444446 0.148146 0.407408
0.629621 0.370379 0
0.107293 0.0343439 0.858363
0.396885 0.134073 0.469042
0.108692 0.311624 0.579684
0.000103411 0.517188 0.482709
0.00010104 0.639936 0.359963
9.99826e-05 0.9999 0
0.185186 0.407405 0.407409
0.357143 0.392857 0.25
0.000103432 0.586146 0.41375
0.428568 0.285712 0.28572
0.689675 0.0344805 0.275844
0.6 0.4 0
0.346116 0.000103182 0.653781
0.413793 0.206897 0.37931
0.749898 0.000102253 0.25
0.9999 9.99878e-05 0
0.482759 0.517241 0
0.241379 0.482759 0.275862
0.333331 0.333332 0.333338
0.379343 0.0689619 0.551696
0.68966 0.31034 0
0.000103402 0.241354 0.758543
0.5 0.25 0.25
0.760005 0.239995 0
0.0356382 0.712792 0.25157
0.103449 0.551722 0.344829
0.142857 0.214285 0.642858
0.310342 0.689658 0
0.0665992 9.78447e-05 0.933303
0.607081 0.000101154 0.392818
0.827584 0.172416 0
0.000102196 0.749898 0.25
0.0666848 0.433181 0.500134
0.2069 0.448268 0.344833
0.172413 0.827587 0
0.250378 0.0681479 0.681474
0.0689656 0.137931 0.793103
0.613636 0.136364 0.25
0.551726 0.448274 0
0.428571 0.571429 0
0.93334 0.0666602 0
0.0666701 0.93333 0
0.214279 0.249996 0.535725
0.034483 0.275861 0.689656
0.46424 0.000100416 0.53566
0.206897 0.344825 0.448277
0.000103269 0.44823 0.551667
0.214281 0.535718 0.250002
0.344828 0.241381 0.413792
0.517243 0.172412 0.310346
0.502391 0.0669861 0.430623
0.275857 0.344839 0.379304
0.137924 0.344862 0.517214
0.0669797 0.502396 0.430624
0.0333254 0.0666516 0.900023
0.269231 0.730769 0
0.13793 0.103448 0.758622
0.206897 0.172411 0.620692
0.103445 0.172407 0.724147
0.137925 0.413796 0.448279
0.275862 0.413794 0.310345
