0.4 0.6 0
0.8 0.2 0
0.172409 0.27586 0.551731
0.0666591 0.0666223 0.866719
0.482817 0.137877 0.379307
0.133334 0.866666 0
0.866657 0.133343 0
0.448278 0.103446 0.448276
0.379341 0.275824 0.344835
0.206887 0.344833 0.44828
0.172414 0.517241 0.310346
0.166659 9.98229e-05 0.833241
0.0689586 0.344829 0.586212
0.730768 0.269232 0
0.000101345 0.58615 0.413748
0.966679 0.0333215 0
0.0333228 0.966677 0
0.310344 0.0689652 0.62069
0.655102 0.000103134 0.344795
0.379301 0.0689682 0.551731
0.142887 0.607113 0.25
0.241379 0.482759 0.275862
0.214271 0.000102392 0.785626
0.689629 0.0345191 0.275852
0.185153 0.407401 0.407446
0.344818 0.172408 0.482774
0.357142 0.392858 0.25
0.413736 0.000102813 0.586162
0.502407 0.0669796 0.430614
0.444558 0.148119 0.407323
0.254954 0.271564 0.473482
0.107145 0.892855 0
0.175191 0.124022 0.700787
0.892857 0.107143 0
0.10733 0.0343335 0.858336
0.629618 0.370382 0
0.000102017 0.379274 0.620624
0.108685 0.311669 0.579646
0.370369 0.629631 0
0.517188 0.000103331 0.482709
0.000103423 0.517187 0.482709
9.83962e-05 9.48802e-05 0.999807
0.749898 0.000101912 0.25
0.333328 0.333328 0.333345
0.9999 9.98447e-05 0
9.89903e-05 0.999901 0
0.482768 0.517232 0
0.275869 0.137932 0.586199
0.76 0.24 0
0.233329 0.766671 0
0.000102939 0.137919 0.861978
0.428599 0.285733 0.285668
0.520001 0.479999 0
0.586264 0.103389 0.310347
0.0356452 0.712786 0.251568
0.551729 0.448271 0
0.346119 0.000103004 0.653778
0.0669836 0.502403 0.430613
9.96988e-05 0.639958 0.359942
0.137877 0.345088 0.517035
0.000101764 0.749898 0.25
0.103452 0.551707 0.34484
0.142853 0.21428 0.642866
0.310335 0.689665 0
0.396878 0.134092 0.46903
0.607065 0.000100929 0.392834
0.827582 0.172418 0
0.689659 0.310341 0
0.0668502 0.431746 0.501404
0.275862 0.344831 0.379307
0.250871 0.0681123 0.681017
0.0689648 0.13793 0.793105
0.413791 0.206903 0.379307
0.613637 0.136363 0.25
0.428563 0.571437 0
0.0666586 4.30068e-05 0.933298
0.0666664 0.933334 0
0.933335 0.0666652 0
0.0344814 0.275873 0.689645
0.214278 0.250003 0.535719
0.46424 0.000100296 0.53566
0.517247 0.172407 0.310347
0.000102865 0.241358 0.758539
0.344825 0.24138 0.413794
0.137915 0.103437 0.758648
0.500003 0.249997 0.25
3.11327e-05 0.0666643 0.933305
0.206898 0.44827 0.344832
0.0689478 0.620702 0.31035
0.000102775 0.448251 0.551646
0.275821 0.000103378 0.724075
0.269241 0.730759 0
0.6 0.4 0
0.172431 0.827569 0
0.206891 0.172414 0.620695
0.0689617 0.206885 0.724153
0.299467 0.187167 0.513367
0.137931 0.413795 0.448274
0.214223 0.535758 0.250019
0.275862 0.413793 0.310346
