0.4 0.6 0
0.172413 0.275862 0.551725
0.8 0.2 0
0.482759 0.13793 0.379311
0.137904 0.482778 0.379317
0.866667 0.133333 0
0.133333 0.866667 0
0.448278 0.103445 0.448277
0.379318 0.275854 0.344828
0.413751 0.000103356 0.586146
0.172412 0.517242 0.310345
0.166652 7.90888e-05 0.833269
0.730755 0.269245 0
0.000103278 0.586146 0.413751
0.96667 0.0333303 0
0.310344 0.068965 0.620691
0.655105 0.000102984 0.344792
0.357142 0.392858 0.25
0.585918 0.10352 0.310562
0.185182 0.407407 0.407412
0.254423 0.27308 0.472498
0.444671 0.148091 0.407239
0.344828 0.172414 0.482758
0.749898 0.000102172 0.25
0.000101022 0.639933 0.359966
0.607084 0.000101113 0.392815
0.299456 0.187178 0.513366
0.551726 0.448274 0
0.37932 0.0689595 0.551721
0.107293 0.0343352 0.858372
0.428574 0.571426 0
0.108643 0.311939 0.579418
0.000103381 0.517188 0.482709
0.214269 0.000101603 0.785629
0.000103374 0.241352 0.758544
0.000103191 0.379268 0.620629
0.107143 0.892857 0
0.629629 0.370371 0
0.517188 0.000103412 0.482709
9.98091e-05 0.9999 0
0.892856 0.107144 0
8.72407e-05 8.84771e-05 0.999824
0.9999 9.99736e-05 0
0.0689431 0.344833 0.586224
0.142873 0.607127 0.25
0.175236 0.123825 0.700938
0.760005 0.239995 0
0.233336 0.766664 0
0.0356379 0.712789 0.251573
0.413723 0.207031 0.379246
0.206879 0.344835 0.448285
0.689668 0.0344836 0.275848
0.370368 0.629632 0
0.333338 0.333343 0.333319
0.206903 0.44826 0.344838
0.033333 0.966667 0
0.346118 0.000103223 0.653779
0.0666932 0.433106 0.500201
0.000103285 0.137894 0.862003
0.428609 0.285738 0.285653
0.482761 0.517239 0
0.5 0.25 0.25
0.0669809 0.502392 0.430628
0.519983 0.480017 0
0.275863 0.344827 0.379309
0.142856 0.214285 0.642859
0.613637 0.136363 0.25
0.310339 0.689661 0
0.827586 0.172414 0
0.689672 0.310328 0
0.000102227 0.749898 0.25
0.103528 0.551378 0.345094
0.172415 0.827585 0
0.250847 0.0681049 0.681048
0.0689572 0.137914 0.793128
0.0666663 1.54192e-06 0.933332
0.933333 0.0666675 0
0.206899 0.172409 0.620692
0.0666635 0.933337 0
0.0344805 0.275874 0.689646
0.214287 0.249996 0.535718
0.46424 0.000100358 0.53566
0.27587 0.137934 0.586196
0.600001 0.399999 0
0.214268 0.535726 0.250006
0.517243 0.172411 0.310346
0.275862 0.413793 0.310345
0.502387 0.0669852 0.430628
0.137932 0.103443 0.758625
0.137926 0.344863 0.517211
0.0333402 0.0666805 0.899979
0.0689639 0.620691 0.310345
0.275833 0.000103189 0.724064
0.241384 0.482768 0.275848
0.396894 0.134049 0.469057
0.000103359 0.44823 0.551667
0.269232 0.730768 0
0.34483 0.241377 0.413792
0.0689643 0.206896 0.72414
0.13793 0.413794 0.448277
