0.103436 0.517256 0.379308
0.8 0.2 0
0.17241 0.275863 0.551727
0.379324 0.206869 0.413807
0.241379 0.448277 0.310345
0.103444 0.17241 0.724146
0.241365 0.137927 0.620708
0.6 0.4 0
0.480009 0.519991 0
0.413796 0.275861 0.310344
0.730769 0.269231 0
0.269235 0.730765 0
0.448304 0.137891 0.413805
0.0333327 0.966667 0
0.966667 0.0333332 0
0.000103397 0.655105 0.344792
0.100257 0.431911 0.467832
0.0333444 0.166744 0.799912
0.379853 0.0344516 0.585696
0.448275 0.551725 0
0.103447 0.310342 0.58621
0.260808 0.105706 0.633486
0.103461 0.586157 0.310382
0.000102225 0.749898 0.25
0.148148 0.444444 0.407408
0.409126 0.147724 0.44315
0.613638 0.136362 0.25
0.633333 0.366667 0
0.615324 0.000102448 0.384574
0.370372 0.629628 0
0.000103325 0.517187 0.482709
0.172415 0.827585 0
0.199997 0.800003 0
0.892857 0.107143 0
9.9705e-05 8.67011e-05 0.999814
9.99113e-05 0.9999 0
0.43421 0.31579 0.25
0.866666 0.133334 0
0.482708 0.000103438 0.517188
0.25 0.5 0.25
0.000103206 0.346113 0.653784
0.107143 0.892857 0
0.517238 0.482762 0
0.17242 0.551708 0.275872
0.733258 9.99127e-05 0.266642
0.24 0.76 0
0.074087 0.185174 0.740739
0.103441 0.103441 0.793117
0.714295 0.0357048 0.25
0.759995 0.240005 0
0.551739 0.103448 0.344813
0.000102598 0.137941 0.861956
0.299981 9.96689e-05 0.699919
0.9999 9.98043e-05 0
0.0999893 9.97372e-05 0.899911
0.240005 0.240005 0.51999
0.544499 0.204197 0.251304
0.21428 0.32142 0.464301
0.000101155 0.607078 0.39282
0.0337513 0.426227 0.540022
0.0344855 0.689653 0.275861
0.172413 0.137938 0.689649
0.133336 0.866664 0
0.827585 0.172415 0
0.310343 0.689657 0
0.142886 0.0342844 0.82283
0.44826 0.206927 0.344813
0.689658 0.310342 0
0.321657 0.178511 0.499832
0.000103263 0.241413 0.758484
0.296298 0.407416 0.296286
0.571429 0.428571 0
0.136372 0.613628 0.25
0.137935 0.241355 0.620709
0.0666666 0.933333 0
0.933333 0.0666672 0
0.206875 0.000103078 0.793022
0.65518 0.0344672 0.310352
0.517233 0.0689659 0.413801
0.357142 0.249994 0.392864
0.033334 0.066668 0.899998
0.206895 0.206895 0.58621
0.43066 0.0669909 0.502349
0.137917 0.344895 0.517188
0.172411 0.48277 0.344819
0.0669871 0.502394 0.430619
0.0344805 0.27587 0.689649
0.206893 0.0689627 0.724144
0.482755 0.241385 0.27586
0.310347 0.310347 0.379306
0.345948 0.103272 0.550781
0.357142 0.392858 0.25
0.241382 0.37928 0.379338
0.333334 0.333334 0.333333
0.357077 0.000101444 0.642821
0.27586 0.27586 0.44828
0.000101001 0.392817 0.607082
0.4 0.6 0
0.51724 0.172414 0.310345
0.551618 0.000103405 0.448279
