0.413599 0.103401 0.483
0.103455 0.37925 0.517295
0.103362 0.448333 0.448304
0.799999 0.200001 0
0.241381 0.482755 0.275864
0.310399 0.37933 0.310271
0.300005 0.699995 0
0.344834 0.206885 0.448281
0.866669 0.133331 0
0.137898 0.482777 0.379325
0.6 0.4 0
0.551889 0.0687859 0.379325
0.137877 0.241397 0.620726
0.241377 0.137928 0.620695
0.730769 0.269231 0
0.433333 0.566667 0
0.206814 0.344882 0.448304
0.233327 0.766673 0
0.966665 0.0333348 0
0.0333297 0.96667 0
0.413793 0.275862 0.310345
0.260897 0.105586 0.633517
0.000102626 0.178552 0.821345
0.40909 0.14775 0.44316
0.258799 0.444721 0.296481
0.65518 0.034472 0.310348
0.147725 0.409114 0.44316
0.103491 0.586036 0.310473
0.392863 0.214272 0.392865
0.892853 0.107147 0
0.392856 0.607144 0
0.615319 0.000102434 0.384579
0.933332 0.0666676 0
0.0344785 0.0691771 0.896344
0.14286 0.85714 0
9.99724e-05 0.233362 0.766538
0.310344 0.310344 0.379312
0.178552 0.000102633 0.821345
0.392836 0.357164 0.25
0.240001 0.240001 0.519998
0.0666658 0.933334 0
0.000103195 0.482709 0.517188
0.482709 0.000103412 0.517188
9.96764e-05 0.566612 0.433288
0.507956 0.140584 0.35146
0.610408 0.102342 0.28725
0.0668891 0.431426 0.501685
0.214282 0.535718 0.25
0.714279 0.0357205 0.25
9.96369e-05 0.9999 0
0.333334 0.333334 0.333333
9.59743e-05 7.588e-05 0.999828
0.0357174 0.714283 0.25
0.517241 0.482759 0
0.000101868 0.319962 0.679936
0.125001 0.125001 0.749999
0.269229 0.730771 0
0.760002 0.239998 0
0.544508 0.204203 0.251289
0.207064 0.0689509 0.723985
0.9999 9.98461e-05 0
0.233362 9.99318e-05 0.766538
0.310318 0.000103328 0.689578
0.733261 9.95386e-05 0.26664
0.386201 0.0341015 0.579697
0.0684908 0.349324 0.582185
0.000100772 0.629567 0.370332
9.96895e-05 0.733261 0.26664
0.827583 0.172417 0
0.200004 0.799996 0
0.347138 0.103084 0.549778
0.000100769 0.428527 0.571372
0.285735 0.285735 0.42853
0.461537 0.538463 0
0.689656 0.310344 0
0.13636 0.61364 0.25
0.0689538 0.517323 0.413724
0.464254 0.250021 0.285725
0.333336 0.666664 0
0.321434 0.178567 0.5
0.0689558 0.206978 0.724066
0.633352 0.366648 0
0.57143 0.42857 0
0.534401 0.0333658 0.432233
0.178573 0.321426 0.500001
0.206905 0.206905 0.58619
0.103375 0.0344585 0.862166
0.100002 0.899998 0
0.178464 0.46435 0.357186
0.172413 0.172413 0.655174
0.24134 0.379335 0.379325
0.321427 0.428573 0.25
0.10558 0.260936 0.633484
0.103446 0.103446 0.793108
0.0666758 9.97838e-05 0.933224
0.466491 0.0666697 0.46684
9.95453e-05 0.133327 0.866573
0.579552 0.170448 0.25
0.357117 0.000101385 0.642782
0.0689526 0.655182 0.275865
