0.33331 9.99546e-05 0.66659
0.482775 0.137916 0.379309
0.600002 0.399998 0
0.200007 0.799993 0
0.275862 0.172414 0.551724
0.137137 0.485737 0.377125
0.172417 0.344835 0.482748
0.133336 0.866664 0
0.275855 0.379314 0.344831
0.480002 0.519998 0
0.000102894 0.413747 0.58615
0.517241 0.172414 0.310345
0.269232 0.730768 0
0.344828 0.068963 0.586209
0.586139 0.000103365 0.413757
0.0333271 0.966673 0
0.966668 0.033332 0
0.000103323 0.655104 0.344792
0.448275 0.551725 0
0.0689642 0.379312 0.551724
0.344825 0.206898 0.448277
0.273611 0.254241 0.472149
0.103413 0.586232 0.310355
0.172401 0.2069 0.620699
0.607138 0.142862 0.25
9.30665e-05 0.166649 0.833258
0.712774 0.0356604 0.251565
0.379272 0.000103359 0.620625
0.12372 0.175256 0.701024
0.407404 0.185183 0.407413
0.551398 0.103523 0.345078
0.14814 0.444448 0.407413
0.000102159 0.749898 0.25
0.571439 0.428561 0
0.137946 0.0344822 0.827571
0.214257 0.142835 0.642908
0.107143 0.892857 0
0.000102468 0.214271 0.785627
0.310655 0.108845 0.5805
0.0682216 0.249693 0.682085
0.187375 0.299392 0.513234
0.000103427 0.275829 0.724068
0.0343351 0.107271 0.858394
0.000103384 0.517188 0.482709
9.78179e-05 9.91778e-05 0.999803
0.370374 0.629626 0
0.517188 0.000103366 0.482709
0.239993 0.760007 0
0.866667 0.133333 0
0.0344864 0.689662 0.275851
0.827586 0.172414 0
0.25 0.5 0.25
0.639918 0.000100919 0.359981
0.629631 0.370369 0
0.333334 0.333334 0.333332
0.000103191 0.346117 0.653779
0.9999 9.99434e-05 0
0.517241 0.482759 0
0.766676 0.233324 0
0.392848 0.357152 0.25
0.241356 0.000103368 0.75854
0.482782 0.241368 0.27585
0.34482 0.137929 0.517251
0.689662 0.310338 0
0.206905 0.413789 0.379306
0.000100851 0.607084 0.392815
0.172404 0.517247 0.310349
0.310344 0.689656 0
0.749898 0.000102235 0.25
0.433359 0.0666706 0.499971
0.099989 9.92914e-05 0.899912
0.136365 0.613635 0.25
0.275913 0.0344697 0.689617
0.0666661 0.933334 0
0.933333 0.0666673 0
0.250003 0.214276 0.535721
0.103448 0.13793 0.758622
2.82737e-05 0.0666635 0.933308
9.953e-05 0.464242 0.535659
0.137862 0.276238 0.5859
0.502407 0.0669788 0.430614
0.535713 0.214287 0.25
0.28572 0.428578 0.285702
0.241373 0.344831 0.413796
0.892859 0.107141 0
0.0669907 0.502399 0.430611
0.344837 0.275858 0.379305
0.206896 0.0689654 0.724139
0.448276 0.206896 0.344828
0.620691 0.0689638 0.310345
0.134187 0.396837 0.468976
0.44823 0.000103403 0.551666
0.730751 0.269249 0
9.99692e-05 0.9999 0
0.400002 0.599998 0
0.413792 0.137931 0.448277
0.103445 0.448278 0.448278
0.0689639 0.310342 0.620694
0.172414 0.827586 0
0.413794 0.275861 0.310344
