0.379313 0.275858 0.344829
0.241378 0.310346 0.448276
0.800001 0.199999 0
0.310344 0.310345 0.379311
0.482759 0.13793 0.379311
0.866665 0.133335 0
0.133335 0.866665 0
0.13793 0.482759 0.379311
0.392858 0.607142 0
0.000103368 0.41375 0.586147
7.69943e-05 0.166653 0.83327
0.0689624 0.620692 0.310346
0.344827 0.068965 0.586208
0.730771 0.269229 0
0.000103434 0.586146 0.413751
0.033332 0.966668 0
0.966668 0.0333323 0
0.413793 0.137931 0.448276
0.266669 0.733331 0
0.357142 0.392858 0.25
0.0666663 0.933334 0
0.214286 0.142857 0.642857
0.10714 0.89286 0
0.448276 0.241379 0.310345
0.137916 0.000103369 0.861981
0.000102446 0.214264 0.785633
9.80171e-05 0.0666597 0.933242
0.148148 0.444445 0.407407
0.000101022 0.639939 0.35996
0.892857 0.107143 0
0.187164 0.299465 0.513371
0.0343349 0.1073 0.858366
0.0689581 0.379377 0.551665
0.137934 0.586205 0.275861
9.9988e-05 0.9999 0
0.586125 0.103469 0.310406
0.749898 0.000102213 0.25
0.40994 0.0683236 0.521736
0.000103435 0.517188 0.482709
0.500002 0.249998 0.25
0.0356355 0.71279 0.251575
0.333331 0.333332 0.333337
0.0666633 0.0333312 0.900005
0.482761 0.517239 0
0.379271 0.000103393 0.620626
0.9999 9.99736e-05 0
0.357143 0.642857 0
0.123744 0.175251 0.701005
0.689654 0.0344837 0.275862
0.613634 0.136366 0.25
0.233333 0.766667 0
0.311975 0.108635 0.579389
0.519998 0.480002 0
0.241354 0.000103196 0.758543
0.25 0.5 0.25
0.000103208 0.34612 0.653777
0.551724 0.448276 0
0.321428 0.214285 0.464287
0.607083 0.00010118 0.392816
0.000102252 0.749898 0.25
0.827586 0.172414 0
0.689655 0.310345 0
0.100257 0.431877 0.467866
0.444445 0.148148 0.407407
0.172414 0.827586 0
0.517188 0.00010329 0.482709
0.933334 0.0666663 0
0.423077 0.576923 0
0.0681065 0.250848 0.681046
0.206894 0.448278 0.344829
0.241379 0.379311 0.37931
0.13793 0.275867 0.586203
8.44665e-05 9.73561e-05 0.999818
0.137933 0.0689654 0.793102
0.76 0.24 0
0.300003 0.699997 0
0.067964 0.54369 0.388346
0.275861 0.413795 0.310344
0.275863 0.0344771 0.68966
0.401216 0.23405 0.364734
0.241378 0.206901 0.551721
0.102276 0.647724 0.25
0.000100378 0.464239 0.535661
0.517241 0.172414 0.310345
0.172414 0.517241 0.310345
0.629629 0.370371 0
0.172414 0.344828 0.482759
0.50239 0.0669905 0.430619
0.6 0.4 0
0.103448 0.137931 0.758621
0.413795 0.310343 0.275861
0.285712 0.285713 0.428576
0.000103436 0.275834 0.724063
0.344911 0.137915 0.517174
0.448229 0.0001034 0.551667
0.172412 0.206897 0.620691
0.275862 0.103448 0.62069
0.206897 0.0689655 0.724138
0.655105 0.00010324 0.344792
0.0689654 0.310345 0.62069
