0.482832 0.137806 0.379362
0.199993 0.800007 0
0.275754 0.172356 0.55189
0.137924 0.482763 0.379313
0.17242 0.344841 0.482739
0.133336 0.866664 0
0.86666 0.13334 0
0.344827 0.206897 0.448276
0.103451 0.448275 0.448274
0.275851 0.379288 0.344861
0.480003 0.519997 0
0.000103414 0.413749 0.586148
0.517281 0.172351 0.310368
9.97917e-05 0.166669 0.833231
0.344828 0.0689634 0.586208
0.269235 0.730765 0
0.966675 0.0333246 0
0.033327 0.966673 0
0.0689624 0.310346 0.620692
0.000103359 0.655105 0.344792
0.448274 0.551726 0
0.27431 0.253991 0.471699
0.000103334 0.275834 0.724063
0.000102406 0.214257 0.78564
0.000103159 0.346137 0.653759
0.379271 0.000103417 0.620625
0.14815 0.444445 0.407405
0.892857 0.107143 0
0.107145 0.892855 0
0.535715 0.214285 0.25
0.187169 0.299464 0.513368
0.0689572 0.379384 0.551659
0.103429 0.137935 0.758636
0.370392 0.629608 0
0.311669 0.108689 0.579643
0.000103271 0.517188 0.482709
0.39285 0.35715 0.25
0.517188 0.000103313 0.482709
0.6 0.4 0
0.407362 0.185175 0.407463
0.239991 0.760009 0
9.65463e-05 8.33598e-05 0.99982
0.9999 9.95296e-05 0
0.344839 0.275859 0.379302
0.137902 0.000103404 0.861994
9.96977e-05 0.9999 0
0.517242 0.482758 0
0.607168 0.142832 0.25
0.25 0.5 0.25
0.123805 0.175235 0.70096
0.333333 0.333334 0.333334
0.000102202 0.749898 0.25
0.766669 0.233331 0
0.433348 0.0666729 0.499979
0.62963 0.37037 0
0.172413 0.206895 0.620692
0.712782 0.0356468 0.251572
0.241354 0.000103217 0.758543
0.103533 0.585864 0.310602
0.482761 0.24138 0.275859
0.310342 0.689658 0
0.21428 0.142853 0.642867
0.285709 0.428561 0.285729
0.689658 0.310342 0
0.448199 0.206925 0.344876
0.000101112 0.606997 0.392902
0.172415 0.827585 0
0.730753 0.269247 0
0.749898 0.000101869 0.25
0.827582 0.172418 0
0.586145 9.54686e-05 0.41376
0.137934 0.0689668 0.7931
0.413822 0.13788 0.448298
0.136372 0.613628 0.25
0.571436 0.428564 0
2.5868e-05 0.0666625 0.933312
0.0666641 0.933336 0
0.933332 0.066668 0
0.250005 0.214267 0.535728
0.551609 0.103475 0.344916
0.275874 0.0344356 0.68969
0.0343387 0.107215 0.858446
0.000100335 0.464254 0.535646
0.502389 0.066971 0.43064
0.0681073 0.250897 0.680996
0.137931 0.275862 0.586207
0.241363 0.344837 0.413801
0.0669938 0.502366 0.43064
0.63997 0.000100985 0.359929
0.172415 0.517238 0.310347
0.208157 0.413138 0.378705
0.345919 0.137707 0.516374
0.0666311 0.0333 0.900069
0.620697 0.0689554 0.310347
0.034486 0.68966 0.275854
0.448239 0.000102516 0.551659
0.13411 0.396639 0.469251
0.400001 0.599999 0
0.17241 0.103446 0.724143
0.413792 0.275861 0.310347
