0.433323 2.40188e-05 0.566653
2.43997e-05 0.433323 0.566653
0.457828 0.250099 0.292073
0.127217 0.26853 0.604253
0.699997 0.300003 0
0.299996 0.700004 0
0.800001 0.199999 0
0.666652 2.2097e-05 0.333326
0.446811 0.106372 0.446816
0.310308 0.379394 0.310298
2.44957e-05 0.566651 0.433325
0.26925 0.461511 0.269239
0.379291 0.310355 0.310353
0.310348 0.310348 0.379303
0.181766 0.181827 0.636408
0.366665 0.633335 0
0.166666 0.833334 0
0.633333 0.366667 0
0.0384653 0.961535 0
0.961538 0.0384617 0
0.445854 0.207812 0.346334
0.142841 0.321436 0.535723
0.121926 0.0800255 0.798049
0.625023 0.124977 0.25
0.0999967 8.99179e-06 0.899994
0.666668 0.333332 0
0.438762 0.292801 0.268437
0.333336 0.666664 0
0.866679 0.133321 0
0.315649 0.434351 0.25
0.37499 0.37499 0.250021
2.33885e-05 0.361935 0.638042
2.39271e-05 0.599989 0.399987
1.78835e-05 0.233325 0.766657
0.418607 0.162786 0.418606
0.153855 0.153855 0.69229
0.133334 0.866666 0
3.28553e-06 0.999997 0
0.566651 2.45375e-05 0.433324
0.599994 0.400006 0
0.236916 0.254363 0.50872
2.50654e-05 0.470546 0.529429
0.200007 0.799993 0
0.333335 0.333335 0.333329
0.700036 2.0163e-05 0.299944
2.20836e-06 1.29747e-06 0.999996
0.466657 2.48457e-05 0.533318
1.16844e-05 0.399995 0.599993
0.170726 0.414627 0.414647
0.766667 0.233333 0
0.233329 1.78443e-05 0.766653
0.999997 3.29739e-06 0
1.89943e-05 0.749981 0.25
0.266665 0.733335 0
0.36362 2.32427e-05 0.636357
0.521734 0.228266 0.25
0.194513 0.551122 0.254364
0.386408 0.098201 0.515391
0.297411 0.157453 0.545136
0.399999 0.600001 0
0.599989 2.38094e-05 0.399987
0.0935748 0.654689 0.251736
0.29269 0.268316 0.438994
0.833334 0.166666 0
0.0908974 0.909103 0
0.909092 0.0909079 0
0.0413924 0.0479822 0.910625
0.506603 0.138729 0.354668
0.166666 1.70027e-06 0.833332
0.194036 0.223867 0.582097
0.22728 0.454554 0.318165
0.346519 0.207924 0.445557
2.21817e-05 0.666652 0.333326
0.242022 0.0947476 0.66323
1.1537e-05 0.133312 0.866677
0.0947701 0.241886 0.663344
0.134061 0.509369 0.35657
0.633273 2.29259e-05 0.366704
0.470573 0.529427 0
0.733327 0.266673 0
0.378382 0.243238 0.378381
0.5 0.5 0
0.55689 0.44311 0
0.257054 0.371497 0.371449
0.299993 2.09485e-05 0.699986
0.176475 0.117646 0.705879
2.09315e-05 0.299992 0.699987
0.499989 2.48072e-05 0.499986
0.106388 0.446795 0.446816
1.38527e-05 0.499992 0.499994
0.565905 0.176854 0.25724
0.749981 1.89882e-05 0.25
0.180727 0.337339 0.481934
0.0789789 0.131225 0.789796
0.233329 0.766671 0
0.113929 0.56962 0.316452
0.272153 0.126583 0.601263
0.117647 0.176472 0.705882
0.433333 0.566667 0
0.399995 1.21994e-05 0.599993
