0.000103298 0.275833 0.724063
0.199999 0.800001 0
0.800002 0.199998 0
0.448275 0.275864 0.275862
0.310345 0.310345 0.37931
0.241381 0.137923 0.620696
0.866665 0.133335 0
0.133333 0.866667 0
0.172413 0.275862 0.551725
0.519994 0.480006 0
0.73077 0.26923 0
0.275862 0.413793 0.310345
0.966667 0.0333328 0
0.655105 0.000103172 0.344792
0.430735 0.100462 0.468803
0.551726 0.448274 0
0.613636 0.136364 0.25
0.000103423 0.103428 0.896469
0.103452 0.586197 0.310351
0.482759 0.517241 0
0.321428 0.428572 0.25
0.16665 9.98067e-05 0.83325
0.142858 0.428571 0.428571
0.749898 0.000102224 0.25
0.366665 0.633335 0
0.137929 0.103446 0.758625
0.0333951 0.298681 0.667923
0.0689646 0.344841 0.586194
0.760011 0.239989 0
0.275863 0.172409 0.551728
0.107142 0.892858 0
0.240003 0.240003 0.519994
0.309998 0.103501 0.586501
0.0344743 0.413797 0.551729
0.000102087 0.615328 0.38457
0.892858 0.107142 0
0.285714 0.285714 0.428572
0.629628 0.370372 0
0.333334 0.333334 0.333332
0.444448 0.148149 0.407403
9.99822e-05 0.9999 0
0.586078 0.103482 0.310441
0.168251 0.124763 0.706987
0.9999 9.99799e-05 0
0.0357168 0.714283 0.25
0.000103414 0.37927 0.620626
0.000103295 0.482709 0.517188
0.0666637 3.2188e-05 0.933304
9.98854e-05 0.23331 0.76659
0.321428 0.214285 0.464287
0.0689644 0.206896 0.72414
0.689654 0.0344843 0.275861
0.240004 0.759996 0
9.87567e-05 9.8352e-05 0.999803
0.413794 0.206895 0.379311
0.34612 0.000103228 0.653777
0.310343 0.689657 0
0.517184 0.000103409 0.482712
0.214267 0.000102473 0.785631
0.500002 0.249998 0.25
9.99012e-05 0.733259 0.266641
0.607079 0.000101137 0.39282
0.425697 0.0337825 0.54052
0.17242 0.82758 0
0.827587 0.172413 0
0.4 0.6 0
0.689661 0.310339 0
0.142857 0.214286 0.642857
0.241394 0.379303 0.379303
0.0689642 0.137928 0.793108
0.178361 0.322218 0.499421
0.0666666 0.933333 0
0.407411 0.296293 0.296297
0.246373 0.0685115 0.685115
0.0685328 0.520277 0.41119
0.428571 0.571429 0
0.172413 0.482762 0.344825
0.482764 0.172412 0.344824
0.26923 0.73077 0
0.933331 0.066669 0
0.214288 0.178566 0.607146
0.136364 0.613636 0.25
0.344865 0.137923 0.517212
0.107294 0.0343363 0.85837
0.502387 0.0669846 0.430628
0.103442 0.3793 0.517258
9.75501e-05 0.166652 0.833251
0.392856 0.357144 0.25
0.392863 0.249988 0.357149
0.103448 0.275862 0.62069
0.204189 0.544503 0.251308
0.0689622 0.655175 0.275863
0.241379 0.482759 0.275862
0.551725 0.172413 0.275862
0.275833 0.000103412 0.724063
0.392819 0.000101173 0.60708
0.0334143 0.501164 0.465421
0.0333331 0.966667 0
0.6 0.4 0
0.206896 0.344834 0.44827
