0.600062 0.399938 0
0.20001 0.79999 0
0.310154 0.310184 0.379662
0.275838 0.379322 0.344839
0.199965 4.82493e-06 0.80003
0.413998 0.275927 0.310075
0.862079 0.137921 0
0.13334 0.86666 0
0.48002 0.51998 0
0.172433 0.275793 0.551774
0.378347 0.172101 0.449552
9.99738e-05 0.166656 0.833244
0.517605 0.172183 0.310212
0.344592 0.0689184 0.58649
0.269283 0.730717 0
0.0333312 0.966669 0
0.966668 0.0333316 0
0.586809 0.033712 0.379479
0.100914 0.428135 0.47095
0.571507 0.178493 0.25
0.379435 0.000102155 0.620463
0.392617 0.357383 0.25
0.406994 0.185132 0.407874
0.272809 0.254746 0.472445
0.000102418 0.214266 0.785632
0.172648 0.482288 0.345064
0.448278 0.551722 0
0.000102016 0.749898 0.25
0.892856 0.107144 0
0.187054 0.299175 0.51377
0.000100884 0.607083 0.392816
0.0343367 0.107298 0.858366
0.800265 0.199735 0
0.448252 0.00010262 0.551645
0.370381 0.629619 0
0.172458 0.344916 0.482626
0.137934 0.0344833 0.827583
9.83169e-05 8.60039e-05 0.999816
0.517188 0.000103386 0.482709
0.629649 0.370351 0
0.241354 0.000103363 0.758542
0.333334 0.333332 0.333334
0.275963 0.034318 0.689719
0.0673521 0.394431 0.538217
9.96144e-05 0.9999 0
0.123928 0.175214 0.700858
0.103497 0.585703 0.3108
0.766677 0.233323 0
0.9999 9.99663e-05 0
0.172415 0.551723 0.275862
0.0344839 0.689687 0.275829
0.107143 0.892857 0
0.712826 0.0356424 0.251532
0.239938 0.760062 0
0.000103228 0.346117 0.653779
0.482742 0.241395 0.275863
0.517239 0.482761 0
0.25 0.5 0.25
0.333809 7.59169e-05 0.666115
0.55161 0.103485 0.344905
0.689839 0.310161 0
0.172414 0.827586 0
0.147902 0.44463 0.407467
0.310341 0.689659 0
0.275782 0.103444 0.620774
0.749898 0.000102202 0.25
0.431441 0.0668941 0.501665
0.827601 0.172399 0
0.099989 9.92404e-05 0.899912
0.0684458 0.247123 0.684431
0.57142 0.42858 0
0.214416 0.40986 0.375724
0.136442 0.613558 0.25
0.933336 0.0666641 0
0.0666728 0.933327 0
0.214105 0.1427 0.643194
0.249999 0.214241 0.53576
7.8512e-05 0.0666576 0.933264
0.103445 0.137931 0.758624
0.103385 0.310771 0.585844
0.000103377 0.517188 0.482709
0.62073 0.103408 0.275863
0.50266 0.0670574 0.430283
0.448237 0.206946 0.344816
8.66007e-05 0.433257 0.566657
0.172159 0.103188 0.724652
0.285691 0.428537 0.285771
0.0668224 0.502384 0.430794
0.35006 0.136672 0.513268
0.639992 0.000100864 0.359907
0.241273 0.344936 0.413791
0.311638 0.108733 0.579629
0.137979 0.241241 0.620779
0.357615 0.249563 0.392822
0.000103411 0.275823 0.724074
0.464248 0.285752 0.25
0.730735 0.269265 0
0.4 0.6 0
0.448139 0.137941 0.41392
9.95605e-05 0.655111 0.344789
