0.241401 0.310355 0.448244
0.8 0.2 0
0.310345 0.310345 0.37931
0.133335 0.866665 0
0.866664 0.133336 0
0.44829 0.241373 0.310337
0.137929 0.48276 0.379311
0.392858 0.607142 0
0.000103209 0.41375 0.586147
0.517246 0.137923 0.34483
9.6565e-05 0.16665 0.833254
0.0689611 0.620693 0.310346
0.344828 0.0689652 0.586207
0.730767 0.269233 0
0.000103409 0.586146 0.41375
0.966667 0.0333329 0
0.0333334 0.966667 0
0.266668 0.733332 0
0.35714 0.39286 0.25
0.275863 0.103447 0.620691
0.214281 0.142854 0.642865
0.321431 0.214287 0.464282
0.333333 0.333333 0.333333
0.13793 0.586209 0.275861
0.0689651 0.37931 0.551725
0.379271 0.000103398 0.620625
0.586054 0.103487 0.310459
0.206893 0.448278 0.344829
0.137952 0.0344824 0.827565
0.148148 0.444446 0.407406
0.035638 0.712789 0.251573
0.444446 0.148149 0.407406
0.172407 0.103449 0.724144
0.107143 0.892857 0
0.000102219 0.749898 0.25
0.000101037 0.639931 0.359968
0.18717 0.299466 0.513364
0.9999 9.9934e-05 0
0.24138 0.379308 0.379312
0.0343339 0.107296 0.858371
0.629628 0.370372 0
0.311972 0.108657 0.579371
0.199981 9.96513e-05 0.799919
0.00010239 0.214259 0.785639
0.76 0.24 0
0.000103348 0.275833 0.724064
0.000103437 0.517188 0.482709
0.123711 0.175255 0.701035
0.357143 0.642857 0
9.99638e-05 0.9999 0
0.48276 0.51724 0
0.749898 0.000102233 0.25
0.379316 0.241369 0.379315
0.517188 0.00010342 0.482709
0.233331 0.766669 0
0.892857 0.107143 0
0.655105 0.000103426 0.344792
0.241354 0.000103301 0.758543
0.000103113 0.34612 0.653777
0.689655 0.0344836 0.275862
0.27586 0.0344759 0.689664
0.249999 0.500001 0.25
0.933335 0.066665 0
0.5 0.25 0.25
0.413794 0.137931 0.448275
0.551725 0.448275 0
0.607081 0.000101176 0.392818
0.827587 0.172413 0
0.689655 0.310345 0
0.172416 0.827584 0
0.423077 0.576923 0
0.0681223 0.25073 0.681147
0.0999938 3.95818e-05 0.899967
0.3 0.7 0
0.409941 0.0683238 0.521735
0.0679603 0.543692 0.388347
0.285712 0.285712 0.428576
0.613622 0.136378 0.25
0.428571 0.214286 0.357143
0.34485 0.137921 0.517229
0.0666671 0.933333 0
0.241381 0.206894 0.551725
9.99553e-05 0.066672 0.933228
0.103448 0.13793 0.758622
0.102277 0.647723 0.25
0.000100431 0.464239 0.53566
0.519995 0.480005 0
0.137918 0.275936 0.586147
0.172414 0.517241 0.310345
0.6 0.4 0
0.172416 0.344835 0.482749
0.551723 0.172415 0.275862
0.417719 0.303798 0.278483
0.275859 0.413803 0.310337
0.100257 0.431882 0.467861
0.44823 0.000103329 0.551667
9.19947e-05 9.96007e-05 0.999808
0.172414 0.206896 0.620691
0.502393 0.0669847 0.430623
0.0689599 0.310347 0.620693
