0.206607 0.379964 0.413428
2.90443e-05 0.333085 0.666886
0.8 0.2 0
0.103406 0.517526 0.379068
0.24212 0.275801 0.482079
0.862071 0.137929 0
0.607116 0.392884 0
0.0667505 0.300376 0.632874
0.517015 0.20697 0.276016
0.621145 0.0686663 0.310189
0.309781 0.275223 0.414996
0.166649 9.84408e-05 0.833252
0.586213 9.91127e-05 0.413688
0.0333337 0.966666 0
0.966666 0.0333336 0
0.143144 0.214468 0.642388
0.35709 0.39291 0.25
0.133334 0.866666 0
0.214444 0.321242 0.464314
0.309608 0.381031 0.309362
0.6476 0.1024 0.25
0.585233 0.138751 0.276016
0.443319 0.148257 0.408425
0.19996 0.80004 0
0.543676 0.0674927 0.388832
0.000103206 0.13792 0.861977
0.000102229 0.749898 0.25
8.04038e-05 0.448272 0.551648
0.892863 0.107137 0
0.63968 0.000100351 0.360219
0.642808 0.357192 0
0.107134 0.892866 0
0.0689617 0.137923 0.793115
0.214263 0.000102449 0.785635
0.37785 0.312788 0.309362
0.299207 0.186976 0.513817
0.108942 0.311602 0.579456
9.44043e-05 9.26827e-05 0.999813
0.346118 0.000103194 0.653779
0.107295 0.0343366 0.858368
0.733294 0.266706 0
0.269231 0.730769 0
0.394062 0.0673909 0.538548
0.9999 9.99957e-05 0
0.712778 0.0356472 0.251575
0.0336732 0.276413 0.689914
9.99235e-05 0.9999 0
0.333331 0.333331 0.333338
0.370369 0.629631 0
0.0666661 0.933334 0
0.17524 0.123803 0.700957
0.239987 0.760013 0
0.10411 0.583575 0.312315
0.766633 0.233367 0
0.0345174 0.69024 0.275242
0.000103395 0.241354 0.758542
0.51724 0.48276 0
0.25 0.5 0.25
0.448199 0.551801 0
8.27886e-05 0.607292 0.392625
0.172904 0.550899 0.276197
0.172413 0.827587 0
0.137664 0.344273 0.518063
0.310342 0.689658 0
0.482254 0.17246 0.345287
0.576909 0.423091 0
0.25068 0.0681196 0.6812
0.379405 0.240963 0.379632
0.517188 0.000103429 0.482709
0.0662508 0.50271 0.431039
0.827598 0.172402 0
0.699992 0.300008 0
0.0687595 0.414613 0.516628
0.135943 0.614057 0.25
0.214028 0.428312 0.35766
0.06666 9.04381e-05 0.93325
0.933335 0.0666654 0
0.749898 0.000102184 0.25
0.206902 0.241455 0.551643
0.428902 0.285408 0.28569
0.311212 0.102838 0.58595
0.433001 9.83388e-05 0.5669
0.480078 0.519922 0
0.13793 0.103445 0.758625
0.147821 0.444967 0.407211
0.321649 0.214037 0.464314
0.000103385 0.517188 0.482709
0.276116 0.343784 0.3801
0.240441 0.172103 0.587456
0.000101532 0.378935 0.620964
0.0333338 0.0666678 0.899998
0.274784 8.19858e-05 0.725134
0.433952 0.100412 0.465636
0.500182 0.249602 0.250216
0.275594 0.448403 0.276003
0.344775 0.137162 0.518063
0.000101033 0.656173 0.343726
0.399999 0.600001 0
0.136836 0.4119 0.451264
0.0687364 0.206111 0.725152
