0.6 0.4 0
0.275862 0.172413 0.551725
0.13793 0.482761 0.379309
0.133341 0.866659 0
0.275855 0.379313 0.344832
0.480006 0.519994 0
0.000103362 0.41375 0.586146
0.517242 0.172412 0.310345
9.98538e-05 0.166651 0.833249
0.344828 0.0689634 0.586209
0.269234 0.730766 0
0.966671 0.0333285 0
0.0333339 0.966666 0
0.344864 0.241288 0.413848
0.000103403 0.655105 0.344792
0.274894 0.253793 0.471313
0.749898 0.00010224 0.25
0.1379 0.000103353 0.861996
0.000102404 0.214256 0.785642
0.60714 0.14286 0.25
0.103452 0.586193 0.310355
0.407405 0.185185 0.40741
0.000102218 0.749898 0.25
0.448268 0.206899 0.344832
0.379272 0.000103155 0.620625
0.89286 0.10714 0
0.107139 0.892861 0
0.9999 9.99059e-05 0
0.639942 0.000101012 0.359957
0.392845 0.357155 0.25
0.62963 0.37037 0
0.370372 0.629628 0
0.187527 0.299333 0.51314
0.413786 0.310353 0.275861
0.448271 0.551729 0
0.172421 0.827579 0
0.000103433 0.517188 0.482709
0.517188 0.000103405 0.482709
9.99531e-05 0.9999 0
0.0689531 0.379422 0.551625
0.766669 0.233331 0
9.88487e-05 9.82332e-05 0.999803
0.0344794 0.689685 0.275836
0.571427 0.428573 0
0.310342 0.310349 0.379309
0.517239 0.482761 0
0.333335 0.333335 0.33333
0.275868 0.0344728 0.689659
0.148147 0.444442 0.40741
0.712788 0.0356385 0.251573
0.0343381 0.107316 0.858346
0.25 0.5 0.25
0.241354 0.000103414 0.758542
0.12393 0.175213 0.700857
0.0669783 0.502399 0.430622
0.172413 0.344827 0.48276
0.239993 0.760007 0
0.311435 0.108721 0.579844
0.730768 0.269232 0
0.00010319 0.34612 0.653777
0.551411 0.103521 0.345068
0.214284 0.142856 0.642861
0.103446 0.448277 0.448277
0.689659 0.310341 0
0.535712 0.214288 0.25
0.000101103 0.607077 0.392821
0.310346 0.689654 0
0.433331 0.0666668 0.500002
0.827583 0.172417 0
0.0681451 0.250406 0.681449
0.206904 0.413789 0.379307
0.136364 0.613636 0.25
9.99942e-05 0.0666683 0.933232
0.933335 0.0666651 0
0.0666654 0.933335 0
0.25 0.21428 0.535719
0.137936 0.0689681 0.793096
0.00010042 0.464239 0.535661
0.502393 0.0669843 0.430622
0.24138 0.344827 0.413793
0.285712 0.428568 0.28572
0.200002 0.799998 0
0.172414 0.517241 0.310345
0.482759 0.241379 0.275862
0.379315 0.275854 0.344832
0.586145 0.000103312 0.413751
0.103448 0.13793 0.758622
0.345585 0.137774 0.516641
0.066616 0.0333351 0.900049
0.620692 0.0689622 0.310346
0.000103381 0.275831 0.724066
0.134086 0.396878 0.469036
0.866666 0.133334 0
0.44823 0.000103182 0.551667
0.13792 0.275921 0.586159
0.4 0.6 0
0.172414 0.206895 0.620691
0.206896 0.0689647 0.724139
0.413794 0.13793 0.448276
0.0689655 0.310345 0.62069
