0.103428 0.517142 0.37943
0.800009 0.199991 0
0.199999 0.800001 0
0.310374 0.310374 0.379252
0.172414 0.275862 0.551724
0.379322 0.206882 0.413796
0.10344 0.172399 0.724161
0.86666 0.13334 0
0.133338 0.866662 0
0.241349 0.137916 0.620735
0.599999 0.400001 0
0.480004 0.519996 0
0.413794 0.275862 0.310344
0.26922 0.73078 0
0.73077 0.26923 0
0.448304 0.1379 0.413796
0.966665 0.0333352 0
0.0333335 0.966667 0
0.100006 0.431852 0.468142
0.214288 0.321432 0.46428
0.44829 0.55171 0
0.103442 0.586212 0.310347
0.000103164 0.655105 0.344792
0.517237 0.068967 0.413796
0.260879 0.105589 0.633532
0.000103397 0.137922 0.861975
0.4 0.6 0
0.000102253 0.749898 0.25
0.409159 0.147715 0.443126
0.241294 0.448495 0.31021
0.299965 9.99352e-05 0.699935
0.892854 0.107146 0
0.551741 0.103458 0.344801
0.148149 0.444451 0.407401
0.142979 0.0342805 0.82274
0.240003 0.240003 0.519994
0.370404 0.629596 0
0.10352 0.309848 0.586632
0.0345006 0.689637 0.275862
0.099989 9.9765e-05 0.899911
9.99125e-05 9.45978e-05 0.999805
0.571451 0.428549 0
0.380353 0.0344242 0.585223
0.9999 9.97413e-05 0
0.333332 0.333332 0.333336
0.517242 0.482758 0
0.434172 0.315828 0.25
0.000103393 0.517188 0.482709
0.448319 0.206881 0.3448
0.633339 0.366661 0
0.000100666 0.607082 0.392818
0.0742384 0.185153 0.740608
0.760005 0.239995 0
0.714282 0.0357176 0.25
0.239994 0.760006 0
0.482709 0.000103405 0.517188
0.000103188 0.346115 0.653782
9.99779e-05 0.9999 0
0.5445 0.204194 0.251306
0.0337828 0.425638 0.540579
0.172421 0.13793 0.689649
0.241427 0.379065 0.379508
0.172415 0.827585 0
0.827578 0.172422 0
0.310336 0.689664 0
0.689655 0.310345 0
0.137908 0.344936 0.517156
0.321527 0.178531 0.499943
0.615329 0.000101432 0.38457
0.000103146 0.241405 0.758492
0.295639 0.407802 0.296559
0.136377 0.613623 0.25
0.613638 0.136362 0.25
0.137901 0.241374 0.620726
0.172416 0.55172 0.275864
0.0666685 0.933332 0
0.206876 0.000103428 0.793021
0.107144 0.892856 0
0.172325 0.482912 0.344763
0.357166 0.249978 0.392856
0.0333197 0.0666393 0.900041
0.517267 0.172383 0.31035
0.206898 0.206898 0.586204
0.0670309 0.502341 0.430629
0.0344827 0.275862 0.689656
0.482759 0.241378 0.275862
0.551655 0.000103007 0.448242
0.344827 0.10345 0.551723
0.357144 0.392856 0.25
0.25 0.5 0.25
0.103448 0.103448 0.793105
0.655174 0.0689634 0.275863
0.206891 0.0689478 0.724161
0.357107 0.000101479 0.642792
0.933332 0.066668 0
8.25474e-05 0.392869 0.607048
0.430655 0.0669835 0.502361
0.275872 0.275872 0.448256
0.73326 9.99869e-05 0.26664
0.0333336 0.166668 0.799998
