0.482765 0.137927 0.379308
0.6 0.4 0
0.199997 0.800003 0
0.137641 0.483854 0.378505
0.866653 0.133347 0
0.103448 0.448276 0.448276
0.275847 0.379318 0.344834
0.48 0.52 0
9.93205e-05 0.16663 0.833271
0.172412 0.344823 0.482765
0.344837 0.068969 0.586194
0.269237 0.730763 0
0.586146 0.000103336 0.41375
0.966668 0.0333321 0
0.0333331 0.966667 0
0.275864 0.172406 0.55173
0.000103286 0.655105 0.344792
0.0689655 0.310345 0.62069
0.448272 0.551728 0
0.272886 0.254491 0.472624
0.551343 0.103536 0.345121
0.133339 0.866661 0
0.392858 0.35714 0.250001
0.137918 0.000102268 0.86198
0.103488 0.586072 0.310441
0.00010247 0.214248 0.785649
0.31034 0.68966 0
0.379267 0.000103288 0.620629
0.407404 0.185187 0.407409
0.148126 0.444536 0.407338
9.99543e-05 0.9999 0
0.187187 0.299462 0.513351
8.26661e-05 9.68557e-05 0.99982
0.00010208 0.749897 0.250001
0.172413 0.206897 0.620691
0.639937 0.000100771 0.359963
0.413796 0.137924 0.448279
0.517242 0.482758 0
0.517188 0.000103367 0.482709
0.0343353 0.107309 0.858356
0.333346 0.333319 0.333334
0.370373 0.629627 0
0.482759 0.241379 0.275862
0.344887 0.137919 0.517193
0.000103436 0.517188 0.482709
0.123747 0.175251 0.701002
0.000103286 0.41373 0.586167
0.607139 0.142859 0.250001
0.24 0.76 0
0.766672 0.233328 0
0.103442 0.137924 0.758634
0.311424 0.108725 0.579851
0.275845 0.0344816 0.689673
0.107142 0.892858 0
0.712778 0.0356504 0.251571
0.517247 0.172406 0.310348
0.629627 0.370373 0
0.241348 0.000103376 0.758548
0.9999 9.96936e-05 0
0.000103209 0.346109 0.653788
0.241385 0.344837 0.413778
0.892853 0.107147 0
0.21428 0.142854 0.642866
0.689659 0.310341 0
0.000100599 0.607083 0.392816
0.172419 0.827581 0
9.96005e-05 0.0666718 0.933229
0.933331 0.0666688 0
0.749897 0.000102082 0.250001
0.432659 0.0667441 0.500597
0.827586 0.172414 0
0.0681739 0.250073 0.681753
0.137932 0.0689661 0.793102
0.502392 0.0669866 0.430622
0.207 0.413739 0.379261
0.571429 0.428571 0
0.249999 0.499999 0.250001
0.136363 0.613635 0.250001
0.0666645 0.933336 0
0.250001 0.214283 0.535717
0.535714 0.214285 0.250001
0.000100408 0.464235 0.535664
0.448229 0.000103152 0.551668
0.137929 0.275877 0.586194
0.0344758 0.689709 0.275816
0.285722 0.428581 0.285698
0.172418 0.517229 0.310353
0.0669824 0.502396 0.430622
0.344839 0.275857 0.379304
0.0666599 0.03333 0.90001
0.172412 0.103448 0.72414
0.448276 0.206896 0.344828
0.620693 0.0689608 0.310346
0.000103347 0.275831 0.724066
0.344826 0.206897 0.448277
0.134024 0.396882 0.469093
0.730771 0.269229 0
0.0689634 0.379315 0.551722
0.400001 0.599999 0
0.413793 0.275862 0.310345
