0.24138 0.448275 0.310345
0.310344 0.24138 0.448276
0.199999 0.800001 0
0.103436 0.275866 0.620698
0.310345 0.310345 0.379311
0.133335 0.866665 0
0.607143 0.392857 0
0.480009 0.519991 0
0.41375 0.000103392 0.586146
0.137914 0.517251 0.344835
0.166662 9.98777e-05 0.833238
9.8669e-05 0.199986 0.799915
0.620701 0.0689483 0.31035
0.482766 0.137922 0.379313
0.58615 0.000102932 0.413747
0.966666 0.0333335 0
0.137928 0.413796 0.448276
0.733326 0.266674 0
0.379308 0.0689713 0.551721
0.0344805 0.137923 0.827597
0.214305 0.000102159 0.785593
0.444435 0.148149 0.407417
0.000101119 0.607083 0.392815
0.033334 0.966666 0
0.148149 0.444443 0.407408
0.000102182 0.749898 0.25
0.107141 0.892859 0
0.103562 0.585752 0.310686
0.370372 0.629628 0
0.108632 0.311968 0.5794
0.892857 0.107143 0
0.346146 0.000103197 0.65375
0.214284 0.321427 0.464289
0.000103431 0.517188 0.482709
7.75062e-05 9.52176e-05 0.999827
0.64286 0.35714 0
9.99379e-05 0.9999 0
0.107315 0.034335 0.85835
0.639937 0.000100985 0.359962
0.517188 0.000103394 0.482709
0.000103367 0.379273 0.620624
0.333328 0.333329 0.333343
0.9999 9.95196e-05 0
0.0669758 0.502396 0.430629
0.142857 0.214286 0.642857
0.517241 0.482759 0
0.174992 0.125049 0.699959
0.749898 0.000101831 0.25
0.239998 0.760002 0
0.000103436 0.448229 0.551667
0.766669 0.233331 0
0.299461 0.187164 0.513375
0.269234 0.730766 0
0.500009 0.249991 0.25
0.0344875 0.689652 0.275861
0.392845 0.357155 0.25
0.712783 0.0356437 0.251574
0.00010329 0.24136 0.758537
0.136382 0.613618 0.25
0.448272 0.551728 0
0.0666595 9.45696e-05 0.933246
0.172413 0.827587 0
0.31034 0.68966 0
0.827586 0.172414 0
0.379313 0.241375 0.379312
0.576927 0.423073 0
9.65981e-05 0.0999867 0.899917
0.250813 0.0681142 0.681073
0.0689653 0.344823 0.586211
0.699997 0.300003 0
0.214289 0.42858 0.357131
0.0683255 0.409937 0.521738
0.448299 0.206855 0.344846
0.543733 0.0679868 0.388281
0.432114 0.100214 0.467672
0.933333 0.0666667 0
0.0666625 0.933338 0
0.0344823 0.275856 0.689662
0.206898 0.241381 0.551721
0.103442 0.172397 0.724162
0.13791 0.103449 0.758641
0.000103333 0.655105 0.344792
0.647725 0.102275 0.25
0.464242 0.000100332 0.535658
0.586227 0.137922 0.275851
0.275873 0.137929 0.586199
0.517235 0.172415 0.31035
0.344839 0.17241 0.48275
0.172411 0.551728 0.275861
0.303798 0.417713 0.278489
0.285712 0.285712 0.428576
0.413789 0.275869 0.310342
0.275831 0.000103424 0.724066
0.137913 0.344918 0.517169
0.241378 0.379311 0.379311
0.866662 0.133338 0
0.4 0.6 0
0.206889 0.172413 0.620698
0.249999 0.5 0.25
0.310345 0.0689644 0.62069
