0.482762 0.137924 0.379313
0.27586 0.172415 0.551725
0.6 0.4 0
0.137619 0.483935 0.378446
0.172414 0.344828 0.482759
0.103447 0.448279 0.448274
0.480012 0.519988 0
0.000103391 0.413749 0.586147
0.517242 0.172414 0.310345
9.98961e-05 0.16665 0.83325
0.344828 0.0689654 0.586207
0.269234 0.730766 0
0.586146 0.000103278 0.41375
0.0333285 0.966672 0
0.966666 0.0333338 0
0.0689655 0.310345 0.62069
0.000103433 0.655105 0.344792
0.448277 0.551723 0
0.136364 0.613636 0.25
0.607144 0.142856 0.25
0.000103215 0.346121 0.653775
0.379271 0.000103431 0.620625
0.344829 0.206897 0.448274
0.000100243 0.46424 0.53566
0.0689651 0.379313 0.551722
0.571427 0.428573 0
0.275855 0.379314 0.344831
0.14815 0.444451 0.407399
0.0343351 0.10729 0.858375
0.000102177 0.749898 0.25
0.273262 0.254359 0.472379
0.639937 0.000101036 0.359962
0.866666 0.133334 0
0.000102443 0.214262 0.785635
0.25 0.5 0.25
0.107142 0.892858 0
0.134023 0.396903 0.469074
0.62963 0.37037 0
0.187188 0.29946 0.513352
0.370372 0.629628 0
0.123959 0.175209 0.700833
0.311366 0.108737 0.579897
0.137917 0.000103141 0.86198
0.517188 0.000103373 0.482709
0.517241 0.482759 0
0.766667 0.233333 0
9.99095e-05 0.9999 0
0.000103432 0.517188 0.482709
9.83338e-05 9.69279e-05 0.999805
0.333332 0.333332 0.333335
0.0666676 0.0333338 0.899999
0.89286 0.10714 0
0.9999 9.99325e-05 0
0.407383 0.185193 0.407424
0.241377 0.344832 0.413791
0.241355 0.000103401 0.758542
0.137931 0.275862 0.586207
0.392855 0.357145 0.25
0.103452 0.586194 0.310355
0.239994 0.760006 0
0.482759 0.241379 0.275862
0.0344813 0.689669 0.27585
0.551727 0.103443 0.344829
0.71279 0.0356378 0.251573
0.21427 0.142846 0.642884
0.689656 0.310344 0
0.000101148 0.607082 0.392817
0.206897 0.413793 0.37931
0.172414 0.827586 0
0.310343 0.689657 0
0.749898 0.000102132 0.25
0.433331 0.0666674 0.500001
0.137932 0.0689659 0.793102
0.103448 0.137931 0.758621
2.12108e-05 0.0666645 0.933314
0.0666694 0.933331 0
0.933335 0.0666648 0
0.275863 0.0344821 0.689655
0.25 0.214282 0.535718
0.172411 0.206897 0.620691
0.502394 0.0669837 0.430622
0.0680951 0.250903 0.681002
0.413795 0.137931 0.448274
0.200002 0.799998 0
0.535721 0.214279 0.25
0.285714 0.428571 0.285714
0.133333 0.866667 0
0.172413 0.517242 0.310345
0.0669856 0.502392 0.430622
0.344866 0.137925 0.517209
0.344829 0.275862 0.37931
0.448277 0.206894 0.344829
0.620695 0.0689572 0.310348
0.000103413 0.275833 0.724064
0.44823 0.000103374 0.551667
0.730768 0.269232 0
0.827585 0.172415 0
0.4 0.6 0
0.206891 0.0689637 0.724145
0.413793 0.275862 0.310345
