9.99431e-05 0.333306 0.666594
0.310346 0.241376 0.448278
0.103449 0.275859 0.620692
0.200001 0.799999 0
0.866659 0.133341 0
0.133336 0.866664 0
0.48276 0.137929 0.379311
0.607142 0.392858 0
0.480003 0.519997 0
0.41375 0.00010338 0.586146
0.620692 0.0689625 0.310346
0.24137 0.448298 0.310333
0.269232 0.730768 0
0.0689547 0.344831 0.586214
0.27586 0.379312 0.344829
0.586143 0.000103397 0.413753
0.966667 0.0333328 0
0.0333334 0.966667 0
0.137931 0.413793 0.448276
0.239996 0.760004 0
0.214284 0.321426 0.46429
0.103521 0.585915 0.310564
0.175171 0.124148 0.700681
0.0001034 0.379271 0.620625
0.444443 0.148148 0.407409
0.000102237 0.749896 0.250002
0.642857 0.357143 0
0.712793 0.0356393 0.251568
0.0689651 0.206895 0.724139
0.392852 0.357146 0.250002
0.370375 0.629625 0
0.108821 0.311913 0.579266
0.586208 0.137933 0.275859
0.517188 0.000103364 0.482709
0.034474 0.138087 0.827439
0.000103435 0.655105 0.344792
0.142857 0.214285 0.642858
0.333334 0.333334 0.333332
0.379468 0.0689479 0.551584
0.000101147 0.607071 0.392827
0.000103397 0.517188 0.482709
0.9999 9.99105e-05 0
0.639939 0.000100924 0.35996
0.0344894 0.689652 0.275859
0.148148 0.444444 0.407409
9.76285e-05 9.28127e-05 0.99981
0.499999 0.249999 0.250002
0.107145 0.892855 0
9.99652e-05 0.9999 0
0.892856 0.107144 0
0.766673 0.233327 0
0.000103434 0.241355 0.758542
0.4 0.6 0
0.214267 0.000102463 0.785631
0.285712 0.285712 0.428577
0.517239 0.482761 0
0.107292 0.0343351 0.858373
0.448273 0.551727 0
0.749896 0.000102198 0.250002
0.172416 0.827584 0
0.310341 0.689659 0
0.431872 0.100264 0.467864
0.137928 0.48276 0.379312
0.827579 0.172421 0
0.346118 0.000103139 0.653779
0.448272 0.206898 0.34483
0.576923 0.423077 0
0.250884 0.0681018 0.681014
0.172414 0.517241 0.310345
2.45442e-05 0.100026 0.899949
0.379305 0.241381 0.379314
0.699995 0.300005 0
0.0683133 0.409949 0.521737
0.543691 0.067963 0.388346
0.23405 0.401216 0.364735
0.933334 0.0666663 0
0.299413 0.18731 0.513277
0.0666687 0.933331 0
0.0344814 0.275863 0.689656
0.0666632 4.24901e-05 0.933294
0.13793 0.103447 0.758623
0.166653 9.80943e-05 0.833249
0.647731 0.102267 0.250002
0.464244 0.000100379 0.535655
0.733332 0.266668 0
0.249999 0.499999 0.250002
0.275873 0.137929 0.586198
0.136364 0.613634 0.250002
0.206896 0.172414 0.62069
0.51724 0.172414 0.310345
0.344828 0.172414 0.482759
0.310345 0.310345 0.37931
0.310346 0.413795 0.275859
0.413804 0.275857 0.31034
0.0669844 0.502389 0.430627
0.275834 0.000103244 0.724063
0.206906 0.241375 0.551719
0.137883 0.345057 0.51706
0.000103396 0.44823 0.551667
0.310345 0.0689651 0.62069
