0.413738 0.033878 0.552384
0.483141 0.241138 0.27572
0.2 0.8 0
0.310345 0.310345 0.37931
0.699976 0.300024 0
0.37914 0.275922 0.344938
0.448167 0.137968 0.413865
0.137935 0.862065 0
0.399965 0.600035 0
0.566686 0.433314 0
0.275927 0.413756 0.310316
0.766673 0.233327 0
0.96667 0.0333304 0
0.0333326 0.966667 0
0.170278 0.579722 0.25
0.0689068 0.551799 0.379294
0.00010221 0.551652 0.448245
0.933332 0.0666685 0
0.430635 0.0669714 0.502393
0.260883 0.105588 0.633529
0.0684676 0.349555 0.581977
0.35721 0.39279 0.25
0.178553 0.000102543 0.821344
0.900007 0.0999925 0
0.445781 0.257028 0.297191
0.14772 0.409119 0.44316
0.31032 0.68968 0
0.137932 0.241378 0.620691
0.366614 0.633386 0
0.107154 0.892846 0
0.857142 0.142858 0
9.98356e-05 0.733263 0.266637
0.240028 0.759972 0
0.0689745 0.0689745 0.862051
0.333334 0.333334 0.333332
0.000102486 0.178553 0.821344
7.26787e-05 0.0999732 0.899954
0.137934 0.517248 0.344818
0.310309 0.000103215 0.689587
0.655412 0.0687469 0.275841
0.204247 0.544474 0.25128
0.9999 9.9887e-05 0
0.241379 0.137931 0.62069
0.482709 0.000103392 0.517188
9.1415e-05 9.80192e-05 0.999811
0.100711 0.395766 0.503524
0.000102437 0.615317 0.384581
0.482758 0.517242 0
9.9885e-05 0.9999 0
0.0689654 0.206903 0.724132
0.730768 0.269232 0
0.607133 0.392867 0
0.172415 0.172415 0.655169
0.269261 0.730739 0
0.248988 0.466486 0.284526
0.714286 0.0357136 0.25
0.535728 0.214272 0.25
0.428556 0.571444 0
0.035719 0.714281 0.25
0.105594 0.260877 0.633529
0.629588 9.38869e-05 0.370318
0.125001 0.125001 0.749998
0.206907 0.0689642 0.724129
0.349551 0.0684684 0.581981
0.242006 0.379003 0.378991
0.733263 9.97837e-05 0.266637
0.172436 0.827564 0
0.000103322 0.482709 0.517188
0.799997 0.200003 0
0.538443 0.461557 0
0.517234 0.068966 0.4138
0.104159 0.609155 0.286686
0.666653 0.333347 0
0.0674002 0.504962 0.427637
0.308547 0.211486 0.479966
0.0333385 0.0333385 0.933323
0.172442 0.310341 0.517217
0.0666666 0.933333 0
0.24 0.24 0.52
0.613604 0.136396 0.25
0.409115 0.147721 0.443164
0.392788 0.21424 0.392972
0.379271 0.000103367 0.620625
0.275957 0.172366 0.551677
0.000100738 0.42853 0.571369
0.28571 0.28571 0.428581
0.505129 0.135068 0.359803
0.428652 0.321347 0.25
0.172401 0.448287 0.379312
0.0999911 5.47617e-05 0.899954
0.583083 0.10421 0.312708
0.566601 8.43926e-05 0.433314
0.103444 0.103444 0.793113
0.34487 0.137936 0.517194
9.97032e-05 0.23332 0.76658
0.23332 9.98825e-05 0.76658
0.206897 0.206897 0.586205
0.000101981 0.319955 0.679943
0.0344503 0.655187 0.310363
0.206919 0.344826 0.448255
