0.275871 0.103435 0.620694
0.310339 0.379321 0.31034
0.482766 0.137917 0.379316
0.866658 0.133342 0
0.80001 0.19999 0
0.13334 0.86666 0
0.13792 0.482765 0.379315
0.392862 0.607138 0
0.448264 0.206901 0.344835
0.519966 0.480034 0
0.000103362 0.413752 0.586144
0.0689608 0.620693 0.310346
0.730769 0.269231 0
0.000103342 0.586139 0.413758
0.344829 0.0689629 0.586209
0.241383 0.310346 0.448271
0.413797 0.13793 0.448273
0.966671 0.0333289 0
0.0333322 0.966668 0
0.266672 0.733328 0
0.392852 0.357148 0.25
0.0689504 0.379442 0.551607
0.321438 0.214293 0.464269
0.137934 0.586204 0.275862
0.214285 0.142857 0.642858
0.233329 0.766671 0
0.444442 0.148147 0.407411
0.749898 0.000102148 0.25
0.0679528 0.5437 0.388347
0.107141 0.892859 0
0.00010102 0.63991 0.359989
0.689653 0.0344858 0.275861
0.607058 0.000101001 0.392841
0.892857 0.107143 0
0.137935 0.000102817 0.861962
0.0343357 0.107298 0.858367
9.93737e-05 0.999901 0
0.357143 0.642857 0
0.311738 0.109309 0.578953
0.482762 0.517238 0
0.6 0.4 0
0.9999 9.98493e-05 0
0.123706 0.175258 0.701037
0.000102199 0.214292 0.785606
0.148143 0.444446 0.407411
0.102275 0.647725 0.25
0.517188 0.0001032 0.482709
0.000102246 0.749898 0.25
0.629631 0.370369 0
0.5 0.25 0.25
9.97907e-05 0.166671 0.833229
0.000103228 0.517188 0.482709
0.241359 0.000102851 0.758538
0.187387 0.299389 0.513224
9.30598e-05 9.9423e-05 0.999808
0.000103164 0.346117 0.65378
0.586183 0.103454 0.310363
0.379271 0.000103437 0.620625
0.000100143 0.464233 0.535667
0.333335 0.333335 0.33333
0.0356383 0.712787 0.251575
0.25 0.5 0.25
0.551726 0.448274 0
0.310345 0.310345 0.379311
0.827574 0.172426 0
0.689657 0.310343 0
0.172418 0.827582 0
0.423069 0.576931 0
0.0681783 0.250052 0.681769
0.24138 0.379308 0.379312
0.137931 0.0689653 0.793104
0.300002 0.699998 0
0.410012 0.0683411 0.521647
0.613616 0.136384 0.25
0.401196 0.234074 0.36473
0.655104 0.000103381 0.344793
9.99397e-05 0.0666613 0.933239
0.933339 0.0666611 0
0.0666637 0.933336 0
0.275913 0.0344747 0.689612
0.241399 0.206892 0.551709
0.517241 0.172414 0.310345
0.137922 0.275907 0.586171
0.172414 0.51724 0.310346
0.285722 0.428566 0.285712
0.759999 0.240001 0
0.206879 0.448286 0.344835
0.172414 0.344827 0.482759
0.502395 0.0669714 0.430634
0.103445 0.137927 0.758628
0.285697 0.285697 0.428605
0.0666491 0.0333258 0.900025
0.100218 0.432119 0.467663
0.000103148 0.275832 0.724065
0.448306 0.275847 0.275847
0.345199 0.137854 0.516947
0.448229 0.000103224 0.551667
0.172414 0.206892 0.620693
0.206896 0.0689654 0.724138
0.0689648 0.310345 0.62069
