0.379625 0.275546 0.344829
0.241365 0.310351 0.448284
0.275863 0.103446 0.620692
0.800001 0.199999 0
0.482762 0.137927 0.379311
0.866666 0.133334 0
0.137912 0.482769 0.379319
0.392862 0.607138 0
0.52 0.48 0
0.000103313 0.41375 0.586146
9.8224e-05 0.166646 0.833256
0.0689622 0.620692 0.310345
0.730769 0.269231 0
0.966667 0.0333333 0
0.266671 0.733329 0
0.448313 0.241359 0.310329
0.214273 0.142848 0.642879
0.357154 0.392846 0.25
0.482758 0.517242 0
0.000100421 0.464248 0.535652
0.068954 0.379412 0.551634
0.068132 0.250634 0.681234
0.137919 0.000103377 0.861978
0.586207 0.103448 0.310345
0.000102464 0.214261 0.785637
0.137933 0.0689665 0.793101
0.444447 0.148149 0.407404
0.749898 0.000102243 0.25
0.107141 0.892859 0
0.321428 0.214285 0.464287
0.0679615 0.543693 0.388346
0.344813 0.0689633 0.586223
0.187204 0.299453 0.513344
0.357142 0.642858 0
0.275854 0.41381 0.310336
0.892858 0.107142 0
0.629625 0.370375 0
0.311962 0.108688 0.57935
0.137931 0.586214 0.275855
0.285707 0.285707 0.428585
0.517188 0.000103416 0.482709
0.0343372 0.107299 0.858363
0.25 0.5 0.25
0.9999 9.99511e-05 0
0.60708 0.000101141 0.392819
0.333333 0.333333 0.333334
0.000100938 0.639934 0.359965
0.000103112 0.346109 0.653788
8.05011e-05 9.69412e-05 0.999823
0.345062 0.137882 0.517055
9.99276e-05 0.9999 0
0.123859 0.175228 0.700913
0.148147 0.444449 0.407404
0.233326 0.766674 0
0.689664 0.0344844 0.275851
0.000103387 0.517188 0.482709
0.241381 0.206898 0.551721
0.0333334 0.966667 0
0.760009 0.239991 0
0.379273 0.000103436 0.620624
0.5 0.25 0.25
0.133347 0.866653 0
0.44823 0.000102998 0.551667
0.241354 0.000103219 0.758543
0.551726 0.448274 0
0.689655 0.310345 0
0.00010223 0.749898 0.25
0.310345 0.310345 0.37931
0.172416 0.827584 0
0.0356312 0.712795 0.251574
0.423076 0.576924 0
0.241373 0.379314 0.379313
0.827576 0.172424 0
0.409942 0.0683153 0.521743
0.613634 0.136366 0.25
0.401207 0.234042 0.364751
9.97416e-05 0.0666663 0.933234
0.206896 0.448275 0.344829
0.933334 0.0666662 0
0.0666657 0.933334 0
0.27586 0.0344804 0.689659
0.13793 0.275868 0.586202
0.102278 0.647722 0.25
0.517241 0.172414 0.310345
0.172413 0.517242 0.310345
0.172414 0.344828 0.482759
0.103444 0.137929 0.758627
0.000103408 0.586146 0.413751
0.413831 0.310321 0.275848
0.0666494 0.0333247 0.900026
0.100247 0.431924 0.467829
0.5024 0.0669866 0.430614
0.000103436 0.275834 0.724063
0.6 0.4 0
0.413793 0.137931 0.448277
0.0689604 0.310346 0.620693
0.17241 0.206897 0.620692
0.172403 0.103439 0.724157
0.300003 0.699997 0
0.655105 0.000103289 0.344792
