0.379264 0.000103162 0.620633
0.0344565 0.41377 0.551773
0.379299 0.103441 0.51726
0.8 0.2 0
0.103445 0.448276 0.448279
0.137938 0.310368 0.551693
0.241379 0.482759 0.275862
0.3 0.7 0
0.206892 0.379313 0.413795
0.866667 0.133333 0
0.6 0.4 0
0.137892 0.17236 0.689748
0.551697 0.0689557 0.379347
0.271859 0.254856 0.473284
0.73077 0.26923 0
0.433334 0.566666 0
0.233333 0.766667 0
0.0333327 0.966667 0
0.966667 0.0333333 0
0.0666681 0.933332 0
0.103452 0.586193 0.310356
0.40909 0.14773 0.44318
0.125002 0.125002 0.749996
0.507861 0.140611 0.351527
0.306361 0.272316 0.421324
0.310376 0.379293 0.310332
0.105589 0.260871 0.633539
0.633333 0.366667 0
0.892857 0.107143 0
0.00010097 0.629559 0.37034
0.142868 0.857132 0
0.24 0.24 0.52
4.80932e-05 0.0666511 0.933301
9.9924e-05 0.9999 0
0.000102605 0.178553 0.821344
0.13332 9.75964e-05 0.866583
0.147727 0.409093 0.44318
0.259244 0.444457 0.296299
0.615328 0.000102444 0.384569
0.544509 0.204196 0.251295
0.413792 0.275862 0.310346
0.0689661 0.0344827 0.896551
0.00010324 0.482709 0.517188
0.9999 9.9968e-05 0
0.392857 0.357143 0.25
0.319925 0.000101955 0.679973
0.0357124 0.714288 0.25
0.482709 0.000103383 0.517188
0.249885 0.3572 0.392915
0.517239 0.482761 0
0.714285 0.0357149 0.25
0.461538 0.538462 0
0.178553 0.00010265 0.821344
9.24858e-05 9.63956e-05 0.999811
0.214283 0.535717 0.25
0.76 0.24 0
9.98087e-05 0.733263 0.266637
0.733263 9.9972e-05 0.266637
0.333332 0.333332 0.333335
0.000103406 0.310312 0.689584
0.260871 0.10559 0.633539
0.428532 0.000100816 0.571367
0.0684937 0.349315 0.582191
0.2 0.8 0
0.349315 0.0684934 0.582192
0.432836 0.100079 0.467084
0.392863 0.607137 0
0.609526 0.103603 0.286871
0.689659 0.310341 0
0.0689614 0.517269 0.41377
0.333333 0.666667 0
0.034482 0.103447 0.862071
0.464295 0.249986 0.285719
0.207149 0.0689432 0.723908
0.655179 0.0344727 0.310348
0.571433 0.428567 0
0.533358 0.0333016 0.433341
0.178569 0.21429 0.607141
0.933333 0.066667 0
0.178528 0.321503 0.499969
0.0689649 0.206898 0.724137
0.321432 0.178569 0.5
0.17845 0.464354 0.357196
0.827582 0.172418 0
0.000103435 0.379272 0.620625
0.39284 0.214217 0.392943
0.103448 0.103448 0.793103
0.26923 0.73077 0
0.0669931 0.430604 0.502403
0.321417 0.428583 0.25
9.99874e-05 0.566608 0.433292
0.275879 0.137928 0.586193
0.233312 9.99374e-05 0.766588
9.99896e-05 0.233312 0.766588
0.136368 0.613632 0.25
0.100002 0.899998 0
0.20684 0.137893 0.655267
0.579549 0.170451 0.25
0.13793 0.482761 0.379309
0.0689596 0.655177 0.275864
