0.414206 0.0685209 0.517273
0.102839 0.448579 0.448582
0.103437 0.379317 0.517247
0.133089 0.0333401 0.833571
0.8 0.2 0
0.241377 0.482765 0.275858
0.300001 0.699999 0
0.137812 0.482846 0.379342
0.275812 0.275812 0.448377
0.6 0.4 0
0.172339 0.137925 0.689736
0.551725 0.0689647 0.379311
0.730768 0.269232 0
0.433337 0.566663 0
0.233332 0.766668 0
0.966666 0.0333337 0
0.0333327 0.966667 0
9.98531e-05 0.56661 0.43329
0.50791 0.140593 0.351497
0.333333 0.666667 0
0.105588 0.260883 0.633529
0.9999 9.99355e-05 0
0.392855 0.357145 0.25
0.000102279 0.214265 0.785633
0.57143 0.42857 0
0.260869 0.105592 0.633539
0.409093 0.147725 0.443182
0.544505 0.204191 0.251304
0.06667 0.93333 0
0.147727 0.409091 0.443182
0.633332 0.366668 0
0.0666648 0.433333 0.500002
0.0344757 0.0691568 0.896367
0.892866 0.107134 0
0.61534 0.000102456 0.384557
0.240002 0.240002 0.519995
0.482709 0.00010337 0.517188
0.000100875 0.629565 0.370334
0.000103411 0.482709 0.517188
0.233315 9.98032e-05 0.766585
0.760002 0.239998 0
0.0689416 0.51741 0.413649
6.75163e-05 9.80979e-05 0.999834
0.310313 0.000103291 0.689583
0.259276 0.444539 0.296184
0.392859 0.607141 0
0.333333 0.333333 0.333334
0.000100774 0.428536 0.571363
0.103476 0.586098 0.310427
0.517242 0.482758 0
0.0357122 0.714288 0.25
0.0333258 0.166684 0.79999
0.714293 0.0357073 0.25
0.579549 0.170451 0.25
0.14286 0.85714 0
0.214285 0.535715 0.25
0.125001 0.125001 0.749997
0.655183 0.0344677 0.31035
0.269228 0.730772 0
0.61059 0.102071 0.287339
9.99844e-05 0.9999 0
0.000101975 0.319958 0.67994
0.386306 0.0341157 0.579578
0.206852 0.379359 0.413788
0.0684982 0.349314 0.582188
9.99225e-05 0.733261 0.266639
0.0689685 0.655174 0.275858
0.827584 0.172416 0
0.100001 0.899999 0
0.306387 0.272306 0.421307
0.533364 0.0333229 0.433313
0.200003 0.799997 0
0.689661 0.310339 0
0.178554 0.000102636 0.821344
0.464283 0.249993 0.285724
0.103445 0.103445 0.79311
0.866661 0.133339 0
0.178568 0.321431 0.500002
0.321871 0.14152 0.536609
0.214237 0.178598 0.607165
0.933334 0.0666659 0
0.206928 0.0688847 0.724188
9.86629e-05 0.133326 0.866575
0.0999984 4.65599e-06 0.899997
0.176553 0.465427 0.35802
0.733261 9.99205e-05 0.266639
0.0689677 0.206909 0.724123
0.461553 0.538447 0
0.136363 0.613637 0.25
0.392863 0.214282 0.392856
5.66589e-05 0.0332803 0.966663
0.249997 0.357143 0.39286
0.310335 0.379329 0.310336
0.433259 0.100073 0.466668
0.321427 0.428573 0.25
0.310334 0.20689 0.482776
0.137842 0.206762 0.655396
0.357095 0.000101392 0.642803
0.413793 0.275862 0.310345
0.137936 0.27588 0.586184
