3.44405e-05 0.0333274 0.966638
0.241379 0.13793 0.620691
0.482759 0.241379 0.275862
0.7 0.3 0
0.413789 0.241378 0.344832
0.37931 0.206897 0.413793
0.103446 0.172412 0.724142
0.379311 0.13793 0.482759
0.482759 0.13793 0.379311
0.199997 0.800003 0
0.172411 0.275862 0.551726
0.392864 0.607136 0
0.0687979 0.656008 0.275194
0.566667 0.433333 0
0.766668 0.233332 0
0.966669 0.0333314 0
0.0333331 0.966667 0
0.266669 0.733331 0
0.275858 0.34483 0.379312
0.655176 0.0689605 0.275864
0.250007 0.392852 0.357141
0.0740848 0.185183 0.740732
0.100002 9.98414e-05 0.899898
0.586188 0.103457 0.310355
0.104823 0.301187 0.593989
0.241379 0.482759 0.275862
0.2609 0.105585 0.633515
0.0678005 0.389801 0.542399
0.00010316 0.653779 0.346118
0.409158 0.147711 0.443132
0.107143 0.892857 0
0.607142 0.392858 0
0.000103366 0.137914 0.861982
0.357145 0.642855 0
0.517344 0.0689508 0.413705
0.357142 0.392858 0.25
0.857142 0.142858 0
0.143066 0.034279 0.822655
0.629567 0.000100807 0.370332
0.239998 0.239998 0.520004
0.000103379 0.517187 0.48271
0.233329 0.766671 0
0.714287 0.0357129 0.25
0.142855 0.428573 0.428572
0.9999 9.99719e-05 0
9.97848e-05 0.9999 0
0.379322 0.0344821 0.586196
8.05306e-05 8.24368e-05 0.999837
0.000102221 0.749898 0.25
0.482764 0.517236 0
0.103451 0.586198 0.310352
0.73077 0.26923 0
0.0356422 0.712786 0.251572
0.299968 9.99572e-05 0.699932
0.000103195 0.346114 0.653783
0.535716 0.214284 0.25
0.204539 0.545461 0.25
0.444446 0.259255 0.296299
0.733262 9.9952e-05 0.266638
0.206897 0.206897 0.586207
0.379313 0.310343 0.310344
0.172414 0.137931 0.689655
0.464564 0.178082 0.357355
0.799996 0.200004 0
0.166667 0.833333 0
0.136364 0.613636 0.25
0.423075 0.576925 0
0.933326 0.0666737 0
0.321432 0.214287 0.464282
0.538461 0.461539 0
0.666667 0.333333 0
0.0672648 0.538118 0.394617
0.000103333 0.241359 0.758538
0.214281 0.321438 0.464282
9.99594e-05 0.433288 0.566612
0.174252 0.487942 0.337806
0.0666676 0.933332 0
0.333334 0.333334 0.333333
0.137929 0.24138 0.620691
0.206874 0.000103425 0.793022
0.275859 0.172414 0.551726
0.300006 0.699994 0
0.613636 0.136364 0.25
0.285714 0.464286 0.25
0.344827 0.275862 0.379311
0.0344827 0.275862 0.689655
0.48271 0.000103273 0.517187
0.358875 0.101244 0.539881
0.103447 0.103447 0.793106
0.466644 0.0666693 0.466686
0.137931 0.344827 0.517243
0.566609 9.99602e-05 0.433291
0.206895 0.0689632 0.724142
0.428575 0.321425 0.25
0.357103 0.00010139 0.642795
0.0333333 0.0666666 0.9
0.899999 0.100001 0
0.000103423 0.586146 0.413751
0.0689655 0.448276 0.482759
0.0333334 0.166667 0.8
