0.103436 0.275887 0.620676
0.2 0.8 0
0.310346 0.310346 0.379308
0.13794 0.482704 0.379355
0.133332 0.866668 0
0.86662 0.13338 0
0.482788 0.137852 0.379361
0.480019 0.519981 0
0.413753 9.82582e-05 0.586149
0.620688 0.0689659 0.310346
0.241371 0.448288 0.31034
0.0689418 0.34485 0.586209
0.269232 0.730768 0
0.586009 0.000102675 0.413889
0.137928 0.413791 0.44828
0.0333351 0.966665 0
0.966672 0.0333282 0
0.73333 0.26667 0
0.166662 9.92985e-05 0.833239
0.392827 0.357173 0.25
0.31042 0.241243 0.448338
0.214285 0.321429 0.464286
0.444455 0.14813 0.407415
0.607114 0.392886 0
0.379346 0.0689733 0.551681
0.34483 0.172414 0.482756
0.892866 0.107134 0
0.639916 0.000101021 0.359983
0.214277 0.000102199 0.785621
0.642857 0.357143 0
0.000102039 0.749898 0.25
0.108638 0.311959 0.579403
0.107143 0.892857 0
0.41385 0.275835 0.310315
0.299471 0.187164 0.513365
0.0666861 9.99491e-05 0.933214
0.370377 0.629623 0
0.647701 0.102299 0.25
0.586202 0.137959 0.275839
0.142857 0.214285 0.642858
0.000102951 0.517188 0.482709
9.8375e-05 6.60363e-05 0.999836
9.9515e-05 0.9999 0
0.175203 0.123988 0.700809
0.137694 0.345942 0.516364
0.543741 0.0679608 0.388298
0.239995 0.760005 0
0.0344936 0.689651 0.275856
0.379296 0.241396 0.379308
0.000101721 0.379277 0.620621
0.517233 0.482767 0
0.000103087 0.13792 0.861977
0.766666 0.233334 0
0.000102135 0.241358 0.75854
0.9999 9.95054e-05 0
0.5 0.25 0.25
0.275858 0.379292 0.34485
0.25 0.5 0.25
0.103479 0.586084 0.310437
0.448274 0.551726 0
0.000101016 0.60708 0.392819
0.712774 0.0356564 0.251569
0.464252 0.000100319 0.535648
0.517188 0.000103419 0.482709
0.172422 0.827578 0
0.310343 0.689657 0
0.827582 0.172418 0
0.576927 0.423073 0
0.333332 0.333333 0.333335
0.033332 0.0666641 0.900004
0.249845 0.0682067 0.681948
0.0689638 0.137928 0.793109
0.206875 0.172403 0.620723
0.699969 0.300031 0
0.0683393 0.409941 0.521719
0.749898 0.000102063 0.25
0.13641 0.61359 0.25
0.23409 0.401233 0.364677
0.000103008 0.655094 0.344803
0.066675 0.933325 0
0.933333 0.0666671 0
0.172409 0.517244 0.310347
0.0344862 0.275864 0.689649
0.206898 0.241393 0.551709
0.275864 0.137932 0.586204
0.107329 0.0343338 0.858337
0.517231 0.17242 0.310349
0.0669875 0.502424 0.430589
0.310317 0.0689524 0.620731
0.137921 0.103434 0.758645
0.148145 0.444441 0.407413
0.31033 0.413832 0.275838
0.285675 0.285676 0.428649
0.400001 0.599999 0
0.346119 0.000102926 0.653778
0.432347 0.100164 0.467488
0.275816 0.000103181 0.724081
0.000103134 0.448255 0.551642
0.448287 0.206903 0.34481
0.0689625 0.206894 0.724143
