0.482764 0.137921 0.379315
0.6 0.4 0
0.866664 0.133336 0
0.133334 0.866666 0
0.10343 0.448285 0.448285
0.344835 0.206879 0.448286
0.275851 0.379315 0.344834
0.480002 0.519998 0
0.000103293 0.413751 0.586146
0.517241 0.172414 0.310345
0.344827 0.0689656 0.586208
0.269232 0.730768 0
0.586148 0.000103434 0.413748
0.0333341 0.966666 0
0.966668 0.033332 0
0.0689658 0.310342 0.620692
0.000103424 0.655105 0.344792
0.27586 0.172414 0.551726
0.148148 0.444445 0.407406
0.199997 0.800003 0
0.000102259 0.749898 0.25
0.103449 0.586205 0.310346
0.00010245 0.21426 0.785637
0.123712 0.175258 0.70103
0.639945 0.000100889 0.359954
0.187157 0.299449 0.513393
0.0343344 0.107292 0.858374
0.892856 0.107144 0
0.370379 0.629621 0
0.311447 0.108719 0.579834
0.239994 0.760006 0
9.94941e-05 8.90512e-05 0.999811
0.502394 0.0669864 0.43062
0.9999 9.9785e-05 0
0.137895 0.000102708 0.862002
0.62069 0.0689652 0.310345
0.135047 0.396437 0.468517
0.392858 0.357142 0.25
9.99926e-05 0.9999 0
0.28571 0.428566 0.285724
0.517242 0.482758 0
0.448276 0.206895 0.344829
0.712794 0.0356327 0.251574
0.629626 0.370374 0
0.766669 0.233331 0
0.000103163 0.346122 0.653775
0.730769 0.269231 0
0.25 0.5 0.25
0.379272 0.000103382 0.620625
0.137928 0.48276 0.379312
0.333333 0.333331 0.333336
0.274425 0.253961 0.471614
0.241356 0.000103134 0.758541
0.0344812 0.689665 0.275854
0.0689646 0.379319 0.551717
0.482759 0.241379 0.275862
0.448274 0.551726 0
0.344829 0.275863 0.379308
0.551677 0.103459 0.344864
0.214281 0.142854 0.642865
0.689657 0.310343 0
0.607108 0.142892 0.25
0.000101139 0.607061 0.392838
0.172429 0.827571 0
0.310343 0.689657 0
0.749898 0.000102248 0.25
0.107139 0.892861 0
0.433026 0.0667026 0.500272
0.827585 0.172415 0
0.0681116 0.250782 0.681107
0.000100427 0.464239 0.53566
0.137923 0.0689615 0.793115
0.0666624 0.933338 0
0.407407 0.185183 0.40741
0.136365 0.613635 0.25
0.571428 0.428572 0
9.99981e-05 0.166678 0.833222
9.99328e-05 0.0666734 0.933227
0.933335 0.0666646 0
0.249999 0.21428 0.535721
0.275862 0.0344756 0.689663
0.137931 0.275862 0.586207
0.535712 0.214288 0.25
0.241386 0.344811 0.413803
0.172414 0.517241 0.310345
0.066986 0.502394 0.43062
0.103449 0.137927 0.758624
0.344876 0.137921 0.517203
0.206905 0.413789 0.379306
0.4 0.6 0
0.06666 0.03331 0.90003
0.000103433 0.275831 0.724065
0.172414 0.344828 0.482758
0.44823 0.000103404 0.551667
0.000103399 0.517187 0.48271
0.413793 0.137931 0.448276
0.172414 0.206893 0.620692
0.206896 0.0689655 0.724138
0.517187 0.000103432 0.48271
0.413793 0.275862 0.310345
