0.866661 0.133339 0
0.48286 0.241278 0.275862
0.241377 0.482764 0.275859
0.310335 0.310335 0.37933
0.172402 0.379306 0.448292
0.300009 0.699991 0
0.0999991 0.166657 0.733344
0.20688 0.13792 0.6552
0.800005 0.199995 0
0.607079 0.392921 0
0.321427 0.214287 0.464286
0.166652 8.01678e-05 0.833267
0.0689377 0.448289 0.482773
0.65595 0.0688099 0.275241
0.433344 0.566656 0
0.233312 0.766688 0
0.96667 0.0333301 0
0.0333329 0.966667 0
0.482739 0.0689675 0.448293
0.41375 0.000102992 0.586147
0.733327 0.266673 0
0.392767 0.250038 0.357194
0.586037 0.103491 0.310472
0.000102988 0.103415 0.896482
0.0666611 7.44279e-05 0.933264
0.302385 0.104641 0.592974
0.39285 0.357149 0.250001
0.344651 0.17245 0.482899
0.0666743 0.933326 0
0.214274 0.000102343 0.785624
0.892858 0.107142 0
0.000103324 0.482712 0.517185
0.392854 0.607146 0
0.1073 0.0343388 0.858362
0.461532 0.538468 0
9.91492e-05 0.629566 0.370335
0.142877 0.857123 0
0.0689652 0.344832 0.586203
0.240004 0.240004 0.519992
0.517188 0.000103236 0.482709
0.653769 0.000103148 0.346128
0.0333089 0.533501 0.433191
9.99688e-05 0.9999 0
0.333336 0.333336 0.333329
0.269227 0.730773 0
0.517241 0.482759 0
0.168301 0.124754 0.706945
0.749897 0.000102031 0.250001
0.0357128 0.714286 0.250001
0.9999 9.97708e-05 0
0.766669 0.233331 0
0.241479 0.0689568 0.689564
0.103461 0.586155 0.310383
0.642822 0.357178 0
0.712778 0.0356527 0.25157
0.000103174 0.310317 0.689579
9.92042e-05 0.166659 0.833242
0.346127 0.000103026 0.65377
0.428558 0.1429 0.428543
0.379348 0.0688996 0.551752
0.142856 0.428568 0.428576
9.93548e-05 8.7294e-05 0.999813
0.545473 0.204526 0.250001
0.25004 0.392778 0.357182
0.142857 0.214293 0.64285
0.103448 0.275861 0.620691
9.9716e-05 0.733249 0.266651
0.199999 0.800001 0
9.98436e-05 0.233324 0.766576
0.431484 0.0334417 0.535074
0.333333 0.666667 0
0.833333 0.166667 0
0.576926 0.423074 0
0.206914 0.310336 0.48275
0.0689536 0.655182 0.275865
0.700002 0.299998 0
0.285707 0.464292 0.250001
0.538091 0.0672571 0.394652
0.487931 0.174247 0.337822
0.933323 0.0666765 0
0.0344831 0.413773 0.551744
0.172418 0.482745 0.344837
0.285712 0.285712 0.428576
0.310358 0.413779 0.275863
0.13636 0.613639 0.250001
0.613631 0.136368 0.250001
0.172416 0.275862 0.551722
0.464299 0.2857 0.250001
0.0689598 0.241371 0.689669
0.36001 0.63999 0
0.241384 0.172412 0.586204
0.137914 0.103435 0.758651
0.103435 0.379399 0.517166
0.214286 0.535713 0.250001
0.103442 0.517217 0.379341
0.0689512 0.137902 0.793146
0.000103306 0.379272 0.620625
0.275778 0.00010318 0.724119
0.0999994 0.900001 0
0.586164 0.000103192 0.413733
