0.0641811 0.31889 0.616929
0.183114 0.270935 0.545951
0.312881 0.0346666 0.652452
8.581e-05 0.15643 0.843484
0.0315903 0.465653 0.502757
0.0285072 0.0302601 0.941233
6.03946e-05 0.583575 0.416365
0.266497 0.266434 0.467069
0.463624 0.0535054 0.482871
0.648968 7.43845e-05 0.350958
0.375067 0.169092 0.455841
1.5837e-05 0.100355 0.899629
0.796924 0.203076 0
0.302234 0.282136 0.415629
0.566684 0.0679892 0.365327
0.735216 0.264784 0
0.585888 0.106166 0.307946
0.310483 2.48426e-06 0.689514
0.428652 0.321335 0.250013
0.482473 0.517527 0
0.106007 0.299525 0.594468
9.8107e-05 0.654245 0.345657
0.265331 0.202067 0.532602
0.168534 0.581311 0.250155
0.634354 0.365646 0
0.422635 0.0302696 0.547096
0.493533 0.235828 0.270639
0.43766 0.139994 0.422346
0.399667 0.600333 0
0.344076 0.0684567 0.587467
0.134952 0.0664234 0.798625
0.892875 0.107125 0
0.267625 0.0585035 0.673871
3.60875e-05 0.215361 0.784603
0.107175 0.892825 0
0.0343327 0.108848 0.856819
0.240294 0.240237 0.519468
9.01407e-05 0.517039 0.482871
0.059382 0.655128 0.28549
0.214883 0.317942 0.467174
0.250058 0.499896 0.250046
0.482723 0.000101205 0.517176
0.999902 9.84653e-05 0
0.943257 0.0567427 0
0.239785 0.760215 8.88178e-16
0.597648 0.402352 0
9.92124e-05 0.999901 0
0.129609 0.42444 0.44595
3.64121e-05 0.0663786 0.933585
0.333379 0.333353 0.333267
0.0352178 0.701552 0.263231
0.269486 0.730514 0
9.91011e-05 9.23794e-05 0.999809
0.377159 0.245303 0.377537
0.517196 0.482804 0
0.714249 0.0357216 0.25003
0.029985 0.55365 0.416365
0.101998 1.16928e-05 0.89799
0.12492 0.167326 0.707754
0.207865 0.20846 0.583676
0.759981 0.240019 0
0.310068 0.689932 0
0.434866 0.205187 0.359948
0.371177 0.628823 0
0.0328241 0.429521 0.537655
0.233456 9.86926e-05 0.766445
0.733357 8.4013e-05 0.266559
3.95652e-05 0.346244 0.653717
0.615568 8.18589e-05 0.38435
0.544581 0.204353 0.251066
7.75598e-05 0.749436 0.250486
0.24298 0.140091 0.616929
0.447595 0.552405 0
0.82722 0.17278 0
0.14811 0.444421 0.40747
0.0681715 0.579519 0.35231
0.0992272 0.0992037 0.801569
0.384691 4.39536e-05 0.615266
0.688681 0.311319 0
0.571489 0.428511 0
0.29008 0.411731 0.298189
0.31718 0.212277 0.470543
0.068645 0.241127 0.690228
0.176077 0.102159 0.721764
0.524489 0.0327156 0.442795
0.48366 0.172948 0.343391
0.966938 0.0330625 0
0.0664729 0.933527 0
0.133658 0.866342 0
0.309485 0.138785 0.55173
0.100308 0.386092 0.5136
0.16389 0.491119 0.34499
0.380464 0.102566 0.51697
0.609872 0.139973 0.250155
0.276821 0.34612 0.377059
0.159176 1.82475e-05 0.840806
0.0625008 0.168102 0.769397
2.03539e-05 0.397973 0.602007
0.669957 0.0634156 0.266627
0.164842 0.311697 0.523461
