0.413878 0.102987 0.483135
0.360146 0.639854 0
0.239704 0.486199 0.274096
0.482667 0.241466 0.275866
0.310345 0.310345 0.37931
0.30008 0.69992 0
0.100004 0.166672 0.733324
0.800103 0.199897 0
0.607137 0.392863 0
0.16665 9.84699e-05 0.833252
0.660701 0.0677438 0.271555
0.43327 0.56673 0
0.517178 0.103422 0.3794
0.233339 0.766661 0
0.0344816 0.655172 0.310346
0.966665 0.0333349 0
0.0333344 0.966666 0
0.346291 0.378583 0.275126
0.390165 0.25145 0.358385
0.000103263 0.310315 0.689582
0.392856 0.357144 0.25
0.0666879 0.933312 0
0.214305 0.000101685 0.785593
0.699968 0.300032 0
0.14286 0.428563 0.428577
0.653897 0.000102549 0.346
0.103405 0.379325 0.51727
0.0687563 0.448366 0.482877
0.428295 0.143007 0.428698
0.892851 0.107149 0
0.0689636 0.344839 0.586197
0.299294 0.105095 0.595611
0.103449 0.586204 0.310347
9.99531e-05 0.733279 0.266621
0.393069 0.606931 0
0.107281 0.0343364 0.858383
0.586223 0.103424 0.310353
0.607069 0.000100966 0.39283
0.642856 0.357144 0
0.481923 0.0688952 0.449181
0.269226 0.730774 0
8.61198e-05 0.629466 0.370448
0.000103062 0.379272 0.620625
0.240002 0.240002 0.519996
0.172412 0.482777 0.344812
0.517172 0.000103351 0.482724
9.96133e-05 0.9999 0
0.000103385 0.482709 0.517187
0.999901 9.92383e-05 0
0.000102643 0.103418 0.896479
9.21125e-05 8.49061e-05 0.999823
0.0689605 0.137921 0.793119
0.142909 0.857091 0
0.333336 0.333336 0.333328
0.712919 0.0356507 0.251431
0.168257 0.124761 0.706982
9.98825e-05 0.233326 0.766574
0.0357157 0.714284 0.25
0.346118 0.000102886 0.653779
0.51724 0.48276 0
0.213917 0.536083 0.25
0.142856 0.214284 0.64286
0.388764 0.0680146 0.543221
0.200022 0.799978 0
0.285842 0.464158 0.25
0.5456 0.2044 0.25
0.833324 0.166676 0
0.577014 0.422986 0
0.461542 0.538458 0
0.208905 0.309475 0.48162
0.250897 0.0681057 0.680997
0.866633 0.133367 0
0.749898 0.000101782 0.25
0.0683492 0.521515 0.410136
0.250128 0.392555 0.357317
0.344544 0.172512 0.482943
0.172413 0.275861 0.551726
0.487892 0.173929 0.338178
0.275826 0.172398 0.551776
0.33352 0.66648 0
0.557276 0.0336602 0.409064
0.137921 0.103447 0.758632
0.933333 0.0666671 0
0.464714 0.285286 0.25
0.0344827 0.41379 0.551727
0.0666469 8.19626e-05 0.933271
0.31055 0.241291 0.448159
0.432688 2.26891e-05 0.567289
0.285711 0.285712 0.428577
0.136363 0.613637 0.25
0.0689625 0.241376 0.689662
0.613614 0.136386 0.25
0.20684 0.172339 0.62082
5.38219e-05 0.16666 0.833286
0.766749 0.233251 0
7.78282e-05 0.566427 0.433495
0.275831 0.000103413 0.724066
0.100288 0.899712 0
0.10345 0.275853 0.620697
0.73322 0.26678 0
