0.333302 9.96602e-05 0.666598
0.379273 0.275874 0.344853
0.800003 0.199997 0
0.310339 0.310339 0.379321
0.482764 0.137927 0.379308
0.866663 0.133337 0
0.133338 0.866662 0
0.137925 0.482768 0.379307
0.392858 0.607142 0
0.519995 0.480005 0
0.000103189 0.413743 0.586154
0.299958 0.0666706 0.633371
9.86582e-05 0.166648 0.833253
0.0689551 0.620696 0.310349
0.448279 0.241372 0.310349
0.730767 0.269233 0
0.413792 0.13793 0.448277
0.0333298 0.96667 0
0.966669 0.0333314 0
0.266676 0.733324 0
0.214283 0.142845 0.642872
9.99414e-05 0.9999 0
0.137907 0.000102855 0.86199
0.379272 0.000102474 0.620625
0.892857 0.107143 0
0.148148 0.444445 0.407407
0.137934 0.586214 0.275851
0.423059 0.576941 0
0.000103398 0.586148 0.413749
0.100256 0.431878 0.467866
0.749898 0.000102162 0.25
0.107141 0.892859 0
0.444442 0.148148 0.40741
0.321424 0.214283 0.464293
0.357145 0.642855 0
0.187216 0.299445 0.513339
0.0689353 0.379565 0.551499
0.311967 0.108672 0.579361
0.68966 0.0344885 0.275852
7.9283e-05 6.07441e-05 0.99986
0.0356181 0.7128 0.251582
0.103442 0.137933 0.758625
0.000102922 0.517181 0.482716
0.655101 0.000103333 0.344796
0.233322 0.766678 0
0.172412 0.517241 0.310347
0.333332 0.333332 0.333337
0.51718 0.000103404 0.482716
0.409933 0.0683286 0.521738
0.249998 0.500002 0.25
0.5 0.25 0.25
0.206885 0.448283 0.344832
0.482761 0.517239 0
0.357179 0.392821 0.25
0.76 0.24 0
0.241362 0.000103254 0.758535
0.000101039 0.639932 0.359967
0.0343344 0.107312 0.858354
0.123747 0.175251 0.701002
0.000103011 0.346113 0.653784
0.137902 0.275944 0.586154
0.551724 0.448276 0
0.607066 0.000101175 0.392833
0.275889 0.0344781 0.689633
0.000102249 0.749898 0.25
0.827588 0.172412 0
0.689663 0.310337 0
0.137939 0.344833 0.517229
0.172409 0.827591 0
0.999901 9.866e-05 0
0.613634 0.136366 0.25
0.0681936 0.249889 0.681917
0.241366 0.379314 0.37932
0.346194 0.137647 0.516158
0.000102465 0.214269 0.785628
0.13794 0.0689696 0.793091
0.300014 0.699986 0
0.0679861 0.543679 0.388335
0.40121 0.234052 0.364738
4.01151e-05 0.0666504 0.933309
0.933333 0.0666675 0
0.0666609 0.933339 0
0.241377 0.206903 0.55172
0.586031 0.10349 0.310479
0.102273 0.647727 0.25
0.000100284 0.46426 0.53564
0.517238 0.172415 0.310347
0.206897 0.344822 0.448281
0.629629 0.370371 0
0.413791 0.310357 0.275852
0.502393 0.0669878 0.43062
0.448235 0.000103198 0.551662
0.285715 0.285715 0.428569
0.0666654 0.0333327 0.900002
0.275855 0.413808 0.310337
0.000103352 0.275833 0.724064
0.6 0.4 0
0.172414 0.206897 0.62069
0.0689643 0.310346 0.62069
0.172401 0.103439 0.72416
