0.533482 0.466518 0
0.433308 2.44902e-05 0.566668
2.44712e-05 0.566654 0.433322
0.130725 0.3725 0.496775
0.700021 0.299979 0
0.200001 0.799999 0
0.800014 0.199986 0
0.299993 0.700007 0
0.375105 0.0999263 0.524969
2.4499e-05 0.433311 0.566665
0.292578 0.247562 0.45986
0.125353 0.164183 0.710465
0.272631 0.126551 0.600818
0.199961 5.82076e-06 0.800034
0.366664 0.633336 0
0.633333 0.366667 0
0.513161 0.236838 0.250001
0.400002 0.599998 0
0.268302 0.292692 0.439007
2.39672e-05 0.599987 0.399989
0.599984 2.39211e-05 0.399992
0.434202 0.315797 0.250001
0.357134 2.31202e-05 0.642843
2.39421e-05 0.399991 0.599985
0.133333 0.866667 0
0.64818 0.0925995 0.25922
0.162786 0.418609 0.418605
0.130379 0.61962 0.250001
0.599999 0.400001 0
0.235331 0.254938 0.509731
0.666668 0.333332 0
0.446795 0.106387 0.446818
0.470576 2.50903e-05 0.529399
0.283334 0.149993 0.566673
2.50554e-05 0.530164 0.469811
0.714271 2.09304e-05 0.285708
0.193596 0.225911 0.580494
0.0384666 0.961533 0
0.0830332 0.087356 0.829611
0.233323 0.766677 0
0.24323 0.378404 0.378366
0.333333 0.333333 0.333333
0.135099 0.192188 0.672713
2.21821e-05 0.666651 0.333327
0.300001 2.09667e-05 0.699979
0.418602 0.162795 0.418603
0.999997 3.33283e-06 0
0.560386 0.439614 0
6.87961e-07 2.11385e-06 0.999997
0.470572 0.529428 0
3.31347e-06 0.999997 0
0.566654 2.4547e-05 0.433322
0.554347 0.195652 0.250001
0.310344 0.310344 0.379312
0.25 0.499999 0.250001
0.526436 0.138558 0.335006
1.95227e-05 0.733332 0.266648
0.866668 0.133332 0
0.227258 0.454516 0.318226
0.3613 0.232265 0.406435
0.233324 1.78819e-05 0.766658
1.7933e-05 0.266671 0.733311
0.5 0.5 0
0.766658 0.233342 0
0.74998 1.91038e-05 0.250001
0.399991 2.39657e-05 0.599985
0.133333 1.15509e-05 0.866655
0.303818 0.417703 0.278479
1.59078e-05 0.200009 0.799976
0.145223 0.526018 0.328759
0.0869621 0.913038 0
0.909097 0.0909027 0
0.1671 0.108666 0.724233
0.499987 2.49865e-05 0.499988
0.393247 0.252797 0.353955
2.22191e-05 0.333326 0.666651
2.49474e-05 0.499988 0.499988
0.142816 0.321422 0.535762
0.32365 0.190886 0.485464
0.0433721 0.0434588 0.913169
0.471666 0.220128 0.308205
0.266663 0.733337 0
0.733332 0.266668 0
0.83333 0.16667 0
1.14235e-05 0.133334 0.866654
0.371433 0.371433 0.257134
0.166673 0.833327 0
0.247153 0.0941062 0.658741
0.106385 0.446808 0.446807
0.433325 0.566675 0
0.666651 2.22209e-05 0.333326
0.099238 0.240247 0.660515
1.56644e-15 0.749999 0.250001
0.178584 0.571415 0.250001
0.569619 0.113926 0.316455
0.0831676 0.305613 0.611219
0.310371 0.379306 0.310323
0.961525 0.038475 0
0.333333 0.666667 0
0.207943 0.346489 0.445568
