0.137928 0.48276 0.379312
0.4 0.6 0
0.8 0.2 0
0.172414 0.275861 0.551725
0.866666 0.133334 0
0.133333 0.866667 0
0.344828 0.172414 0.482758
0.206897 0.344827 0.448276
0.37931 0.275861 0.344829
0.16666 9.9953e-05 0.83324
0.0689654 0.344828 0.586207
0.730769 0.269231 0
0.966668 0.0333316 0
0.0333338 0.966666 0
0.310344 0.0689654 0.62069
0.655105 0.000103377 0.344792
0.551726 0.448274 0
0.448276 0.103448 0.448276
0.9999 9.99081e-05 0
0.000103168 0.13791 0.861987
0.000102155 0.749898 0.25
0.586204 0.103449 0.310347
0.185184 0.407408 0.407408
0.17525 0.123739 0.70101
0.357143 0.392857 0.25
0.142854 0.214281 0.642864
0.444444 0.148148 0.407407
0.254249 0.273584 0.472168
0.275863 0.137931 0.586206
0.749898 0.000102254 0.25
0.892856 0.107144 0
0.379324 0.068964 0.551712
0.370368 0.629632 0
0.0344827 0.275864 0.689654
0.107292 0.0343369 0.858371
0.172414 0.517241 0.310345
0.000100816 0.639944 0.359956
0.108691 0.311639 0.57967
0.107142 0.892858 0
0.000103253 0.241354 0.758543
0.0356415 0.712783 0.251576
0.214261 0.000102433 0.785636
0.000103412 0.448229 0.551667
0.519998 0.480002 0
0.5 0.25 0.25
0.333335 0.333333 0.333332
0.142858 0.607142 0.25
0.250892 0.0680998 0.681008
0.48276 0.137929 0.379311
0.760003 0.239997 0
0.299418 0.187297 0.513285
0.689654 0.0344844 0.275861
0.000103198 0.517188 0.482709
9.98216e-05 0.9999 0
0.233331 0.766669 0
9.87261e-05 8.84497e-05 0.999813
0.482759 0.517241 0
0.24138 0.482759 0.275861
0.346116 0.000103056 0.653781
0.0001034 0.379271 0.620626
0.0666671 0.43333 0.500003
0.310344 0.689656 0
0.607078 0.000101121 0.392821
0.275862 0.413793 0.310345
0.827586 0.172414 0
0.172414 0.827586 0
0.0689621 0.137924 0.793114
0.413679 0.207115 0.379206
0.613636 0.136364 0.25
0.428572 0.571428 0
0.502397 0.0669857 0.430618
0.629626 0.370374 0
0.0666562 6.5007e-05 0.933279
0.000103307 0.586146 0.413751
0.933333 0.0666665 0
0.0666665 0.933334 0
0.214277 0.250003 0.53572
0.464241 0.000100406 0.535659
0.0333215 0.0666605 0.900018
0.0669861 0.502396 0.430618
0.689657 0.310343 0
0.214286 0.535714 0.25
0.344825 0.241381 0.413794
0.103461 0.551668 0.34487
0.428569 0.285713 0.285718
0.206896 0.448275 0.344828
0.517241 0.172414 0.310345
0.275861 0.344831 0.379308
0.137931 0.103444 0.758625
0.1379 0.344975 0.517125
0.517188 0.000103435 0.482709
0.0689645 0.62069 0.310345
0.41375 0.000103435 0.586146
0.275831 0.000103426 0.724065
0.396908 0.134021 0.469071
0.269232 0.730768 0
0.6 0.4 0
0.206896 0.172414 0.62069
0.103448 0.172413 0.724138
0.137931 0.413793 0.448276
