0.333299 9.61352e-05 0.666605
0.380029 0.274938 0.345033
0.799999 0.200001 0
0.310337 0.310343 0.379319
0.133338 0.866662 0
0.137935 0.482745 0.379319
0.448312 0.206888 0.3448
0.519999 0.480001 0
0.000103307 0.41375 0.586146
9.99408e-05 0.166654 0.833246
0.0689672 0.620683 0.31035
0.730766 0.269234 0
0.000103393 0.586147 0.41375
0.344829 0.0689569 0.586214
0.0333315 0.966669 0
0.413786 0.137929 0.448285
0.000102471 0.214262 0.785635
0.148148 0.444444 0.407409
0.379271 0.000103374 0.620626
0.749898 0.000102241 0.25
0.0666728 0.933327 0
0.107144 0.892856 0
0.6 0.4 0
0.357143 0.642857 0
0.214283 0.142855 0.642862
0.310349 0.379308 0.310343
5.85117e-05 9.99425e-05 0.999842
0.892845 0.107155 0
0.123712 0.175257 0.701032
0.187155 0.299466 0.51338
0.629625 0.370375 0
0.311766 0.109226 0.579008
0.000103371 0.517188 0.482709
0.866663 0.133337 0
0.0343358 0.107291 0.858373
0.689648 0.0344928 0.275859
0.444443 0.148148 0.407409
0.233328 0.766672 0
0.333329 0.333333 0.333338
0.48282 0.137825 0.379354
0.000100839 0.639952 0.359948
0.03564 0.712789 0.251571
0.827576 0.172424 0
0.275866 0.103437 0.620698
0.13793 0.586211 0.275859
0.9999 9.97823e-05 0
0.517188 0.000103391 0.482709
0.392856 0.357144 0.25
0.401138 0.234064 0.364798
0.760001 0.239999 0
9.98609e-05 0.9999 0
0.607069 0.000101067 0.39283
0.241353 0.000103227 0.758544
0.000103217 0.346132 0.653765
0.5 0.25 0.25
0.551727 0.448273 0
0.000102247 0.749898 0.25
0.689655 0.310345 0
0.102276 0.647724 0.25
0.172413 0.827587 0
0.423075 0.576925 0
0.586207 0.103448 0.310345
0.0681147 0.250758 0.681128
0.392856 0.607144 0
0.613632 0.136368 0.25
0.09999 9.35771e-05 0.899916
0.321431 0.214287 0.464282
0.241387 0.379292 0.379322
0.300003 0.699997 0
0.409965 0.0683373 0.521697
0.172414 0.344828 0.482759
0.0679741 0.543696 0.38833
0.482763 0.517237 0
0.933335 0.0666646 0
0.275856 0.0344749 0.689669
0.25 0.5 0.25
0.241382 0.206908 0.551711
9.64272e-05 0.0666594 0.933244
0.103444 0.137931 0.758625
0.000100367 0.46424 0.535659
0.138045 0.0344782 0.827477
0.517239 0.172413 0.310348
0.137931 0.275862 0.586206
0.172414 0.517241 0.310345
0.0689579 0.379378 0.551664
0.502398 0.0669901 0.430612
0.206894 0.0689648 0.724141
0.966669 0.0333314 0
0.285709 0.285722 0.42857
0.1003 0.431865 0.467835
0.000103284 0.275827 0.72407
0.285722 0.428587 0.285691
0.44827 0.275871 0.275859
0.344843 0.137928 0.517229
0.44823 0.000103334 0.551667
0.206903 0.44826 0.344837
0.0689623 0.310346 0.620692
0.172408 0.206898 0.620694
0.655105 0.000103394 0.344792
0.266669 0.733331 0
