0.13793 0.482759 0.379311
0.133336 0.866664 0
0.866667 0.133333 0
0.172414 0.344828 0.482759
0.275866 0.379303 0.344831
0.480001 0.519999 0
0.00010342 0.41375 0.586146
0.517241 0.172414 0.310345
7.92887e-05 0.166641 0.833279
0.275858 0.172412 0.55173
0.344822 0.0689661 0.586212
0.269233 0.730767 0
0.586145 0.000103418 0.413752
0.03333 0.96667 0
0.966669 0.0333314 0
0.000103311 0.655105 0.344792
0.0689652 0.310345 0.62069
0.137925 0.000103409 0.861972
0.607146 0.142854 0.25
0.275887 0.0344762 0.689636
0.6 0.4 0
0.103449 0.586202 0.310348
0.0689601 0.379358 0.551682
0.379271 0.000103418 0.620625
0.502394 0.0669793 0.430626
0.892857 0.107143 0
0.413793 0.275862 0.310345
0.103448 0.448276 0.448276
0.000102406 0.214271 0.785626
0.107145 0.892855 0
0.629626 0.370374 0
0.272737 0.254555 0.472708
0.187169 0.299464 0.513367
0.639949 0.000100986 0.35995
0.37037 0.62963 0
9.9974e-05 0.9999 0
0.148142 0.444467 0.407391
0.134043 0.396898 0.46906
0.517188 0.000103391 0.482709
0.000103432 0.517188 0.482709
9.58927e-05 7.67988e-05 0.999827
0.311874 0.108652 0.579473
0.333334 0.333335 0.333331
0.448278 0.551722 0
0.517241 0.482759 0
0.000102181 0.749898 0.25
0.766675 0.233325 0
0.82759 0.17241 0
0.12374 0.175252 0.701008
0.392847 0.357153 0.25
0.535711 0.214289 0.25
0.9999 9.99063e-05 0
0.25 0.5 0.25
0.207081 0.413697 0.379222
0.239999 0.760001 0
0.712782 0.0356473 0.25157
0.482759 0.241379 0.275862
0.0344832 0.689655 0.275862
0.13793 0.275865 0.586204
0.241355 0.000103413 0.758542
0.000100392 0.464239 0.53566
0.000103187 0.346121 0.653776
0.551707 0.103452 0.344841
0.214282 0.142855 0.642862
0.68966 0.31034 0
0.000101155 0.607073 0.392825
0.172415 0.827585 0
0.310338 0.689662 0
0.448271 0.206898 0.344831
0.749898 0.000102187 0.25
0.44823 0.000103361 0.551666
0.43334 0.0666677 0.499992
0.0681357 0.250512 0.681352
0.137933 0.0689663 0.793101
0.136363 0.613637 0.25
0.199995 0.800005 0
0.571432 0.428568 0
0.407396 0.185189 0.407415
0.344827 0.275863 0.379311
7.18795e-05 0.0666604 0.933268
0.0666708 0.933329 0
0.933336 0.0666638 0
0.10345 0.13793 0.75862
0.285716 0.428574 0.285711
0.172415 0.206891 0.620694
0.241382 0.344822 0.413796
0.48276 0.137929 0.379311
0.172414 0.517241 0.310345
0.0669789 0.502395 0.430626
0.345242 0.137847 0.516911
0.4 0.6 0
0.0666662 0.0333326 0.900001
0.620695 0.0689573 0.310348
0.250002 0.214281 0.535717
0.413793 0.137931 0.448276
0.344828 0.206896 0.448276
0.000103405 0.275833 0.724064
0.730768 0.269232 0
0.0343347 0.107305 0.858361
0.172413 0.103448 0.724139
