0.335514 6.83003e-05 0.664417
0.205804 0.411813 0.382383
0.274838 0.310803 0.414359
0.378933 0.206787 0.41428
0.447991 0.103378 0.448631
0.137931 0.862069 0
0.866665 0.133335 0
0.392901 0.607099 0
0.516981 0.138007 0.345011
8.13906e-05 0.413662 0.586256
9.9826e-05 0.166665 0.833235
0.345099 0.0687547 0.586146
0.730764 0.269236 0
0.0665046 0.310741 0.622754
9.99571e-05 0.586168 0.413732
0.033322 0.966678 0
0.321349 0.214232 0.464419
0.137869 0.586714 0.275417
0.37932 7.72177e-05 0.620603
0.14813 0.44444 0.407429
0.137915 0.000103411 0.861982
0.444644 0.148125 0.407231
0.0689522 0.379063 0.551985
0.000102403 0.214262 0.785635
0.551748 0.172375 0.275877
0.107137 0.892863 0
0.288826 0.169386 0.541788
0.357134 0.642866 0
0.187184 0.299443 0.513374
0.827586 0.172414 0
0.0343347 0.107305 0.858361
0.312021 0.108675 0.579303
0.123922 0.175216 0.700862
9.97e-05 9.76165e-05 0.999803
0.333332 0.333328 0.33334
0.249917 0.500083 0.25
0.9999 9.99771e-05 0
0.689634 0.0345008 0.275865
0.000103431 0.517188 0.482709
0.172565 0.482933 0.344502
0.35713 0.39287 0.25
0.517188 0.000103429 0.482709
0.0688447 0.620829 0.310326
0.378857 0.137828 0.483315
0.214337 0.142167 0.643495
0.892857 0.107143 0
0.0356302 0.712799 0.251571
0.482761 0.517239 0
0.760006 0.239994 0
0.233343 0.766657 0
0.000103077 0.346123 0.653774
0.241351 0.000102946 0.758547
0.629628 0.370372 0
0.428437 0.214219 0.357344
0.5 0.25 0.25
0.344304 0.275352 0.380344
0.551664 0.448336 0
0.607015 0.00010113 0.392884
9.20501e-05 0.0666563 0.933252
0.000102064 0.749898 0.25
0.689648 0.310352 0
0.172405 0.827595 0
0.422694 0.577306 0
0.275815 0.413786 0.310399
0.067766 0.252704 0.67953
0.0679075 0.543948 0.388144
0.137931 0.0689656 0.793103
0.933323 0.066677 0
0.266704 0.733296 0
0.250004 0.357243 0.392753
0.29997 0.70003 0
9.46773e-05 0.640515 0.35939
0.410172 0.0682967 0.521532
0.613467 0.136533 0.25
0.0666733 0.933327 0
0.206851 0.517349 0.2758
0.241962 0.206676 0.551362
0.276745 0.0341372 0.689118
0.519959 0.480041 0
9.15945e-05 0.464812 0.535096
0.102362 0.647638 0.25
0.583907 0.104024 0.312069
0.138106 0.278065 0.58383
0.502471 0.0669037 0.430625
9.98384e-05 0.9999 0
0.103444 0.137932 0.758625
0.800029 0.199971 0
0.171691 0.34348 0.484829
0.413756 0.310488 0.275756
0.0666576 0.0333288 0.900014
0.100191 0.432768 0.46704
0.167546 0.234545 0.597909
8.95019e-05 0.275291 0.724619
0.448432 9.61614e-05 0.551472
0.600001 0.399999 0
0.749898 0.000102157 0.25
0.240954 0.277085 0.481961
0.200793 0.100397 0.69881
0.655097 9.30805e-05 0.34481
0.966668 0.0333321 0
