0.199996 0.800004 0
0.310341 0.310347 0.379312
0.379318 0.310341 0.310341
0.137861 0.482798 0.379341
0.86667 0.13333 0
0.133336 0.866664 0
0.607139 0.392861 0
0.206891 0.44828 0.344829
0.48 0.52 0
0.413755 0.000103188 0.586141
0.166643 9.63096e-05 0.83326
0.620696 0.068957 0.310347
0.269236 0.730764 0
0.0689656 0.344827 0.586207
0.586136 0.000103055 0.413761
0.0333279 0.966672 0
0.96667 0.0333303 0
0.13793 0.41379 0.44828
0.733332 0.266668 0
0.103444 0.275861 0.620694
0.14285 0.214274 0.642876
0.10345 0.5862 0.31035
0.586214 0.137935 0.275851
0.000103182 0.379272 0.620625
0.749898 0.000101844 0.25
0.370371 0.629629 0
0.214281 0.321422 0.464296
0.000103401 0.517188 0.482709
0.0332773 0.0666695 0.900053
0.107289 0.0343357 0.858376
0.517188 0.000103421 0.482709
0.310353 0.241367 0.44828
0.0669857 0.502378 0.430637
0.892855 0.107145 0
0.239998 0.760002 0
0.249995 0.500005 0.25
0.517241 0.172414 0.310345
0.214261 0.000102362 0.785636
9.99767e-05 0.9999 0
0.642855 0.357145 0
0.444444 0.148148 0.407408
0.108941 0.311871 0.579188
0.0344811 0.68967 0.275849
0.33333 0.333337 0.333333
0.639936 0.000100973 0.359963
0.250887 0.0681013 0.681011
0.299458 0.187158 0.513384
0.5 0.25 0.25
0.827581 0.172419 0
0.51724 0.48276 0
0.766669 0.233331 0
0.9999 9.99033e-05 0
0.175191 0.124044 0.700765
0.000102212 0.749898 0.25
0.107143 0.892857 0
0.000102824 0.137874 0.862024
0.712795 0.0356267 0.251578
0.448277 0.551723 0
0.000101115 0.607079 0.39282
0.310344 0.689656 0
0.172414 0.517241 0.310345
0.576922 0.423078 0
0.148148 0.444444 0.407408
0.379311 0.241379 0.379311
8.6378e-05 9.83738e-05 0.999815
0.0689669 0.137939 0.793094
0.700003 0.299997 0
0.0683251 0.409946 0.521728
0.54369 0.067967 0.388343
0.933327 0.0666732 0
0.136365 0.613635 0.25
0.234047 0.401217 0.364736
0.0666581 8.77751e-05 0.933254
0.0666669 0.933333 0
0.344827 0.172414 0.482758
0.0344793 0.275866 0.689654
0.357142 0.392858 0.25
0.206897 0.24138 0.551722
0.346142 0.000103222 0.653755
0.647731 0.102269 0.25
0.464235 0.00010039 0.535664
0.275862 0.137931 0.586207
0.428582 0.28572 0.285699
0.13793 0.103448 0.758622
0.285709 0.285714 0.428578
0.482772 0.137913 0.379314
0.431951 0.100256 0.467793
0.379402 0.0689527 0.551645
0.275832 0.000103431 0.724065
0.275851 0.448298 0.275851
0.137879 0.345072 0.517049
0.000102713 0.241357 0.75854
0.000103415 0.448235 0.551662
0.172414 0.827586 0
0.4 0.6 0
0.448272 0.206898 0.34483
0.103447 0.172409 0.724144
0.000103321 0.655104 0.344792
0.206898 0.172408 0.620694
0.310348 0.0689574 0.620694
