0.799998 0.200002 0
0.482779 0.137926 0.379295
0.310342 0.413799 0.27586
0.133337 0.866663 0
0.866662 0.133338 0
0.344828 0.172414 0.482758
0.448275 0.103449 0.448276
0.206897 0.344828 0.448276
0.379312 0.27586 0.344829
0.52 0.48 0
0.41375 0.00010337 0.586146
0.172413 0.517242 0.310345
0.166684 9.99911e-05 0.833216
0.0689525 0.344832 0.586216
0.730772 0.269228 0
0.000103422 0.586144 0.413752
0.966679 0.0333207 0
0.0333327 0.966667 0
0.275853 0.310348 0.413799
0.655105 0.000103383 0.344792
0.253819 0.274828 0.471354
0.551724 0.448276 0
0.333338 0.33333 0.333332
0.357147 0.392853 0.25
0.4 0.6 0
0.000103399 0.137919 0.861977
0.142867 0.607133 0.25
0.586199 0.10345 0.310351
0.185186 0.407404 0.40741
0.379584 0.0689334 0.551482
0.214263 0.000102444 0.785634
0.444444 0.148148 0.407408
0.689646 0.0344961 0.275858
0.000101031 0.639934 0.359965
0.892859 0.107141 0
0.629629 0.370371 0
0.108699 0.311584 0.579717
0.137931 0.103446 0.758623
0.827582 0.172418 0
0.214284 0.535716 0.25
0.107298 0.0343356 0.858367
0.175175 0.124137 0.700688
0.000103425 0.517187 0.482709
0.000103412 0.44823 0.551667
0.9999 9.98752e-05 0
0.275921 0.13792 0.586159
0.370373 0.629627 0
0.24138 0.48276 0.27586
9.95567e-05 0.9999 0
0.396806 0.134227 0.468967
0.310344 0.689656 0
0.346121 0.000103046 0.653776
0.0356479 0.712783 0.251569
0.760001 0.239999 0
0.233333 0.766667 0
0.000103393 0.241354 0.758542
0.10349 0.551542 0.344968
0.5 0.25 0.25
0.107147 0.892853 0
0.142856 0.214295 0.64285
0.60708 0.000101023 0.392819
0.689656 0.310344 0
0.00010202 0.749898 0.25
0.749898 0.000102252 0.25
0.206889 0.44828 0.344831
0.517187 0.00010343 0.482709
0.0668872 0.431445 0.501668
0.172416 0.827584 0
0.428571 0.285714 0.285715
0.299434 0.187263 0.513303
0.250787 0.068114 0.681099
0.000103362 0.379271 0.620626
0.413778 0.206927 0.379295
9.75583e-05 8.97964e-05 0.999813
0.6 0.4 0
0.068965 0.13793 0.793105
0.613636 0.136364 0.25
0.428566 0.571434 0
0.464242 0.000100425 0.535657
0.06666 5.51295e-05 0.933285
0.172411 0.275862 0.551727
0.066669 0.933331 0
0.933335 0.0666652 0
0.214282 0.250001 0.535718
0.0344777 0.275888 0.689635
0.0669868 0.502393 0.43062
0.48276 0.51724 0
0.517241 0.172414 0.310345
0.502389 0.0669911 0.43062
0.275872 0.379289 0.34484
0.344835 0.241364 0.413801
0.137874 0.345098 0.517028
0.0333296 0.0666626 0.900008
0.0689586 0.620694 0.310347
0.103447 0.172412 0.724141
0.206901 0.172405 0.620694
0.275816 0.000103389 0.72408
0.269238 0.730762 0
0.137931 0.413793 0.448276
0.310344 0.0689653 0.620691
