0.2415 0.137915 0.620585
0.448786 0.102762 0.448452
0.799995 0.200005 0
0.200002 0.799998 0
0.206851 0.413717 0.379433
0.310179 0.310179 0.379641
0.172414 0.275858 0.551728
0.379317 0.137917 0.482766
0.137948 0.862052 0
0.482981 0.137729 0.37929
0.599936 0.400064 0
0.480008 0.519992 0
0.730772 0.269228 0
0.269222 0.730778 0
0.0333278 0.966672 0
0.966668 0.0333322 0
0.0333359 0.166704 0.799961
0.379341 0.0344808 0.586178
0.00010171 0.749898 0.25
0.100006 9.80923e-05 0.899896
0.370383 0.629617 0
0.585405 0.103648 0.310946
7.97502e-05 0.392827 0.607093
0.100188 0.432253 0.467559
0.433583 0.316416 0.250001
0.714281 0.0357191 0.25
0.733271 9.99713e-05 0.266629
0.448276 0.551724 0
0.65517 0.0689649 0.275865
0.862086 0.137914 0
0.10355 0.309811 0.586639
0.260868 0.105597 0.633535
0.000102692 0.137915 0.861982
0.000102896 0.346126 0.653771
0.409122 0.147724 0.443155
0.148131 0.444444 0.407425
8.75849e-05 0.0333926 0.96652
0.275909 0.172343 0.551748
0.615363 9.85361e-05 0.384538
0.143108 0.0342755 0.822616
0.0344877 0.68966 0.275852
0.239992 0.239992 0.520017
0.000103266 0.517188 0.482709
0.759922 0.240078 0
0.104489 0.582095 0.313416
0.482712 0.000103204 0.517185
0.544489 0.204246 0.251265
9.80411e-05 5.50888e-05 0.999847
0.633449 0.366551 0
0.333332 0.333332 0.333337
0.107136 0.892864 0
0.51724 0.48276 0
0.310268 0.689732 0
9.95055e-05 0.9999 0
0.0740723 0.185148 0.74078
0.299969 9.96812e-05 0.699932
0.214278 0.321431 0.464291
8.85098e-05 0.607061 0.39285
0.0336737 0.427282 0.539044
0.464306 0.178527 0.357167
0.172433 0.137937 0.68963
0.400016 0.599984 0
0.23993 0.76007 0
0.827411 0.172589 0
0.17252 0.82748 0
0.689723 0.310277 0
0.321431 0.214277 0.464293
0.999901 9.93279e-05 0
0.933347 0.0666528 0
8.59063e-05 0.655062 0.344852
0.136393 0.613606 0.250001
0.285016 0.4142 0.300785
0.571438 0.428562 0
0.137741 0.241052 0.621207
0.517273 0.0689605 0.413766
0.0666681 0.933332 0
0.345722 0.241893 0.412385
0.206878 0.000103323 0.793018
0.0333314 0.0666667 0.900002
0.173004 0.482465 0.344531
0.206886 0.0689627 0.724151
0.613636 0.136364 0.25
0.137934 0.34483 0.517236
0.0344821 0.275863 0.689655
0.0669512 0.502679 0.43037
0.379513 0.27638 0.344108
0.357134 0.392866 0.25
0.100007 0.200022 0.699971
0.206872 0.517276 0.275852
0.482779 0.241363 0.275858
0.34491 0.103435 0.551654
0.000103272 0.241357 0.75854
0.103438 0.103438 0.793125
0.892856 0.107144 0
0.206894 0.206894 0.586212
0.250001 0.499999 0.25
0.24933 0.358027 0.392644
0.357104 0.000101029 0.642795
0.430615 0.0669873 0.502398
0.551588 8.07862e-05 0.448332
