0.482759 0.13793 0.379311
0.6 0.4 0
0.199999 0.800001 0
0.275861 0.172414 0.551726
0.137927 0.482762 0.379311
0.133337 0.866663 0
0.866667 0.133333 0
0.172414 0.344828 0.482759
0.344828 0.206896 0.448276
0.48 0.52 0
0.000103434 0.41375 0.586147
9.98879e-05 0.166651 0.833249
0.586145 0.000103422 0.413752
0.966675 0.0333246 0
0.0333324 0.966668 0
0.269231 0.730769 0
0.0689654 0.379311 0.551723
0.607142 0.142858 0.25
0.137917 0.000103332 0.86198
0.000102271 0.214266 0.785631
0.172414 0.103448 0.724138
0.379271 0.000103419 0.620626
0.103448 0.13793 0.758622
0.639937 0.000101008 0.359962
0.62963 0.37037 0
0.275862 0.0344823 0.689656
0.448276 0.551724 0
0.407407 0.185185 0.407408
0.187167 0.299465 0.513369
0.214285 0.142857 0.642858
0.275858 0.379313 0.34483
0.000102257 0.749898 0.25
0.107143 0.892857 0
0.285714 0.42857 0.285716
0.0343347 0.107297 0.858368
9.99895e-05 0.9999 0
0.311911 0.108646 0.579443
0.000103434 0.517188 0.482709
0.433325 0.0666677 0.500007
0.274188 0.254034 0.471778
0.239997 0.760003 0
0.9999 9.9918e-05 0
0.892858 0.107142 0
0.689657 0.310343 0
0.333333 0.333333 0.333333
9.85274e-05 9.80534e-05 0.999803
0.44823 0.000103436 0.551667
0.148134 0.444496 0.40737
0.517241 0.482759 0
0.4 0.6 0
0.370371 0.629629 0
0.0344846 0.689654 0.275862
0.344828 0.068964 0.586208
0.241356 0.000103407 0.758541
0.123786 0.175243 0.700971
0.25 0.5 0.25
0.766667 0.233333 0
0.000103153 0.346125 0.653772
0.712788 0.0356395 0.251573
0.0666666 0.933333 0
0.551724 0.103448 0.344828
0.000103426 0.655105 0.344792
0.00010117 0.607081 0.392818
0.172415 0.827585 0
0.448272 0.206898 0.34483
0.103441 0.586214 0.310345
0.310345 0.689655 0
0.48276 0.241379 0.275862
0.066667 0.0333334 0.9
0.749898 0.000102253 0.25
0.827582 0.172418 0
0.517188 0.00010331 0.482709
0.137931 0.275862 0.586207
0.0681017 0.250883 0.681015
0.413793 0.275862 0.310345
0.137932 0.0689657 0.793102
0.0669862 0.502392 0.430622
0.206948 0.413766 0.379286
0.136364 0.613636 0.25
8.4153e-05 0.06666 0.933256
0.730767 0.269233 0
0.517241 0.172414 0.310345
0.933334 0.0666663 0
0.250001 0.214283 0.535716
0.0689655 0.310344 0.62069
0.000100373 0.464239 0.53566
0.103448 0.448276 0.448276
0.502391 0.0669868 0.430622
0.535714 0.214286 0.25
0.24138 0.344829 0.413792
0.172414 0.517241 0.310345
0.571429 0.428571 0
0.344826 0.275865 0.379309
0.392856 0.357144 0.25
0.172413 0.206896 0.620691
0.344831 0.13793 0.517239
0.62069 0.0689651 0.310345
0.000103387 0.275833 0.724064
0.134033 0.396902 0.469065
0.413793 0.137931 0.448276
