0.172392 0.241396 0.586212
0.306687 0.443312 0.250001
1.91275e-05 0.334486 0.665494
0.400018 0.599982 0
0.066675 0.066525 0.8668
0.137353 0.450734 0.411914
0.862082 0.137918 0
0.137904 0.862096 0
0.519884 0.480116 0
0.413717 7.65744e-05 0.586206
0.79997 0.20003 0
0.17218 0.517153 0.310666
0.166662 1.3005e-05 0.833325
0.0665899 0.29962 0.63379
0.730786 0.269214 0
0.233389 0.166846 0.599765
0.0333322 0.966668 0
0.966667 0.0333335 0
9.30825e-05 0.599715 0.400192
0.654858 9.87073e-05 0.345043
0.482401 0.172278 0.345322
0.379624 0.0689832 0.551393
0.35736 0.392639 0.250001
0.143687 0.606312 0.250001
0.585736 0.103551 0.310713
0.214272 9.3077e-05 0.785635
0.370486 0.629514 0
0.185019 0.406947 0.408034
0.17251 0.82749 0
0.448747 0.146853 0.404401
0.89286 0.10714 0
0.749897 0.000101936 0.250001
0.107129 0.892871 0
0.108838 0.310797 0.580365
0.9999 9.9883e-05 0
0.760085 0.239915 0
0.103104 0.103104 0.793793
0.517187 0.00010326 0.482709
0.066667 0.933333 0
6.54056e-05 8.77771e-05 0.999847
9.98367e-05 0.9999 0
0.107289 0.0343407 0.858371
0.000103336 0.517187 0.482709
9.9713e-05 0.241423 0.758477
0.333332 0.333332 0.333336
0.464163 3.87405e-05 0.535798
0.241428 0.482853 0.275719
0.62938 0.37062 0
0.482759 0.517241 0
0.175129 0.124386 0.700485
0.233257 0.766743 0
6.97499e-05 0.448394 0.551536
9.99093e-05 0.639978 0.359922
0.689675 0.034471 0.275854
0.0356399 0.712809 0.251551
0.600003 0.399997 0
0.254727 0.273521 0.471751
9.29363e-05 0.137921 0.861986
0.551761 0.448239 0
9.53418e-05 0.379402 0.620502
0.346095 0.000102252 0.653803
0.0670342 0.503214 0.429752
0.49999 0.250009 0.250001
0.103446 0.551708 0.344846
0.299044 0.188553 0.512402
0.142474 0.213851 0.643675
0.310194 0.689806 0
0.606825 9.61244e-05 0.393079
0.613604 0.136395 0.250001
0.827543 0.172457 0
0.689697 0.310303 0
0.409537 0.215018 0.375445
0.00010212 0.749897 0.250001
0.178318 0.356854 0.464828
0.2463 0.0686199 0.68508
0.428552 0.571448 0
0.0666462 8.53242e-09 0.933354
0.2069 0.448231 0.34487
0.933321 0.0666785 0
0.214186 0.250012 0.535802
6.19557e-10 0.0666451 0.933355
0.0343558 0.275904 0.68974
0.276385 0.137972 0.585644
0.0676537 0.170901 0.761445
0.275801 0.000103316 0.724095
0.42886 0.285544 0.285596
0.0667809 0.432592 0.500627
0.551872 0.172478 0.27565
0.502298 0.0670701 0.430632
0.213641 0.536358 0.250001
0.103284 0.344447 0.552269
0.067806 0.659251 0.272943
0.345063 0.275401 0.379536
0.275701 0.345153 0.379146
0.413271 0.103337 0.483392
0.269184 0.730816 0
0.310226 0.0689585 0.620816
0.136624 0.381484 0.481892
0.356687 0.177939 0.465374
0.275921 0.414026 0.310054
