0.471271 0.205669 0.32306
0.0553266 0.686166 0.258507
0.504941 0.0339451 0.461114
0.0332187 0.392887 0.573894
0.174504 0.378087 0.447409
0.225478 0.774522 0
0.0720961 0.405281 0.522623
0.25389 0.203967 0.542143
0.133656 0.161286 0.705058
0.301119 0.343096 0.355785
0.846171 0.153829 4.44089e-16
0.608556 0.391444 0
0.097032 0.53193 0.371038
0.546991 7.42856e-05 0.452935
0.977676 0.0223241 0
0.2557 0.0188992 0.725401
0.0323663 0.117572 0.850062
0.341044 0.208944 0.450012
0.496819 0.234478 0.268702
0.0544148 0.945585 0
0.386824 0.0624514 0.550724
0.102384 0.585257 0.312359
0.140827 0.216386 0.642787
0.574453 0.103671 0.321876
0.0269562 0.349964 0.623079
0.431415 0.305876 0.262708
0.237788 0.512126 0.250086
0.298845 0.105331 0.595824
0.374664 0.174054 0.451282
0.217283 2.17919e-05 0.782695
0.239582 0.760418 0
4.69703e-06 0.641398 0.358597
0.892874 0.107126 0
0.143626 0.429137 0.427238
0.0558395 0.692527 0.251634
0.0647708 0.364103 0.571126
0.270564 0.729436 0
0.441832 0.147062 0.411106
0.240888 0.241461 0.517651
0.644303 6.46188e-05 0.355633
7.53062e-05 0.517161 0.482764
0.348925 3.15519e-05 0.651043
0.309462 0.278732 0.411806
0.517115 0.00010138 0.482783
0.333372 0.333394 0.333234
7.97452e-05 9.88551e-05 0.999821
0.0658011 0.539484 0.394715
0.766681 0.233319 0
0.370494 0.629506 0
0.0334266 0.966573 0
0.641989 0.358011 0
0.0682812 0.272572 0.659147
0.170112 0.124727 0.705162
0.517173 0.482827 0
3.05739e-05 0.316882 0.683088
0.0358208 0.461582 0.502597
0.437766 0.562234 0
0.0349876 0.701431 0.263582
2.65139e-05 0.182083 0.817891
0.99991 9.04177e-05 0
0.833297 0.166703 0
0.546563 0.20321 0.250226
0.712745 0.035621 0.251634
0.181245 0.818755 0
0.309654 0.690346 0
0.0713305 0.0714444 0.857225
0.421545 0.0333916 0.545064
0.645644 0.0211224 0.333234
0.467257 0.212767 0.319977
0.208749 0.332536 0.458715
0.218645 0.472652 0.308702
0.656977 0.0638605 0.279163
0.585917 0.414083 0
0.539822 0.0666008 0.393577
0.0323438 0.242256 0.725401
0.0853685 1.75486e-05 0.914614
0.107235 0.892765 0
0.35254 0.397374 0.250086
0.248747 0.068151 0.683103
0.173617 0.574938 0.251445
0.937009 0.0629912 0
0.135608 0.101912 0.76248
0.137902 0.276821 0.585278
0.247116 0.394287 0.358597
9.57608e-05 0.999904 0
0.0319881 0.0265692 0.941443
0.338835 0.138731 0.522434
0.140379 0.352073 0.507548
0.0623074 0.166835 0.770858
0.446626 0.103362 0.450012
0.137946 0.0341012 0.827953
0.492452 0.507548 0
0.739802 0.260198 0
0.696958 0.303042 0
0.2128 0.213306 0.573894
0.27157 0.452295 0.276134
0.463419 4.64775e-05 0.536534
0.486164 0.136048 0.377788
0.802618 0.197382 0
0.424394 0.21155 0.364055
