7.69206e-05 0.275858 0.724066
0.448141 0.275997 0.275862
0.199997 0.800003 0
0.413903 0.206792 0.379306
0.310345 0.310345 0.37931
0.517232 0.10345 0.379318
0.866591 0.133409 0
0.519948 0.480052 0
0.16665 9.8132e-05 0.833252
0.0344822 0.413795 0.551723
0.730747 0.269253 0
0.966678 0.0333222 0
0.0333365 0.966664 0
0.655178 9.13121e-05 0.344731
0.27584 0.172427 0.551733
0.10345 0.586183 0.310366
0.799998 0.200002 0
0.32143 0.214287 0.464284
0.00010319 0.10343 0.896467
0.584651 0.103733 0.311616
0.321431 0.428569 0.25
0.214272 0.000102268 0.785626
0.068962 0.206894 0.724144
0.431995 0.100235 0.46777
0.444424 0.148138 0.407438
0.0334526 0.297493 0.669055
0.142861 0.42857 0.42857
0.178619 0.32179 0.499591
0.000101907 0.615331 0.384567
0.172454 0.48276 0.344786
0.30718 0.103925 0.588895
0.204254 0.544516 0.25123
0.933334 0.0666658 0
0.0666643 0.933336 0
0.551703 0.448297 0
0.613656 0.136344 0.25
0.629591 0.370409 0
0.6 0.4 0
0.24 0.24 0.519999
0.168274 0.124757 0.706969
0.00010331 0.482708 0.517189
0.0333602 0.500777 0.465863
0.0689649 0.344833 0.586202
0.500002 0.249998 0.25
0.366673 0.633327 0
0.333335 0.333335 0.333331
0.9999 9.98499e-05 0
0.689795 0.310205 0
9.61599e-05 7.85752e-05 0.999825
0.517188 0.000103423 0.482709
0.107101 0.892899 0
0.48276 0.51724 0
0.0683507 0.521529 0.41012
0.0357171 0.714283 0.25
0.760061 0.239939 0
9.97795e-05 0.9999 0
9.99564e-05 0.233349 0.766551
0.689688 0.0344866 0.275825
0.346119 0.000102962 0.653778
0.240052 0.759948 0
0.0689596 0.655179 0.275862
0.607 8.54338e-05 0.392915
0.137921 0.103438 0.758641
0.425768 0.033756 0.540476
0.275909 0.413724 0.310367
0.172416 0.827584 0
0.399982 0.600018 0
0.827586 0.172414 0
0.142856 0.214285 0.642859
0.275834 0.00010323 0.724063
0.241432 0.379258 0.37931
0.13336 0.86664 0
0.136351 0.613649 0.25
0.892862 0.107138 0
0.0689544 0.137909 0.793137
0.107284 0.0343333 0.858383
0.310326 0.689674 0
0.407435 0.296324 0.29624
0.428586 0.571414 0
0.242866 0.0688359 0.688298
0.392801 9.82675e-05 0.6071
0.000103286 0.379271 0.620626
0.068758 0.44752 0.483722
0.482903 0.17231 0.344787
0.0666595 9.54995e-05 0.933245
0.20699 0.17244 0.62057
0.344887 0.137918 0.517195
0.498053 0.067043 0.434904
0.103445 0.379312 0.517243
0.241477 0.482657 0.275866
0.285714 0.285714 0.428572
9.99566e-05 0.733266 0.266634
9.8477e-05 0.16665 0.833252
0.137911 0.275899 0.586191
0.392878 0.357122 0.25
0.749898 0.000102122 0.25
0.392926 0.249972 0.357101
0.551697 0.172441 0.275862
0.26923 0.73077 0
0.206896 0.344762 0.448341
