0.357476 0.167614 0.474911
0.475532 0.167825 0.356643
0.0976036 0.492451 0.409945
0.232111 0.361398 0.406491
0.33124 0.414003 0.254756
0.123083 0.292324 0.584593
0.652186 0.0978135 0.25
0.5 0.25 0.25
0.183388 0.489991 0.326621
0.266666 0.733334 0
0.733331 0.266669 0
0.0789383 0.131664 0.789397
0.305567 0.0833331 0.6111
0.101031 0.224732 0.674237
0.399992 0.600008 0
0.600001 0.399999 0
0.200001 0.799999 0
0.445535 0.207917 0.346548
0.0441351 0.573519 0.382346
0.176579 0.187137 0.636284
0.0307596 0.138519 0.830721
0.556622 0.0722952 0.371083
0.559323 0.186441 0.254237
0.399997 0.199998 0.400005
0.0505938 0.316467 0.632939
0.399999 0.350001 0.25
0.904761 0.0952393 0
0.357143 0.642857 0
0.158992 0.300399 0.540609
0.205045 0.22081 0.574145
0.283193 0.0530961 0.663711
0.247212 0.28678 0.466008
0.420381 0.0891728 0.490446
0.0254361 0.708774 0.265789
0.8 0.2 0
0.138511 0.0307674 0.830721
0.478263 0.239131 0.282606
0.6 0.15 0.25
0 1 0
0.333336 0.333336 0.333328
0.278505 0.417811 0.303684
1 0 0
0.0416659 0.0416659 0.916668
0.131849 0.510671 0.35748
0.144233 0.605767 0.25
0.0952396 0.90476 0
0.642857 0.357143 0
0.5 0.5 0
0 0 1
0.0891759 0.42038 0.490444
0.235294 0.764706 0
0.11112 0.11112 0.77776
0.157915 0.842085 0
0.454541 0.295459 0.25
0.724138 0.0258624 0.25
0.210574 0.394686 0.39474
0.842102 0.157898 0
0.0175361 0.491232 0.491232
0.571415 0.428585 0
0.405405 0.270238 0.324358
0.323703 0.231202 0.445095
0.303776 0.278455 0.417769
0.383665 0.0440235 0.572312
0.0626827 0.216347 0.720971
0.505711 0.133077 0.361212
0.58462 0.123059 0.292321
0.165638 0.113782 0.720579
0.24026 0.135113 0.624627
0.172586 0.551619 0.275795
0.428578 0.14286 0.428562
0.227272 0.454544 0.318185
0.135606 0.254172 0.610222
0.189226 0.378343 0.432431
0.6875 0.3125 0
0.312498 0.687502 0
0.342881 0.142852 0.514267
0.632906 0.050636 0.316458
0.339629 0.37737 0.283001
0.527912 0.155337 0.316751
0.331075 0.300999 0.367926
0.283021 0.33963 0.377348
0.961534 0.0384657 0
0.37142 0.257136 0.371444
0.0679662 0.388336 0.543698
0.379311 0.310344 0.310345
0.764719 0.235281 0
0.132174 0.162709 0.705118
0.428573 0.571427 0
0.491229 0.0175441 0.491227
0.259281 0.222216 0.518503
0.0833352 0.666665 0.25
0.0384617 0.961538 0
0.285712 0.464288 0.25
0.154928 0.0704226 0.774649
0.275864 0.172422 0.551714
0.151892 0.45616 0.391948
0.235296 0.5098 0.254904
0.199994 0.300002 0.500004
0.0833256 0.61111 0.305565
0.246857 0.396538 0.356605
