0.0688617 0.413839 0.5173
0.172395 0.275853 0.551752
0.2 0.8 0
0.379326 0.206872 0.413802
0.482759 0.241379 0.275862
0.7 0.3 0
0.379348 0.137918 0.482734
0.482757 0.137931 0.379311
0.4 0.6 0
0.243696 0.288116 0.468188
0.137924 0.172399 0.689677
0.269233 0.730767 0
0.566667 0.433333 0
0.0333309 0.966669 0
0.966667 0.0333332 0
0.448276 0.103447 0.448276
0.275843 0.137922 0.586235
0.27585 0.379297 0.344853
0.140613 0.507851 0.351536
0.586192 0.103452 0.310356
9.95542e-05 0.73326 0.26664
0.105587 0.260892 0.633521
0.17855 0.000102395 0.821348
0.00010258 0.17855 0.821348
0.0340852 0.386364 0.579551
0.147717 0.409102 0.443181
0.933334 0.0666664 0
0.250002 0.464283 0.285715
0.366666 0.633334 0
0.357146 0.392854 0.25
0.272325 0.306371 0.421303
0.000102523 0.615324 0.384573
0.40909 0.147729 0.443181
0.13332 9.93831e-05 0.866581
0.629562 0.000100941 0.370338
0.42857 0.57143 0
0.239998 0.239998 0.520004
0.0333219 0.53334 0.433338
0.482709 0.0001034 0.517188
0.0344823 0.103448 0.86207
0.260984 0.105563 0.633452
0.000101399 0.357095 0.642803
0.766669 0.233331 0
0.3199 0.000101999 0.679998
0.107141 0.892859 0
0.0691567 0.0344795 0.896364
0.607141 0.392859 0
0.000103436 0.482709 0.517188
0.9999 9.99558e-05 0
0.035713 0.714287 0.25
0.000103322 0.31031 0.689586
8.06099e-05 9.49838e-05 0.999824
0.333333 0.333333 0.333334
9.99882e-05 0.9999 0
0.0999754 0.43339 0.466635
0.482759 0.517241 0
0.857141 0.142859 0
0.0689652 0.206898 0.724137
0.535714 0.214286 0.25
0.714285 0.0357149 0.25
0.73077 0.26923 0
0.444485 0.259192 0.296323
0.24 0.76 0
0.204191 0.544502 0.251308
0.172421 0.344833 0.482747
0.349329 0.0684887 0.582182
0.178553 0.214263 0.607184
0.172414 0.827586 0
0.799998 0.200002 0
0.101907 0.610703 0.28739
0.655168 0.0689663 0.275865
0.310344 0.689656 0
0.0689578 0.551731 0.379311
0.517266 0.0689619 0.413772
0.538462 0.461538 0
0.73326 9.98837e-05 0.26664
0.666667 0.333333 0
0.2069 0.0689626 0.724137
0.321429 0.178579 0.499992
0.140786 0.322205 0.537009
0.0666658 0.933334 0
0.464364 0.178434 0.357202
0.613634 0.136366 0.25
0.214277 0.392858 0.392865
0.12501 0.12501 0.74998
0.429477 0.0335599 0.536964
0.357144 0.249991 0.392865
0.379323 0.27585 0.344827
0.428572 0.321428 0.25
0.56661 9.9631e-05 0.43329
0.103448 0.103448 0.793105
0.233312 9.98763e-05 0.766588
6.3367e-05 0.0666494 0.933287
9.98836e-05 0.233312 0.766588
0.0344751 0.655177 0.310348
0.9 0.1 0
0.206886 0.137919 0.655195
0.133337 0.866663 0
0.379283 0.000103401 0.620613
0.170455 0.579545 0.25
