0.8 0.2 0
0.172414 0.275862 0.551724
0.482754 0.137932 0.379313
9.95795e-05 0.199993 0.799907
0.133342 0.866658 0
0.866657 0.133343 0
0.344828 0.172414 0.482758
0.448279 0.103441 0.448279
0.206896 0.344827 0.448276
0.41375 0.000103351 0.586147
0.172411 0.517243 0.310346
0.000103369 0.586147 0.413749
0.0333329 0.966667 0
0.379317 0.0689648 0.551718
0.0344767 0.138039 0.827484
0.655105 0.000103379 0.344792
0.585799 0.10355 0.310651
0.551725 0.448275 0
0.10348 0.551587 0.344933
0.214281 0.000102319 0.785616
0.379315 0.275854 0.344831
0.000103429 0.44823 0.551667
0.00010342 0.379271 0.620625
0.18518 0.40741 0.40741
0.444462 0.148144 0.407395
0.749898 0.000102226 0.25
0.000100944 0.639931 0.359968
0.892858 0.107142 0
0.142864 0.607136 0.25
0.370369 0.629631 0
0.299381 0.187398 0.513221
0.629627 0.370373 0
0.517188 0.000103413 0.482709
0.760002 0.239998 0
0.933335 0.0666653 0
9.98761e-05 0.9999 0
0.107293 0.0343366 0.858371
0.254604 0.272561 0.472835
0.333336 0.333335 0.333329
0.137924 0.482762 0.379313
0.9999 9.9572e-05 0
0.233336 0.766664 0
0.0356456 0.712784 0.251571
0.502394 0.0669864 0.430619
0.108651 0.311894 0.579454
0.000103382 0.517188 0.482709
0.0669964 0.502387 0.430617
0.48276 0.51724 0
0.175183 0.124099 0.700718
0.73077 0.26923 0
0.241384 0.482755 0.27586
0.96667 0.0333303 0
0.6 0.4 0
9.87374e-05 9.33118e-05 0.999808
0.250887 0.0681029 0.68101
0.0689658 0.344824 0.58621
0.689651 0.0344884 0.27586
0.000103351 0.241354 0.758542
0.214285 0.249998 0.535717
0.357149 0.392851 0.25
0.269229 0.730771 0
0.5 0.25 0.25
0.142857 0.214286 0.642857
0.310343 0.689657 0
0.166663 9.98903e-05 0.833237
0.827581 0.172419 0
0.0689413 0.620706 0.310352
0.689659 0.310341 0
0.000102237 0.749898 0.25
0.0667736 0.432419 0.500807
0.107143 0.892857 0
0.275862 0.413793 0.310345
0.172415 0.827585 0
0.4 0.6 0
9.99914e-05 0.099993 0.899907
0.607084 0.00010116 0.392815
0.275908 0.137922 0.58617
0.613636 0.136364 0.25
0.428569 0.571431 0
0.275832 0.000103371 0.724064
0.0666716 0.933328 0
0.0344799 0.275885 0.689635
0.0666563 7.81371e-05 0.933266
0.137929 0.103448 0.758623
0.413793 0.206897 0.37931
0.27586 0.344832 0.379308
0.346118 0.000103215 0.653779
0.464239 0.000100343 0.53566
0.214283 0.535717 0.25
0.428574 0.285716 0.28571
0.310344 0.0689655 0.62069
0.344831 0.241372 0.413796
0.517241 0.172414 0.310345
0.137887 0.345041 0.517072
0.103447 0.172412 0.724141
0.206899 0.44827 0.344831
0.396773 0.134312 0.468915
0.206893 0.172417 0.620691
0.519998 0.480002 0
0.137929 0.413794 0.448277
