0.165686 0.567436 0.266878
0.799924 0.200076 0
0.333473 9.09557e-05 0.666436
0.287343 0.321263 0.391394
0.275301 0.103491 0.621208
0.137435 0.483137 0.379428
0.310107 0.379183 0.31071
0.133383 0.866617 0
0.866667 0.133333 0
0.479996 0.520004 0
8.90559e-05 0.413754 0.586157
9.93148e-05 0.166647 0.833254
0.26918 0.73082 0
0.344037 0.0689267 0.587036
0.463873 0.286127 0.25
0.966671 0.0333289 0
0.0333327 0.966667 0
0.571501 0.178499 0.25
0.000102461 0.214263 0.785634
0.392821 0.357179 0.25
0.103745 0.584885 0.31137
0.428778 0.142896 0.428325
0.333333 0.333335 0.333332
0.147644 0.446627 0.405729
0.640001 9.70193e-05 0.359902
0.107142 0.892858 0
0.629633 0.370367 0
0.0343366 0.1073 0.858363
0.241208 0.379309 0.379483
0.370374 0.629626 0
0.279868 0.23997 0.480162
0.239988 0.760012 0
0.540785 0.0337487 0.425466
0.9999 9.99364e-05 0
9.98777e-05 9.98925e-05 0.9998
0.379635 9.9503e-05 0.620266
0.000103428 0.517188 0.482709
0.187375 0.299453 0.513172
0.482687 0.172458 0.344855
0.310487 0.109255 0.580258
0.517242 0.482758 0
0.413662 0.275793 0.310545
0.137996 0.0344808 0.827523
0.123721 0.175256 0.701024
0.00010221 0.749898 0.25
0.000103216 0.346126 0.653771
0.448269 0.551731 0
9.98767e-05 0.9999 0
0.172438 0.517182 0.310379
0.712764 0.0356837 0.251552
0.766743 0.233257 0
0.241354 0.000103416 0.758542
0.275993 0.0344915 0.689516
0.610213 0.0678035 0.321983
0.0689465 0.379232 0.551822
0.482736 0.241406 0.275858
0.517188 0.000103409 0.482709
0.249971 0.500029 0.25
0.689732 0.310268 0
0.0344861 0.689751 0.275763
0.214411 0.142831 0.642758
0.933334 0.0666656 0
9.80393e-05 0.606932 0.39297
0.552057 0.10349 0.344453
0.172433 0.827567 0
0.310242 0.689758 0
8.35174e-05 0.275698 0.724218
0.827583 0.172417 0
0.0688436 0.309576 0.62158
0.099987 9.70053e-05 0.899916
0.0683117 0.248867 0.682821
0.136474 0.613526 0.25
0.206838 0.0689437 0.724218
0.599838 0.400162 0
0.410303 0.0681853 0.521512
0.749898 0.000102188 0.25
0.392761 0.214285 0.392954
0.571406 0.428594 0
0.0666664 0.933334 0
0.73078 0.26922 0
0.200005 0.799995 0
0.241364 0.206915 0.551722
3.81696e-05 0.066653 0.933309
0.103446 0.13793 0.758624
9.64386e-05 0.655048 0.344855
6.92858e-05 0.464984 0.534946
0.620659 0.103453 0.275888
0.137841 0.275997 0.586162
0.103119 0.414172 0.482709
0.285667 0.428523 0.285809
0.0670529 0.502349 0.430599
0.178238 0.357254 0.464508
0.344373 0.172213 0.483414
0.892859 0.107141 0
0.310059 0.276641 0.413299
0.465401 0.0332423 0.501357
0.399987 0.600013 0
0.448053 8.95861e-05 0.551857
0.206849 0.448437 0.344714
0.1726 0.205477 0.621923
