0.448319 0.20688 0.344801
0.4 0.6 0
0.172402 0.275847 0.551751
0.866663 0.133337 0
0.133335 0.866665 0
0.379316 0.275851 0.344833
0.41375 0.000103191 0.586147
0.448291 0.103433 0.448277
0.17234 0.51729 0.31037
0.48284 0.137896 0.379264
0.166659 4.40517e-05 0.833297
0.0689634 0.344814 0.586222
0.0344445 0.551747 0.413809
0.0333339 0.966666 0
0.966667 0.0333327 0
0.172411 0.379312 0.448277
0.655105 0.00010341 0.344792
0.000103171 0.137849 0.862048
0.185181 0.407406 0.407413
0.250862 0.0680934 0.681045
0.310344 0.0689652 0.620691
0.749898 0.000102239 0.25
0.586212 0.10344 0.310348
0.0356447 0.712785 0.25157
0.892856 0.107144 0
0.370365 0.629635 0
0.3448 0.137931 0.517269
0.299239 0.187791 0.512971
0.357142 0.392858 0.25
0.428573 0.571427 0
0.107313 0.0343371 0.85835
0.000103392 0.517188 0.482709
0.800001 0.199999 0
0.629626 0.370374 0
0.108788 0.311019 0.580193
0.142893 0.607107 0.25
9.99661e-05 0.9999 0
0.379424 0.0689533 0.551623
0.482759 0.517241 0
0.9999 9.9845e-05 0
0.107143 0.892857 0
0.517188 0.000103437 0.482709
0.760003 0.239997 0
0.333333 0.333334 0.333332
0.0344783 0.275914 0.689607
0.413794 0.206896 0.37931
8.96081e-05 9.92593e-05 0.999811
0.444445 0.148149 0.407406
0.24138 0.48276 0.27586
0.730767 0.269233 0
0.000103426 0.241356 0.75854
0.175255 0.123731 0.701014
0.0689661 0.620686 0.310348
0.519999 0.480001 0
0.254443 0.273037 0.47252
0.346119 0.00010316 0.653778
0.233329 0.766671 0
0.689657 0.0344826 0.27586
0.21432 0.000102178 0.785578
0.464242 9.99991e-05 0.535658
0.000101015 0.639934 0.359965
0.000102727 0.379257 0.62064
0.0666709 0.500011 0.433318
0.5 0.25 0.25
0.214246 0.249977 0.535777
0.103445 0.551726 0.344829
0.517241 0.172414 0.310345
0.142805 0.214208 0.642987
0.310322 0.689678 0
0.269231 0.730769 0
0.0689373 0.137875 0.793188
0.689658 0.310342 0
0.827587 0.172413 0
0.000102066 0.749898 0.25
0.0669909 0.430604 0.502406
0.551728 0.448272 0
0.172412 0.827588 0
0.613636 0.136364 0.25
0.607081 0.000101152 0.392817
0.275914 0.137922 0.586163
0.0666505 9.38689e-05 0.933256
0.933336 0.0666645 0
0.0666661 0.933334 0
0.214277 0.535723 0.25
0.428583 0.285722 0.285696
0.344808 0.241387 0.413805
0.502405 0.0669826 0.430612
0.27589 0.344815 0.379296
0.137917 0.103449 0.758634
0.137918 0.344813 0.517269
0.0333279 0.0666443 0.900028
0.206895 0.448277 0.344828
0.275826 0.000103434 0.72407
0.396842 0.134164 0.468995
0.000103063 0.448231 0.551666
0.6 0.4 0
0.206897 0.172412 0.620691
0.103446 0.172414 0.72414
0.137923 0.448267 0.41381
0.275862 0.413793 0.310345
