0.413797 0.206863 0.37934
0.000103245 0.275832 0.724065
0.48276 0.241379 0.275862
0.241377 0.482763 0.27586
0.310345 0.310345 0.379311
0.172386 0.379292 0.448322
0.30001 0.69999 0
0.800013 0.199987 0
0.0344469 0.413808 0.551745
0.607142 0.392858 0
0.166655 7.15514e-05 0.833274
0.433332 0.566668 0
0.233321 0.766679 0
0.966662 0.0333378 0
0.0333222 0.966678 0
0.0689694 0.448267 0.482763
0.27587 0.17239 0.551741
0.733339 0.266661 0
8.52422e-05 8.18312e-05 0.999833
0.586232 0.103441 0.310327
0.000102277 0.103329 0.896569
0.0666783 0.933322 0
0.298416 0.105238 0.596346
0.214382 0.000102022 0.785516
0.392851 0.357149 0.25
0.142852 0.428585 0.428562
0.269227 0.730773 0
0.653775 0.00010315 0.346122
0.428572 0.142866 0.428562
0.392854 0.607146 0
0.033373 0.298984 0.667643
0.392243 0.250251 0.357506
0.642836 0.357164 0
0.866667 0.133333 0
0.107277 0.0343407 0.858382
0.14286 0.85714 0
0.16812 0.12478 0.707099
0.239999 0.239999 0.520002
0.712788 0.0356396 0.251572
0.655286 0.0689401 0.275774
0.000100816 0.629572 0.370327
0.517241 0.482759 0
0.000103229 0.482709 0.517188
9.90587e-05 0.999901 0
0.333332 0.333332 0.333335
0.892859 0.107141 0
0.9999 9.98657e-05 0
0.310335 0.413809 0.275856
0.242272 0.0688826 0.688845
0.36 0.64 0
0.517187 0.000103426 0.482709
0.0356946 0.714305 0.25
0.766667 0.233333 0
0.0689815 0.344907 0.586112
0.346123 0.000102756 0.653775
0.103443 0.586222 0.310335
0.172413 0.275863 0.551724
0.545453 0.204547 0.25
0.333335 0.666665 0
0.933331 0.0666689 0
0.249978 0.392877 0.357145
0.103445 0.275863 0.620692
0.388546 0.0679427 0.543511
9.9957e-05 0.733267 0.266634
0.142847 0.214278 0.642876
0.199998 0.800002 0
0.0689679 0.137935 0.793097
0.833331 0.166669 0
0.46154 0.53846 0
0.699999 0.300001 0
0.586139 0.000102978 0.413758
0.749898 0.000102066 0.25
0.0689443 0.206846 0.724209
0.0333388 0.533363 0.433299
0.0666603 2.9679e-05 0.93331
0.32143 0.214277 0.464293
0.206895 0.310347 0.482758
0.285729 0.464271 0.25
9.79379e-05 0.379278 0.620624
0.538094 0.0672646 0.394641
0.487924 0.174234 0.337842
0.172415 0.482771 0.344814
0.103448 0.379311 0.517242
8.01871e-05 0.166647 0.833272
0.433276 9.99267e-05 0.566624
0.136361 0.613639 0.25
0.206903 0.172418 0.620679
0.613639 0.136361 0.25
0.576937 0.423063 0
0.464286 0.285714 0.25
0.137926 0.103444 0.75863
9.99191e-05 0.233326 0.766574
0.344845 0.137909 0.517246
0.285719 0.285719 0.428562
0.103449 0.517241 0.379311
0.214285 0.535715 0.25
0.275834 0.000101268 0.724065
0.1 0.9 0
0.448279 0.0689657 0.482756
0.0689569 0.655183 0.275861
