0.599999 0.400001 0
0.2 0.8 0
0.137879 0.482955 0.379167
0.413793 0.310345 0.275862
0.133334 0.866666 0
0.866665 0.133335 0
0.275861 0.379311 0.344828
0.480002 0.519998 0
0.517241 0.172414 0.310345
8.94113e-05 0.166651 0.833259
0.344827 0.0689652 0.586207
0.269232 0.730768 0
0.586146 0.000103401 0.413751
0.966667 0.0333327 0
0.310345 0.275861 0.413793
0.000103431 0.655105 0.344792
0.448275 0.551725 0
0.206935 0.413773 0.379292
0.274749 0.253839 0.471412
0.407407 0.185185 0.407408
0.0689608 0.379353 0.551686
0.0343345 0.107298 0.858368
0.137914 0.000103346 0.861982
0.275862 0.172413 0.551724
0.607143 0.142857 0.25
0.148148 0.444444 0.407408
0.311503 0.10871 0.579787
0.392855 0.357145 0.25
0.730769 0.269231 0
0.000102448 0.214266 0.785631
0.639935 0.000100914 0.359964
0.44823 0.000103291 0.551667
0.000103417 0.41375 0.586146
0.62963 0.37037 0
0.55169 0.103456 0.344854
0.187167 0.299465 0.513369
0.517188 0.000103411 0.482709
0.333333 0.333334 0.333333
0.0666669 0.933333 0
0.000103422 0.517188 0.482709
0.620689 0.0689658 0.310345
0.379271 0.000103436 0.620625
0.344828 0.206896 0.448276
0.000103347 0.275832 0.724064
9.99626e-05 0.9999 0
0.172414 0.103448 0.724138
0.9999 9.99776e-05 0
9.76241e-05 9.25219e-05 0.99981
0.517241 0.482759 0
0.123715 0.175258 0.701026
0.482759 0.241379 0.275862
0.24 0.76 0
0.107145 0.892855 0
0.137922 0.275911 0.586167
0.370373 0.629627 0
0.24138 0.344827 0.413793
0.766669 0.233331 0
0.689657 0.310343 0
0.000102204 0.749898 0.25
0.172414 0.344828 0.482758
0.0344824 0.689659 0.275859
0.0669858 0.502393 0.430622
0.933334 0.0666658 0
0.71279 0.0356387 0.251572
0.172415 0.827585 0
0.241355 0.00010334 0.758542
0.103448 0.586207 0.310345
0.000103208 0.346121 0.653776
0.25 0.5 0.25
0.43168 0.0668606 0.501459
0.214285 0.142857 0.642858
0.000101144 0.60708 0.392818
0.310344 0.689656 0
0.749898 0.000102233 0.25
0.827585 0.172415 0
0.103447 0.137931 0.758622
0.0681279 0.250598 0.681274
0.136364 0.613636 0.25
0.571429 0.428571 0
9.9538e-05 0.0666587 0.933242
0.249998 0.214284 0.535718
0.103446 0.448278 0.448276
0.275867 0.03448 0.689653
0.000100387 0.464242 0.535658
0.137932 0.0689657 0.793103
0.502393 0.0669858 0.430622
0.892857 0.107143 0
0.535715 0.214285 0.25
0.285714 0.428572 0.285714
0.172414 0.517241 0.310345
0.379308 0.275863 0.344829
0.345199 0.137854 0.516947
0.0666665 0.0333312 0.900002
0.134021 0.396905 0.469075
0.0333333 0.966667 0
0.448276 0.206896 0.344828
0.4 0.6 0
0.172412 0.206897 0.620691
0.413793 0.137931 0.448276
0.0689653 0.310344 0.620691
