0.0297935 0.00158324 0.968623
0.544161 0.109126 0.346713
0.451176 0.0298145 0.51901
0.0465646 0.953435 0
0.239287 0.0292483 0.731465
0.399717 0.201461 0.398822
0.126027 0.22367 0.650302
0.348962 0.401035 0.250003
0.635242 0.0973836 0.267374
0.587134 0.0652571 0.347609
0.258257 0.433946 0.307798
0.666261 0.333739 0
0.239184 0.167145 0.593671
0.0556003 0.165602 0.778798
0.801516 0.198484 0
0.127483 0.353646 0.51887
0.423899 0.576101 0
0.0668036 0.502857 0.430339
0.472639 0.26093 0.266432
0.266509 0.733491 0
0.448235 0.551765 0
0.102884 9.66066e-05 0.89702
0.319664 0.17695 0.503386
0.0631287 0.540589 0.396282
0.440415 0.302235 0.257351
0.148982 0.448028 0.40299
0.893643 0.106357 0
0.972637 0.0273629 4.56746e-13
0.107165 0.892835 0
8.96207e-05 0.749061 0.25085
0.23328 4.46557e-05 0.766675
0.63419 0.36581 0
0.615523 9.73985e-05 0.384379
0.240031 0.23998 0.51999
0.572944 0.107112 0.319944
8.07961e-06 4.81324e-05 0.999944
6.45104e-05 0.516957 0.482978
0.999901 9.86397e-05 0
0.346862 0.653138 0
0.517126 0.482874 0
0.216612 0.312153 0.471235
0.333315 0.333285 0.3334
0.735147 6.21361e-05 0.264791
9.59285e-05 0.999904 0
0.54536 0.204637 0.250003
0.312079 0.431685 0.256235
0.482825 6.297e-05 0.517112
0.173813 0.826187 0
0.125012 0.167136 0.707852
0.103795 0.310204 0.586001
2.48372e-05 0.214885 0.78509
0.713846 0.0358404 0.250313
0.104174 0.571748 0.324078
0.689736 0.310264 0
0.24968 0.499745 0.250576
0.416978 0.24056 0.342461
0.239923 0.760077 0
0.309881 8.90697e-05 0.69003
0.0345598 0.689773 0.275667
0.862062 0.137938 3.9337e-10
0.374704 0.625296 0
0.759527 0.240473 0
4.21211e-05 0.346338 0.653619
3.95953e-05 0.412719 0.587242
0.344336 0.0690529 0.586612
0.827555 0.172445 7.99938e-12
0.250479 0.136735 0.612787
0.173119 0.0689097 0.757971
0.371395 0.22217 0.406435
0.300216 0.331596 0.368188
0.0633122 0.420451 0.516236
6.26193e-05 0.652709 0.347229
0.483053 0.171822 0.345125
0.524572 0.0334463 0.441981
0.174844 0.21204 0.613116
0.465199 0.0661975 0.468604
0.932227 0.0677735 1.72806e-10
0.613028 0.136893 0.250079
0.250397 0.356781 0.392822
0.401106 3.95688e-05 0.598855
0.427813 0.142578 0.429609
0.100545 0.100541 0.798914
0.19877 0.435398 0.365831
0.380163 0.103162 0.516675
0.282065 0.067633 0.650302
0.135489 0.393268 0.471244
3.34979e-05 0.275434 0.724532
0.0333266 0.966673 3.85297e-09
0.658508 0.033062 0.30843
0.0345983 0.107001 0.858401
0.0665865 0.0668283 0.866585
0.199436 0.0973976 0.703166
0.300679 0.699321 0
0.179835 1.22573e-05 0.820153
0.270633 0.270576 0.458791
0.0689672 0.241003 0.69003
0.372699 0.342177 0.285124
0.61636 0.389846 0.00109239
0.727359 0.272641 0
0.0592831 0.690638 0.250079
