0.517244 0.103444 0.379312
0.799986 0.200014 0
0.199997 0.800003 0
0.275866 0.172412 0.551723
0.206898 0.379305 0.413797
0.448285 0.241374 0.310341
0.172417 0.103444 0.724138
0.0689376 0.448264 0.482798
0.137928 0.379312 0.48276
0.133339 0.866661 0
0.866666 0.133334 0
0.4 0.6 0
0.52 0.48 0
0.137928 0.482761 0.379312
0.275862 0.413793 0.310345
0.269231 0.730769 0
0.730763 0.269237 0
0.966668 0.033332 0
0.0333326 0.966667 0
0.655108 0.000102999 0.344789
0.432124 0.10021 0.467665
9.70286e-05 0.733278 0.266625
0.315794 0.434206 0.25
0.586194 0.103461 0.310345
0.105497 0.261486 0.633018
0.551724 0.448276 0
0.137916 0.000103436 0.86198
0.310351 0.275852 0.413797
0.333334 0.333334 0.333332
0.749898 0.000102171 0.25
0.428573 0.571427 0
0.147744 0.409076 0.44318
0.000103368 0.48272 0.517176
0.892858 0.107142 0
0.366656 0.633344 0
0.000102055 0.615327 0.384571
0.392841 0.357159 0.25
0.034281 0.143028 0.822691
0.629606 0.370394 0
0.0666753 0.933325 0
0.240003 0.240003 0.519995
0.0344203 0.380426 0.585154
0.517179 0.000102862 0.482719
0.500001 0.249999 0.25
9.96644e-05 0.9999 0
0.9999 9.95573e-05 0
0.34613 0.000102794 0.653767
9.83309e-05 9.03974e-05 0.999811
0.482766 0.517234 0
0.444455 0.148152 0.407394
0.760004 0.239996 0
9.49822e-05 0.0999887 0.899916
9.98037e-05 0.299953 0.699947
0.599993 0.400007 0
0.107143 0.892857 0
0.103442 0.551749 0.344809
0.0357084 0.714292 0.25
0.24 0.76 0
0.321421 0.214286 0.464293
0.60708 0.000101155 0.392818
0.185194 0.0740772 0.740729
0.427845 0.0336541 0.538501
0.13793 0.172412 0.689657
0.204201 0.544503 0.251296
0.172415 0.827585 0
0.407583 0.296006 0.296412
0.827581 0.172419 0
0.689659 0.310341 0
0.206909 0.448273 0.344818
0.310342 0.689658 0
0.214284 0.321426 0.464291
0.241346 0.000102638 0.758552
0.613601 0.136399 0.25
0.136358 0.613642 0.25
0.0344641 0.655191 0.310345
0.241392 0.137931 0.620677
0.502397 0.0669875 0.430616
0.206896 0.206896 0.586208
0.933335 0.0666653 0
0.000102921 0.206877 0.793021
0.0689578 0.517246 0.413797
0.482772 0.17241 0.344818
0.241383 0.48275 0.275867
0.689685 0.0344803 0.275834
0.0666724 0.033336 0.899992
0.172403 0.275874 0.551723
0.31034 0.103451 0.586209
0.345126 0.137869 0.517005
0.275864 0.0344774 0.689659
0.275862 0.344827 0.379311
0.101138 0.359461 0.539402
0.103448 0.103448 0.793105
0.0689654 0.206896 0.724138
0.379305 0.241382 0.379314
0.166671 0.0333326 0.799996
9.9799e-05 0.357096 0.642804
0.551713 0.172421 0.275867
0.3928 0.000101171 0.607099
0.172414 0.517242 0.310345
0.0334066 0.501144 0.465449
