0.51725 0.103434 0.379316
0.000103136 0.275834 0.724063
0.800002 0.199998 0
0.448291 0.275854 0.275854
0.413794 0.206894 0.379311
0.172414 0.275861 0.551725
0.4 0.6 0
0.275863 0.172413 0.551725
0.519999 0.480001 0
0.2 0.8 0
0.16665 9.99768e-05 0.83325
0.730767 0.269233 0
0.275862 0.413793 0.310346
0.0333265 0.966674 0
0.655105 0.000103429 0.344792
0.321427 0.214285 0.464288
0.551724 0.448276 0
0.0334238 0.298098 0.668478
0.249566 0.0682212 0.682212
0.310154 0.103477 0.586369
0.48276 0.51724 0
0.214271 0.000102269 0.785627
0.407644 0.295889 0.296467
0.749898 0.000102219 0.25
0.60707 0.000101177 0.392829
0.444442 0.148149 0.40741
0.310345 0.310345 0.37931
0.366666 0.633334 0
0.269233 0.730767 0
0.107301 0.0343347 0.858364
0.0689682 0.344827 0.586205
0.0689547 0.65518 0.275865
0.107141 0.892859 0
0.240003 0.240003 0.519994
0.966668 0.0333323 0
0.333332 0.333332 0.333336
9.98624e-05 9.58422e-05 0.999804
0.517192 0.00010339 0.482705
0.689653 0.0344859 0.275861
0.0689626 0.137925 0.793112
0.000103199 0.482709 0.517188
0.428571 0.571429 0
0.500002 0.249998 0.25
9.99874e-05 0.9999 0
0.9999 9.98935e-05 0
0.321428 0.428572 0.25
0.6 0.4 0
0.168199 0.12477 0.707031
0.502394 0.0669863 0.43062
0.103454 0.586189 0.310357
0.933335 0.0666648 0
0.892857 0.107143 0
0.000103403 0.10343 0.896466
0.0357113 0.714289 0.25
0.76 0.24 0
0.431804 0.10027 0.467927
0.142857 0.428571 0.428572
9.99263e-05 0.233318 0.766582
0.000102535 0.615322 0.384576
0.240002 0.759998 0
0.344902 0.137915 0.517183
0.346123 0.000103201 0.653774
0.629629 0.370371 0
0.204189 0.544505 0.251305
0.0683792 0.521339 0.410282
9.97899e-05 0.733258 0.266642
0.586199 0.103444 0.310357
0.426433 0.0337386 0.539828
0.866667 0.133333 0
0.172416 0.827584 0
0.827587 0.172413 0
0.689665 0.310335 0
0.0689653 0.206897 0.724138
0.142858 0.214287 0.642855
0.241401 0.379299 0.379299
0.310343 0.689657 0
0.178568 0.32144 0.499993
0.034477 0.413796 0.551727
0.613629 0.136371 0.25
0.000103416 0.379271 0.620626
0.172414 0.482758 0.344827
0.0666656 0.933334 0
0.482759 0.172414 0.344827
0.0666611 7.65548e-05 0.933262
0.214285 0.17857 0.607144
0.136365 0.613635 0.25
0.137925 0.103446 0.75863
0.10344 0.379314 0.517246
0.392818 0.00010111 0.607081
0.241379 0.482759 0.275862
0.133333 0.866667 0
0.285714 0.285714 0.428572
9.9888e-05 0.16665 0.83325
0.392858 0.357142 0.25
0.392857 0.250002 0.357141
0.275833 0.000103377 0.724063
0.103448 0.275862 0.62069
0.551725 0.172413 0.275862
0.0334069 0.501192 0.465401
0.206895 0.344828 0.448277
