0.400009 0.599991 0
0.413469 0.137916 0.448616
0.799998 0.200002 0
0.172415 0.275834 0.551751
0.379361 0.310309 0.31033
0.133353 0.866647 0
0.866664 0.133336 0
0.207099 0.344709 0.448191
0.519997 0.480003 0
0.16665 2.76668e-05 0.833322
0.345057 0.172232 0.48271
0.172509 0.51713 0.310361
0.730769 0.269231 0
0.448519 0.206794 0.344687
0.966685 0.0333153 0
0.0333279 0.966672 0
0.0341312 0.586323 0.379545
0.655106 0.000103326 0.344791
0.551716 0.448284 0
0.357148 0.392852 0.25
0.214251 9.54794e-05 0.785653
0.379792 0.0688919 0.551316
8.68111e-05 0.137789 0.862125
0.584584 0.103829 0.311587
0.000100637 0.37928 0.620619
0.185181 0.407362 0.407457
0.446286 0.147667 0.406047
0.48276 0.137925 0.379315
0.37037 0.62963 0
0.107152 0.892848 0
9.85775e-05 0.0666624 0.933239
0.89286 0.10714 0
0.03443 0.276101 0.689469
0.10727 0.0343436 0.858387
0.24139 0.482781 0.275829
0.108804 0.310923 0.580273
0.9999 9.98742e-05 0
0.0689766 0.138034 0.792989
0.299134 0.188061 0.512805
0.413893 7.77203e-05 0.586029
0.517187 0.000102878 0.48271
9.99247e-05 0.9999 0
0.333334 0.333334 0.333332
0.000103412 0.517186 0.48271
0.48276 0.51724 0
0.175265 0.123783 0.700952
0.760017 0.239983 0
0.233331 0.766669 0
0.689655 0.0344836 0.275861
0.254608 0.272845 0.472547
8.68768e-05 9.46155e-05 0.999819
0.275865 0.41381 0.310325
0.346137 9.44602e-05 0.653768
9.78522e-05 0.640062 0.35984
9.26345e-05 0.241366 0.758542
0.5 0.25 0.25
0.0356341 0.712768 0.251597
0.142807 0.214216 0.642977
0.502361 0.0669752 0.430664
0.310285 0.689715 0
0.607077 0.000101131 0.392822
0.827586 0.172414 0
0.613635 0.136365 0.25
0.000101842 0.749898 0.25
0.689657 0.310343 0
0.213949 0.250036 0.536015
0.0669487 0.430936 0.502115
0.407404 0.222188 0.370408
0.172414 0.827586 0
0.250294 0.0681946 0.681511
0.428591 0.571409 0
0.066659 9.74717e-05 0.933244
0.0666568 0.933343 0
0.933331 0.0666691 0
0.103443 0.620689 0.275868
0.464348 9.87037e-05 0.535553
0.276277 0.13784 0.585883
0.103514 0.551439 0.345047
8.78042e-05 0.448281 0.551631
0.0670101 0.502469 0.430521
0.20679 0.448309 0.344901
0.345173 0.24119 0.413637
0.0688498 0.344725 0.586425
0.551406 0.172378 0.276216
0.137745 0.103402 0.758853
0.599999 0.400001 0
0.428654 0.285683 0.285664
0.178612 0.571388 0.25
0.137754 0.345657 0.516589
0.749898 0.000102113 0.25
0.275854 0.344845 0.379301
0.629628 0.370372 0
0.275805 8.38336e-05 0.724111
0.400135 0.0998868 0.499978
0.285711 0.464289 0.25
0.269239 0.730761 0
0.20691 0.172352 0.620738
0.068961 0.206878 0.724161
0.137926 0.413883 0.448191
0.310514 0.0685188 0.620967
