0.241384 0.310346 0.44827
0.275862 0.103448 0.620691
0.800005 0.199995 0
0.310345 0.310345 0.37931
0.482759 0.13793 0.379311
0.200004 9.98158e-05 0.799896
0.866662 0.133338 0
0.13334 0.86666 0
0.392861 0.607139 0
0.448271 0.206898 0.344831
9.86547e-05 0.166649 0.833252
0.0689657 0.620684 0.31035
0.344823 0.0689616 0.586215
0.000103392 0.586142 0.413754
0.966669 0.0333307 0
0.000102827 0.413743 0.586155
0.4138 0.137929 0.44827
0.0689091 0.379817 0.551274
0.321426 0.214284 0.46429
0.137927 0.586221 0.275852
0.172418 0.827582 0
0.000102355 0.214273 0.785624
0.613629 0.136371 0.25
0.148147 0.444451 0.407402
0.749898 0.000102221 0.25
0.107142 0.892858 0
0.100243 0.43194 0.467817
0.357142 0.642858 0
0.892857 0.107143 0
0.392859 0.357141 0.25
0.500001 0.249999 0.25
0.0343346 0.107298 0.858367
0.629629 0.370371 0
0.214286 0.142858 0.642856
0.187164 0.299458 0.513378
9.50155e-05 9.37433e-05 0.999811
0.517188 0.000103437 0.482709
0.172412 0.206897 0.620691
0.48276 0.51724 0
0.519992 0.480008 0
9.97766e-05 0.9999 0
0.73077 0.26923 0
0.172408 0.103446 0.724145
0.333331 0.333331 0.333338
0.266668 0.733332 0
0.241396 0.000103044 0.758501
0.311879 0.108919 0.579202
0.379271 0.000103366 0.620626
0.000103157 0.346144 0.653752
0.586194 0.103452 0.310355
0.401217 0.234066 0.364717
0.000103271 0.517188 0.482709
0.249999 0.500001 0.25
0.9999 9.99663e-05 0
0.123718 0.175256 0.701026
0.760001 0.239999 0
0.137932 0.482755 0.379313
0.689645 0.034503 0.275852
0.137926 0.0344805 0.827593
0.23333 0.76667 0
0.0356272 0.712794 0.251579
0.000101005 0.639921 0.359978
0.551724 0.448276 0
0.60708 0.000101164 0.392819
0.655108 0.000103225 0.344788
0.827585 0.172415 0
0.10345 0.13792 0.75863
0.0666669 0.933333 0
0.689659 0.310341 0
0.423078 0.576922 0
0.0681241 0.250639 0.681237
0.241397 0.206892 0.551712
0.100014 9.93353e-05 0.899886
0.24137 0.379315 0.379315
0.299987 0.700013 0
0.0689536 0.310349 0.620697
0.409974 0.0683225 0.521703
0.0333301 0.96667 0
0.0679655 0.543704 0.388331
0.933334 0.0666656 0
0.275859 0.0344795 0.689661
4.40198e-05 0.0666619 0.933294
0.000100191 0.464256 0.535644
0.310344 0.379306 0.31035
0.102272 0.647728 0.25
0.517237 0.172412 0.310351
0.137934 0.275872 0.586195
0.444449 0.14815 0.407402
0.172409 0.51724 0.31035
0.285705 0.428575 0.28572
0.172413 0.344829 0.482759
0.502372 0.0670048 0.430624
0.285711 0.285711 0.428577
0.000103077 0.275831 0.724065
0.345013 0.137865 0.517122
0.448295 0.275853 0.275852
0.448231 0.000103295 0.551666
0.000102187 0.749898 0.25
0.6 0.4 0
0.206897 0.448271 0.344832
