0.137932 0.482756 0.379312
0.4 0.6 0
0.800001 0.199999 0
0.172414 0.275861 0.551725
0.48276 0.137929 0.379311
0.133334 0.866666 0
0.344828 0.172414 0.482759
0.448279 0.103443 0.448278
0.206895 0.344828 0.448277
0.379306 0.275864 0.34483
0.41375 0.000103311 0.586147
0.172414 0.517241 0.310345
0.0689637 0.344828 0.586208
0.000103426 0.586145 0.413752
0.966668 0.0333319 0
0.310345 0.0689654 0.62069
0.655105 0.000103425 0.344792
0.254282 0.27348 0.472238
0.214256 0.000102436 0.785642
0.396867 0.134112 0.469021
0.000103386 0.379271 0.620625
0.379325 0.0689638 0.551711
0.444476 0.148139 0.407385
0.551726 0.448274 0
0.275879 0.137928 0.586193
0.749898 0.000102219 0.25
0.275834 0.000103328 0.724063
0.000100977 0.639931 0.359968
0.370371 0.629629 0
0.607072 0.000101173 0.392827
0.142856 0.607144 0.25
0.346127 0.000103072 0.65377
0.866666 0.133334 0
0.629628 0.370372 0
0.233332 0.766668 0
0.517187 0.000103435 0.482709
0.108813 0.310855 0.580332
0.000103404 0.517187 0.48271
0.517242 0.172414 0.310345
9.32596e-05 9.56637e-05 0.999811
0.9999 9.99839e-05 0
0.428572 0.285715 0.285713
9.99093e-05 0.9999 0
0.76 0.24 0
0.333332 0.333332 0.333336
0.5 0.25 0.25
0.175257 0.123718 0.701025
0.299464 0.187154 0.513382
0.107287 0.0343357 0.858378
0.0356385 0.71279 0.251572
0.689667 0.0344814 0.275851
0.000103247 0.241355 0.758541
0.000103362 0.137915 0.861981
0.413772 0.206938 0.37929
0.357142 0.392858 0.25
0.892857 0.107143 0
0.103444 0.551726 0.34483
0.241379 0.482759 0.275862
0.482759 0.517241 0
0.0666672 0.933333 0
0.142857 0.214287 0.642856
0.107143 0.892857 0
0.310344 0.689656 0
0.827582 0.172418 0
0.689656 0.310344 0
0.000102106 0.749898 0.25
0.0666675 0.433338 0.499995
0.172414 0.827586 0
0.250847 0.0681121 0.681041
0.0689661 0.137932 0.793102
0.613637 0.136363 0.25
0.0344825 0.275857 0.689661
0.428573 0.571427 0
0.0666482 7.67742e-05 0.933275
0.933327 0.0666727 0
0.214283 0.25 0.535717
0.185187 0.4074 0.407413
0.0689553 0.620696 0.310348
0.46424 0.000100396 0.53566
0.0669599 0.502406 0.430634
0.214286 0.535714 0.25
0.344827 0.24138 0.413793
0.502392 0.066986 0.430622
0.27586 0.344831 0.379308
0.13793 0.103447 0.758622
0.137929 0.344831 0.51724
0.0333303 0.0666606 0.900009
0.586195 0.103451 0.310354
0.206897 0.448274 0.344829
0.0333325 0.966667 0
0.000103288 0.44823 0.551666
0.16665 9.8161e-05 0.833252
0.269231 0.730769 0
0.519991 0.480009 0
0.6 0.4 0
0.206897 0.172411 0.620692
0.103446 0.172412 0.724142
0.73077 0.26923 0
0.137931 0.413793 0.448276
0.275862 0.413793 0.310345
