0.241348 0.448346 0.310306
0.599971 0.400029 0
0.275873 0.172394 0.551733
0.199994 0.800006 0
0.137926 0.482762 0.379312
0.133342 0.866658 0
0.862076 0.137924 0
0.275896 0.379285 0.344819
0.480014 0.519986 0
0.000102967 0.41375 0.586147
0.517244 0.17241 0.310346
9.9073e-05 0.166665 0.833236
0.344843 0.0689397 0.586217
0.269275 0.730725 0
0.5862 0.000101677 0.413698
0.379288 0.172428 0.448283
0.0689622 0.448254 0.482784
0.0333337 0.966666 0
0.966667 0.033333 0
0.448298 0.137901 0.4138
0.000101314 0.6551 0.344799
0.0689636 0.379311 0.551726
0.137891 0.000101202 0.862008
0.103517 0.585956 0.310527
0.000102183 0.749898 0.25
0.392844 0.357156 0.25
0.107143 0.892857 0
0.379192 0.000100396 0.620707
0.629628 0.370372 0
0.0689605 0.31033 0.620709
0.370369 0.629631 0
0.207704 0.413375 0.378921
0.517185 0.000103006 0.482712
0.10345 0.137934 0.758616
0.000103356 0.517185 0.482711
0.172411 0.517209 0.31038
0.000102237 0.214265 0.785633
9.9994e-05 0.9999 0
0.407388 0.185191 0.407421
0.311881 0.108661 0.579458
0.9999 9.99007e-05 0
0.333331 0.33333 0.333339
0.0343366 0.107296 0.858368
9.55962e-05 9.9351e-05 0.999805
0.448276 0.551724 0
0.517239 0.482761 0
0.187175 0.299437 0.513387
0.712798 0.0356412 0.25156
0.12398 0.175205 0.700816
0.0683016 0.248819 0.682879
0.24 0.76 0
0.249984 0.500016 0.25
0.766666 0.233334 0
0.0344796 0.689675 0.275845
0.241352 0.00010254 0.758545
0.502441 0.0669444 0.430614
0.000103112 0.346128 0.653769
0.551739 0.103448 0.344813
0.000103141 0.275813 0.724084
0.214277 0.142849 0.642874
0.345266 0.13784 0.516894
0.689685 0.310315 0
0.148141 0.444453 0.407406
9.7326e-05 0.607075 0.392828
0.172422 0.827578 0
0.310318 0.689682 0
0.749898 0.000102163 0.25
0.827556 0.172444 0
0.433052 0.0667032 0.500245
0.639953 0.000100187 0.359947
0.137932 0.0689651 0.793103
0.136361 0.613639 0.25
0.571409 0.428591 0
6.78782e-05 0.0666612 0.933271
0.607138 0.142862 0.25
0.066665 0.933335 0
0.933335 0.0666653 0
0.172409 0.344852 0.482739
0.275883 0.0344598 0.689657
9.84495e-05 0.464247 0.535655
0.13791 0.27605 0.58604
0.535816 0.214135 0.250049
0.241369 0.344804 0.413826
0.285732 0.428541 0.285728
0.206899 0.068965 0.724136
0.249985 0.21422 0.535795
0.0669926 0.502395 0.430613
0.344876 0.275857 0.379267
0.0666539 0.0333262 0.90002
0.44825 0.206908 0.344842
0.620727 0.0689603 0.310313
0.482761 0.241378 0.275861
0.134059 0.396901 0.469041
0.274872 0.253826 0.471302
0.172397 0.20688 0.620724
0.448325 9.38493e-05 0.551581
0.730784 0.269216 0
0.400022 0.599978 0
0.892872 0.107128 0
0.413799 0.275885 0.310316
