0.103085 0.517607 0.379308
0.599997 0.400003 0
0.199976 0.800024 0
0.275982 0.172268 0.55175
0.137667 0.413843 0.448491
0.276003 0.379213 0.344784
0.133337 0.866663 0
0.172393 0.344833 0.482774
8.26788e-05 0.413397 0.586521
9.46526e-05 0.166742 0.833163
0.344692 0.0689245 0.586383
0.379233 0.17238 0.448386
0.586089 9.65746e-05 0.413814
0.966668 0.0333324 0
0.0333331 0.966667 0
9.79249e-05 0.655119 0.344784
0.413845 0.275901 0.310254
0.866613 0.133387 0
0.103691 0.58605 0.310258
0.448258 0.551742 0
0.892858 0.107142 0
0.39275 0.35725 0.25
0.00010243 0.214267 0.785631
0.551321 0.103537 0.345141
0.480007 0.519993 0
0.400005 0.599995 0
0.000102252 0.749898 0.25
0.034344 0.107296 0.85836
0.379327 0.000102656 0.620571
0.629621 0.370379 0
0.407249 0.185115 0.407636
0.370375 0.629625 0
0.517241 0.482759 0
0.138046 0.034477 0.827477
0.517187 0.000103411 0.482709
0.712774 0.0356407 0.251585
0.000103437 0.517188 0.482709
0.123745 0.175252 0.701003
0.103443 0.13793 0.758627
0.9999 9.99646e-05 0
9.99724e-05 0.9999 0
0.199966 7.40768e-05 0.79996
0.60715 0.14285 0.25
0.269252 0.730748 0
0.448329 0.000102627 0.551569
0.241353 0.000103174 0.758543
0.333337 0.333336 0.333327
9.96899e-05 9.97448e-05 0.999801
0.274525 0.253927 0.471547
0.517426 0.172288 0.310286
0.535856 0.214076 0.250067
0.310091 0.108936 0.580973
0.239975 0.760025 0
0.107136 0.892864 0
0.766663 0.233337 0
0.640011 0.000100303 0.359888
0.0344763 0.689658 0.275865
0.749898 0.000102192 0.25
0.000103122 0.346128 0.653769
0.482759 0.241381 0.27586
0.249965 0.500035 0.25
0.214244 0.142829 0.642926
0.241252 0.344888 0.41386
0.0689419 0.379473 0.551585
0.689668 0.310332 0
9.73917e-05 0.607081 0.392822
0.172432 0.827568 0
0.172434 0.103462 0.724104
0.310323 0.689677 0
0.430622 0.0669764 0.502402
0.827578 0.172422 0
0.0999966 9.94197e-05 0.899904
0.0686441 0.245935 0.685421
0.212218 0.411031 0.376751
0.136333 0.613667 0.25
0.933335 0.0666645 0
0.730788 0.269212 0
0.0666666 0.933333 0
9.88302e-05 0.0666661 0.933235
0.249957 0.21421 0.535833
0.571421 0.428579 0
0.500228 0.0666858 0.433086
0.276031 0.0343626 0.689606
7.12825e-05 0.464514 0.535415
0.285797 0.428699 0.285503
0.00010337 0.275831 0.724065
0.100697 0.395944 0.503359
0.344928 0.275764 0.379308
0.147941 0.444885 0.407174
0.0668988 0.501367 0.431734
0.187598 0.299414 0.512988
0.172478 0.551603 0.275919
0.137936 0.275945 0.586119
0.3474 0.137395 0.515205
0.448297 0.206909 0.344794
0.620842 0.0687528 0.310405
0.172455 0.482747 0.344798
0.172442 0.206814 0.620745
0.0688975 0.310368 0.620734
0.448222 0.137922 0.413856
