0.0612783 0.667011 0.27171
0.0998589 6.10023e-06 0.900135
4.35869e-05 0.562431 0.437525
0.431951 0.262784 0.305265
0.0322704 0.0596227 0.908107
0.0550786 0.47273 0.472192
0.24084 0.404585 0.354575
0.264194 0.100288 0.635518
0.200218 0.799782 0
0.275894 0.724118 1.76924e-06
0.272678 0.170163 0.557159
0.623827 0.104463 0.27171
0.861694 0.138306 0
0.464788 5.65119e-05 0.535156
0.30319 0.439883 0.256927
0.0343948 0.140096 0.82551
0.309689 0.10337 0.58694
0.0356671 0.712958 0.251375
5.64447e-05 0.307604 0.69234
0.192355 1.17507e-05 0.807634
0.65374 8.42619e-05 0.346176
0.142605 0.428097 0.429298
0.690459 0.309541 0
0.131168 0.208213 0.660619
0.0677987 0.349953 0.582248
0.143562 0.247757 0.60868
0.059497 0.263694 0.676809
0.107116 0.892884 0
9.78225e-05 0.999902 0
7.45937e-05 0.616563 0.383363
0.345489 0.376703 0.277809
0.628777 0.371223 0
0.239875 0.23987 0.520255
0.801818 0.198182 0
0.209667 0.442314 0.348019
8.8718e-05 0.48354 0.516371
0.551734 0.448266 0
0.346421 9.85446e-05 0.65348
0.103946 0.0349994 0.861054
8.65827e-05 7.35801e-05 0.99984
0.892772 0.107228 0
0.0710934 0.556483 0.372424
0.20641 0.543293 0.250297
0.32114 0.21416 0.4647
0.33334 0.33332 0.33334
0.517176 8.03814e-05 0.482744
0.999905 9.53333e-05 0
0.101353 0.64464 0.254007
0.482748 0.517252 0
0.760251 0.239749 0
0.362364 0.245209 0.392427
0.444748 0.148189 0.407063
0.701558 0.0352685 0.263174
0.241162 0.0286046 0.730234
0.605517 0.144344 0.250139
0.240028 0.759972 0
4.39578e-05 0.239555 0.760401
0.175661 0.123619 0.70072
0.499762 0.250207 0.250031
0.366867 0.633133 0
0.178324 0.306115 0.515561
0.74828 6.95296e-05 0.25165
0.103318 0.411581 0.4851
0.423748 0.0339468 0.542306
0.173468 0.826532 0
0.555861 0.102179 0.34196
0.826996 0.173004 0
0.106224 0.574499 0.319277
0.308727 0.691273 0
0.599955 0.0204984 0.379547
0.212579 0.324249 0.463172
0.24556 0.0682313 0.686208
0.731144 0.268856 0
0.412455 0.294025 0.29352
0.428503 0.571497 0
0.103518 0.169933 0.726548
7.50186e-06 0.0560392 0.943953
0.0665228 0.933477 0
0.93249 0.06751 0
0.0303233 0.530967 0.43871
0.214061 0.178504 0.607434
0.136759 0.0684685 0.794773
0.136539 0.319377 0.544084
0.582889 7.40665e-05 0.417037
0.343723 0.138494 0.517783
0.379775 0.068268 0.551957
0.514687 0.172737 0.312576
0.0690671 4.2192e-06 0.930929
8.0511e-05 0.665472 0.334447
0.466791 0.0665959 0.466613
0.305494 0.307968 0.386539
2.48927e-05 0.135657 0.864318
8.87201e-05 0.733326 0.266585
6.80556e-05 0.37088 0.629052
0.0339078 0.413831 0.552261
0.427916 0.322053 0.250031
0.290603 0.361378 0.348019
0.600329 0.399671 0
0.967088 0.032912 0
0.138434 0.861566 0
