0.310347 0.241375 0.448279
0.10344 0.275865 0.620695
0.379311 0.310345 0.310345
0.866667 0.133333 0
0.482759 0.137931 0.37931
0.607143 0.392857 0
0.480002 0.519998 0
0.41375 0.000103406 0.586147
0.16665 9.85992e-05 0.833252
0.620696 0.0689557 0.310348
0.26923 0.73077 0
0.137931 0.413793 0.448276
0.0333338 0.966666 0
0.966667 0.0333327 0
0.733331 0.266669 0
0.142859 0.214289 0.642852
0.17523 0.12385 0.70092
0.379308 0.0689707 0.551721
0.766667 0.233333 0
0.586211 0.137929 0.275859
0.517241 0.172414 0.310345
0.214266 0.000102435 0.785631
0.206896 0.448276 0.344828
0.444444 0.148148 0.407408
0.892859 0.107141 0
0.639934 0.000101014 0.359965
0.107144 0.892856 0
0.299461 0.187169 0.51337
0.107297 0.0343354 0.858367
0.0344837 0.689655 0.275861
0.370373 0.629627 0
0.000103384 0.379272 0.620625
0.000102176 0.749898 0.25
0.0689628 0.137926 0.793112
0.000103426 0.517188 0.482709
0.136366 0.613634 0.25
0.148148 0.444444 0.407408
0.25 0.5 0.25
0.9999 9.99653e-05 0
0.37931 0.241379 0.37931
0.214287 0.32143 0.464283
8.8748e-05 9.87713e-05 0.999812
0.448276 0.551724 0
0.333333 0.333333 0.333334
0.000103435 0.655105 0.344792
0.642858 0.357142 0
0.0669838 0.502391 0.430625
0.5 0.25 0.25
0.108712 0.311951 0.579337
0.586146 0.000103414 0.41375
0.517188 0.000103393 0.482709
0.103448 0.586207 0.310345
0.517241 0.482759 0
0.239997 0.760003 0
9.99472e-05 0.9999 0
0.0333319 0.0666647 0.900003
0.712788 0.035637 0.251575
0.000103227 0.137918 0.861979
0.346118 0.000103184 0.653778
0.000101141 0.607078 0.39282
0.275863 0.137931 0.586206
0.749898 0.000102146 0.25
0.13793 0.482759 0.379311
0.172421 0.827579 0
0.31034 0.68966 0
0.357148 0.392852 0.25
0.93333 0.0666701 0
0.827582 0.172418 0
0.250879 0.0681047 0.681017
0.700001 0.299999 0
0.310345 0.310345 0.37931
0.0683245 0.409933 0.521742
0.234039 0.401216 0.364744
0.133335 0.866665 0
0.0666556 9.59419e-05 0.933248
0.0666647 0.933335 0
0.0689652 0.344828 0.586207
0.0344813 0.275861 0.689658
0.206897 0.24138 0.551723
0.647729 0.102271 0.25
0.137932 0.103446 0.758622
0.576923 0.423077 0
0.46426 0.000100422 0.535639
0.172414 0.517241 0.310345
0.428573 0.285715 0.285712
0.344828 0.172414 0.482758
0.000103436 0.44823 0.551667
0.431946 0.100244 0.467809
0.543698 0.0679594 0.388343
0.275833 0.000103377 0.724063
0.199998 0.800002 0
0.275861 0.448279 0.275861
0.137871 0.345117 0.517011
0.285714 0.285714 0.428571
0.4 0.6 0
0.103448 0.172412 0.72414
0.448268 0.2069 0.344832
0.000103402 0.241354 0.758542
0.206897 0.172412 0.620691
0.310344 0.0689656 0.62069
