0.4 0.6 0
0.800004 0.199996 0
0.172413 0.275862 0.551725
0.483777 0.137659 0.378564
0.133335 0.866665 0
0.866666 0.133334 0
0.448276 0.103447 0.448276
0.206894 0.344829 0.448277
0.379312 0.275859 0.344829
0.519998 0.480002 0
0.413751 0.000103403 0.586146
0.172414 0.517241 0.310345
0.166649 8.07427e-05 0.83327
0.0689654 0.344826 0.586209
0.730768 0.269232 0
0.00010343 0.586146 0.413751
0.966669 0.0333309 0
0.0333317 0.966668 0
0.310343 0.0689657 0.620691
0.253923 0.274508 0.471569
0.137931 0.482757 0.379311
0.357149 0.392851 0.25
9.99821e-05 0.9999 0
0.379326 0.0689637 0.55171
0.760002 0.239998 0
0.000103333 0.379272 0.620625
0.107291 0.0343354 0.858374
0.585989 0.103503 0.310508
0.444444 0.148148 0.407409
0.172413 0.827587 0
0.749898 0.000102164 0.25
0.275869 0.13793 0.586201
0.346115 0.000103193 0.653781
0.892857 0.107143 0
0.299454 0.187165 0.513382
0.000103393 0.241355 0.758542
0.185185 0.407407 0.407409
9.11655e-05 8.79264e-05 0.999821
0.000100739 0.639925 0.359974
0.10872 0.311437 0.579843
0.9999 9.99818e-05 0
0.214268 0.000102371 0.78563
0.5 0.25 0.25
0.517188 0.000103364 0.482709
0.370371 0.629629 0
0.241379 0.482759 0.275862
0.000103426 0.517188 0.482709
0.428572 0.285715 0.285713
0.107143 0.892857 0
0.00010339 0.137917 0.86198
0.142854 0.607146 0.25
0.482759 0.517241 0
0.629629 0.370371 0
0.175173 0.124143 0.700684
0.551725 0.448275 0
0.344828 0.172414 0.482759
0.0356366 0.712791 0.251572
0.103485 0.551567 0.344948
0.137931 0.413793 0.448276
0.142857 0.214286 0.642857
0.310344 0.689656 0
0.607078 0.000101173 0.392821
0.689658 0.310342 0
0.000102129 0.749898 0.25
0.0666925 0.433118 0.50019
0.250111 0.0681727 0.681716
0.0689658 0.137932 0.793103
0.655105 0.000103437 0.344792
0.137928 0.103447 0.758624
0.233331 0.766669 0
0.413719 0.207038 0.379242
0.103447 0.172412 0.724141
0.613635 0.136365 0.25
0.428572 0.571428 0
0.0666594 6.70651e-05 0.933274
0.0666651 0.933335 0
0.0344814 0.275862 0.689657
0.933332 0.0666679 0
0.214285 0.535715 0.25
0.214285 0.249998 0.535716
0.464239 0.000100364 0.53566
0.333331 0.33333 0.333339
0.0669872 0.502392 0.430621
0.206895 0.448277 0.344828
0.344828 0.241378 0.413794
0.517241 0.172414 0.310345
0.502394 0.0669852 0.430621
0.275862 0.344828 0.37931
0.137915 0.344904 0.517181
0.827583 0.172417 0
0.0333356 0.0666712 0.899993
0.0689631 0.620689 0.310348
0.27583 0.000103337 0.724067
0.396899 0.134035 0.469066
0.689654 0.0344841 0.275862
0.00010335 0.448229 0.551667
0.269231 0.730769 0
0.275862 0.413793 0.310345
0.6 0.4 0
0.206892 0.172415 0.620693
