0.27586 0.103449 0.620691
0.800001 0.199999 0
0.310343 0.379314 0.310343
0.37931 0.310346 0.310344
0.866652 0.133348 0
0.133337 0.866663 0
0.392868 0.607132 0
0.520001 0.479999 0
9.99343e-05 0.166653 0.833247
0.730765 0.269235 0
0.344828 0.0689622 0.58621
0.241377 0.275864 0.48276
0.0333293 0.966671 0
0.966669 0.0333308 0
0.266669 0.733331 0
0.0689623 0.310346 0.620692
0.392857 0.357143 0.25
0.321429 0.214286 0.464285
0.517188 0.000103365 0.482709
0.000102376 0.214266 0.785632
0.000103289 0.275833 0.724064
0.655105 0.00010341 0.344792
0.148145 0.444447 0.407408
0.214289 0.142857 0.642855
0.444444 0.148148 0.407408
0.760001 0.239999 0
0.749898 0.000102128 0.25
0.0689487 0.620701 0.31035
0.892855 0.107145 0
0.137916 0.000103167 0.861981
9.03597e-05 0.0666596 0.93325
0.187278 0.299424 0.513298
0.107142 0.892858 0
0.137921 0.482764 0.379314
0.62963 0.37037 0
0.000103422 0.413751 0.586146
0.423075 0.576925 0
9.99377e-05 0.9999 0
0.233333 0.766667 0
9.72218e-05 9.94826e-05 0.999803
0.000103418 0.517188 0.482709
0.482762 0.517238 0
0.689657 0.310343 0
0.0689702 0.379305 0.551725
0.241356 0.00010324 0.758541
0.586207 0.103448 0.310345
0.379271 0.000103372 0.620625
0.311881 0.108913 0.579206
0.500001 0.249999 0.25
0.034335 0.107282 0.858383
0.137936 0.586204 0.275861
0.9999 9.9962e-05 0
0.206878 0.448288 0.344834
0.000103225 0.346121 0.653776
0.689665 0.0344816 0.275853
0.25 0.5 0.25
0.551723 0.448277 0
0.607077 0.000100982 0.392822
0.000102246 0.749898 0.25
0.827581 0.172419 0
0.172414 0.344828 0.482758
0.172409 0.827591 0
0.0356344 0.712794 0.251572
0.137923 0.0689613 0.793116
0.00010343 0.586146 0.41375
0.241378 0.379311 0.379311
0.300001 0.699999 0
0.6 0.4 0
0.40994 0.068307 0.521753
0.0679673 0.543693 0.38834
0.613635 0.136365 0.25
0.551727 0.17241 0.275863
0.42857 0.214284 0.357146
0.24138 0.206896 0.551725
0.93333 0.0666704 0
0.0666656 0.933334 0
0.345817 0.137722 0.51646
0.102273 0.647727 0.25
0.357143 0.642857 0
0.000100356 0.464248 0.535652
0.333334 0.333335 0.333331
0.137931 0.275863 0.586206
0.275858 0.0344825 0.689659
0.17241 0.517244 0.310346
0.285709 0.428575 0.285716
0.502391 0.0669855 0.430624
0.00010104 0.639937 0.359962
0.103443 0.137932 0.758625
0.344829 0.27586 0.379312
0.448283 0.275858 0.275858
0.0666395 0.0333318 0.900029
0.517244 0.137926 0.34483
0.10024 0.431961 0.467798
0.124636 0.175074 0.70029
0.275858 0.310347 0.413795
0.448231 0.000103416 0.551665
0.0681528 0.250336 0.681512
0.413789 0.13793 0.448281
0.172415 0.206891 0.620694
0.206896 0.0689655 0.724138
