0.241343 0.310369 0.448288
0.275873 0.103436 0.620691
0.8 0.2 0
0.866655 0.133345 0
0.133344 0.866656 0
0.392882 0.607118 0
0.519998 0.480002 0
0.000103223 0.413719 0.586177
0.517244 0.137929 0.344827
9.14509e-05 0.166648 0.83326
0.0688882 0.620741 0.310371
0.34485 0.0689052 0.586245
0.000101474 0.586125 0.413774
0.0333324 0.966668 0
0.966667 0.0333328 0
0.413794 0.137928 0.448278
0.266667 0.733333 0
0.409942 0.0683159 0.521742
0.357141 0.392859 0.25
0.137919 0.0344797 0.827602
0.0689232 0.379417 0.55166
0.214274 0.142849 0.642877
0.000103249 0.275817 0.72408
0.749898 0.000102199 0.25
0.107139 0.892861 0
0.344891 0.137945 0.517164
0.148147 0.444444 0.407409
0.000100827 0.639942 0.359958
0.000102395 0.214277 0.785621
0.249998 0.500002 0.25
0.357142 0.642858 0
0.137944 0.586197 0.275859
0.187323 0.299395 0.513281
0.0343355 0.107315 0.858349
0.241378 0.379308 0.379314
0.89286 0.10714 0
0.100187 0.432276 0.467538
0.311782 0.1092 0.579018
0.241354 0.000102848 0.758544
0.333327 9.98078e-05 0.666573
0.000103383 0.517188 0.482709
0.9999 9.99847e-05 0
0.68965 0.0344898 0.27586
0.321423 0.214282 0.464295
0.17242 0.82758 0
0.333336 0.333333 0.333331
0.629628 0.370372 0
0.730768 0.269232 0
0.58616 0.10346 0.31038
0.448229 0.000103036 0.551668
0.5 0.25 0.25
0.760002 0.239998 0
0.124137 0.175173 0.70069
0.444441 0.14815 0.407409
0.233331 0.766669 0
0.0356368 0.712785 0.251578
0.482759 0.517241 0
9.99922e-05 0.9999 0
0.517188 0.000103431 0.482709
9.91396e-05 9.87016e-05 0.999802
0.000103123 0.346159 0.653738
0.137932 0.482754 0.379314
0.102269 0.647731 0.25
0.379271 0.000103351 0.620626
0.551724 0.448276 0
0.000102064 0.749898 0.25
0.0681868 0.250828 0.680986
0.827587 0.172413 0
0.172421 0.344847 0.482732
0.448302 0.241359 0.310339
0.689656 0.310344 0
0.423077 0.576923 0
9.95689e-05 0.464489 0.535412
0.100005 9.97104e-05 0.899895
0.300001 0.699999 0
0.613637 0.136363 0.25
0.428574 0.214287 0.357139
0.93333 0.0666702 0
0.0666642 0.933336 0
0.275834 0.0344829 0.689683
0.241382 0.206927 0.551691
0.0679596 0.543684 0.388356
9.22209e-05 0.0666511 0.933257
0.103436 0.137912 0.758652
0.137931 0.275865 0.586203
0.172413 0.517241 0.310346
0.50239 0.0669934 0.430617
0.310344 0.310342 0.379314
0.551715 0.17242 0.275865
0.417736 0.303777 0.278487
0.275869 0.413789 0.310342
0.206897 0.068964 0.724139
0.285714 0.285712 0.428574
0.0689552 0.310352 0.620693
0.3793 0.241385 0.379316
0.6 0.4 0
0.607077 0.000101179 0.392822
0.206863 0.448302 0.344834
0.172412 0.206897 0.620691
0.655105 0.000103433 0.344792
