0.333514 0.181771 0.484716
0.566656 2.4431e-05 0.43332
2.39723e-05 0.599986 0.39999
0.379285 0.310331 0.310384
0.310346 0.310346 0.379307
0.303831 0.417714 0.278455
0.700006 0.299994 0
1.65383e-06 0.666665 0.333333
0.800005 0.199995 0
0.2 0.8 0
0.0833367 0.305544 0.611119
0.433323 2.45449e-05 0.566653
0.96154 0.03846 0
1.33604e-05 0.199996 0.79999
0.633348 0.366652 0
0.366666 0.633334 0
0.0384589 0.961541 0
0.375 0.375 0.25
0.333335 0.666665 0
2.45455e-05 0.566655 0.43332
2.31953e-05 0.633312 0.366665
0.619578 0.130422 0.25
0.866668 0.133332 0
0.133333 0.866667 0
0.399989 2.39831e-05 0.599987
0.125 0.625 0.25
0.666667 0.333333 0
0.418622 0.162759 0.418618
0.400018 0.599982 0
0.0981644 0.386517 0.515318
2.4536e-05 0.433323 0.566653
1.91052e-05 0.749981 0.25
0.1628 0.418595 0.418606
0.5 0.25 0.25
0.599986 2.39866e-05 0.39999
0.0880534 0.0829133 0.829033
2.70373e-06 7.60356e-07 0.999997
0.333333 0.333333 0.333333
0.454553 0.227273 0.318174
2.48827e-05 0.466658 0.533317
3.33258e-06 0.999997 0
2.49992e-05 0.499988 0.499987
2.35615e-05 0.357122 0.642855
0.133344 1.1465e-05 0.866645
0.529419 0.470581 0
0.233345 0.766655 0
0.999997 3.32297e-06 0
0.346509 0.207932 0.445559
0.733323 0.266677 0
0.192306 0.134628 0.673066
0.150008 0.283338 0.566653
0.0940727 0.247387 0.658541
0.266664 1.95417e-05 0.733317
0.266673 0.733327 0
0.254902 0.235289 0.509809
0.532178 2.49489e-05 0.467797
0.0434658 0.0434655 0.913069
0.766659 0.233341 0
0.525929 0.145368 0.328703
2.08894e-05 0.699993 0.299987
0.217097 0.276305 0.506598
0.164046 0.125394 0.71056
0.733319 1.95338e-05 0.266662
0.228278 0.521722 0.25
0.599999 0.400001 0
2.21394e-05 0.399991 0.599987
1.15146e-05 0.133344 0.866644
0.267062 0.385734 0.347204
0.371436 0.25714 0.371424
0.5 0.5 0
0.913044 0.0869556 0
0.0909084 0.909092 0
0.109308 0.166995 0.723697
2.09877e-05 0.299992 0.699987
0.141887 0.514854 0.343259
0.207856 0.346526 0.445617
0.199994 1.5949e-05 0.79999
1.78795e-05 0.233329 0.766653
0.499988 2.49919e-05 0.499987
0.321423 0.142873 0.535704
0.666645 2.22103e-05 0.333333
0.300001 0.699999 0
0.224007 0.194007 0.581986
0.286726 0.450448 0.262826
0.166667 0.833333 0
0.833331 0.166669 0
0.4426 0.5574 0
0.571441 0.178559 0.25
0.171676 0.18455 0.643775
0.428559 0.285708 0.285733
0.446811 0.106381 0.446808
0.118647 0.474589 0.406764
0.176826 0.565931 0.257242
0.240208 0.0992221 0.66057
0.285717 0.285718 0.428565
0.215468 0.461489 0.323044
0.333338 2.22204e-05 0.66664
0.566672 0.433328 0
0.749993 6.93713e-06 0.25
0.305556 0.0833249 0.611119
