0.29336 0.107836 0.598805
0.498107 0.501893 0
0.0706118 0.374915 0.554473
0.213953 0.230587 0.55546
0.328543 0.671457 0
0.646486 0.353514 0
0.0700066 0.135864 0.794129
0.207775 0.792225 0
3.7985e-05 0.6168 0.383162
0.350482 0.246455 0.403063
0.101482 0.545933 0.352585
0.0549467 0.668849 0.276204
0.104628 0.174171 0.721202
0.689793 0.310207 0
0.409065 0.30561 0.285325
0.623789 0.0307642 0.345447
0.250184 0.392591 0.357225
0.543715 0.206278 0.250007
0.103513 0.585278 0.311209
0.583876 0.102433 0.313692
0.932899 0.0671006 0
0.107166 0.892834 0
0.103768 0.307743 0.588489
0.137083 0.862917 0
4.75778e-05 0.135152 0.8648
0.172706 0.138207 0.689087
0.242147 0.0651607 0.692693
2.58915e-05 0.653747 0.346227
0.381043 0.0674038 0.551553
0.4263 0.145328 0.428372
0.999902 9.84303e-05 0
0.36078 0.38883 0.25039
0.60705 0.39295 0
0.857073 0.142927 0
0.144699 0.000100287 0.855201
9.72341e-05 0.51715 0.482753
0.204508 0.545485 0.250007
0.134001 0.0609748 0.805025
9.10154e-05 2.1808e-05 0.999887
0.617041 7.00707e-05 0.382889
0.0355511 0.712672 0.251777
0.333339 0.333326 0.333335
0.838842 0.161158 0
0.807312 0.192688 0
0.0747278 0.185084 0.740188
0.362793 0.143239 0.493968
9.40038e-05 0.999906 0
0.482799 0.517201 0
0.714361 0.0355541 0.250085
0.731214 0.268786 0
0.23328 0.76672 0
0.263901 0.105113 0.630986
0.482701 0.000102836 0.517196
0.0669336 0.933066 0
0.240042 0.240034 0.519924
0.3 9.17633e-05 0.699909
0.137778 0.241872 0.62035
0.357143 0.642857 0
9.01629e-05 0.346409 0.653501
0.388086 0.259329 0.352585
0.17336 0.487884 0.338756
0.0335249 0.42941 0.537065
0.166136 0.833864 0
0.767515 0.232485 0
0.480121 0.0406216 0.479257
0.423083 0.576917 0
5.74321e-05 0.241942 0.758001
0.0269581 0.0206139 0.952428
0.0272308 0.0660518 0.906717
0.538272 0.461728 0
0.300407 0.699593 0
7.7485e-05 0.749803 0.250119
0.66667 0.333333 6.4677e-07
0.441826 0.0992739 0.4589
0.143204 0.428864 0.427933
0.310881 0.209861 0.479257
0.215308 2.17198e-05 0.78467
0.287708 0.277327 0.434965
0.472247 0.275975 0.251777
0.137726 0.339307 0.522967
0.526424 0.473576 0
0.0322425 0.559505 0.408252
2.23119e-05 0.0886064 0.911371
0.532126 0.0261322 0.441742
0.340727 0.033526 0.625747
0.52163 0.134128 0.344242
0.56668 0.43332 0
0.612778 0.135445 0.251777
0.28168 0.468313 0.250007
0.133671 0.615902 0.250427
0.276873 0.170716 0.552411
0.0334244 0.27847 0.688105
0.0332684 0.169972 0.79676
0.0949818 0.0328288 0.872189
0.212883 0.172664 0.614453
0.180032 0.361052 0.458916
0.487412 0.209907 0.302681
0.0652117 0.476165 0.458624
2.36853e-05 0.384602 0.615374
0.264061 0.735939 0
