0.448283 0.0689589 0.482758
0.103269 0.517306 0.379425
0.200011 0.799989 0
0.800014 0.199986 0
0.310336 0.310336 0.379329
0.137948 0.862052 0
0.862047 0.137953 0
0.275874 0.172405 0.551721
0.166721 0.100029 0.73325
0.600001 0.399999 0
0.137844 0.2414 0.620756
0.172397 0.275812 0.551791
0.480028 0.519972 0
9.99283e-05 0.166649 0.833251
0.730771 0.269229 0
0.269252 0.730748 0
0.0333352 0.966665 0
0.966666 0.0333342 0
0.379389 0.103423 0.517187
8.69004e-05 0.655166 0.344747
0.100114 0.432522 0.467364
0.103449 0.310347 0.586204
0.275859 0.103449 0.620692
0.103526 0.586123 0.310351
0.482674 0.241437 0.275889
0.544517 0.204201 0.251282
0.000102368 0.214276 0.785622
0.428574 0.142853 0.428572
0.148147 0.444438 0.407415
0.344827 0.0689652 0.586207
0.633372 0.366628 0
0.107143 0.892857 0
0.615389 9.86303e-05 0.384513
0.0343343 0.107312 0.858354
0.240001 0.240001 0.519998
9.67216e-05 9.95839e-05 0.999804
0.000103239 0.517186 0.48271
0.501265 0.0331047 0.46563
0.9999 9.97588e-05 0
0.759942 0.240058 0
0.428677 0.321323 0.25
0.214282 0.321421 0.464298
0.333332 0.333332 0.333337
0.103446 0.137931 0.758622
0.0344833 0.689655 0.275862
0.239994 0.760006 0
0.586219 0.103429 0.310351
0.714287 0.035713 0.25
0.000103226 0.34612 0.653776
0.482712 0.000103411 0.517184
0.124768 0.168209 0.707024
0.44827 0.55173 0
0.241368 0.0689649 0.689667
0.233311 9.94468e-05 0.766589
0.000102189 0.749898 0.25
0.51724 0.48276 0
0.249879 0.500121 0.25
0.733257 9.96316e-05 0.266643
0.000100973 0.607165 0.392734
0.0336592 0.42766 0.53868
0.16665 9.92125e-05 0.833251
0.827553 0.172447 0
0.89287 0.10713 0
0.172453 0.827547 0
0.310319 0.689681 0
0.379154 0.241633 0.379212
0.933316 0.0666842 0
0.137927 0.0689635 0.79311
0.689696 0.310304 0
0.400001 0.599999 0
0.321542 0.178575 0.499883
0.294379 0.40853 0.297092
0.0689545 0.241539 0.689507
0.066731 0.50235 0.430919
9.98446e-05 0.9999 0
0.519384 0.0686575 0.411958
0.5715 0.4285 0
0.136415 0.613585 0.25
0.482751 0.172441 0.344808
0.0666701 0.93333 0
0.370382 0.629618 0
0.172307 0.483235 0.344458
0.413795 0.0344782 0.551727
0.249921 0.392747 0.357333
0.137885 0.344891 0.517224
3.1186e-05 0.0666561 0.933313
0.21428 0.142853 0.642868
0.613634 0.136366 0.25
0.178529 0.214217 0.607254
0.285684 0.285684 0.428633
0.357148 0.392852 0.25
0.310321 0.00010332 0.689576
0.655173 0.0689645 0.275862
0.37927 0.000103372 0.620627
0.000103344 0.27582 0.724077
0.103436 0.000103393 0.89646
0.17246 0.551629 0.27591
0.413975 0.275786 0.310239
9.16546e-05 0.392822 0.607086
0.344878 0.20692 0.448202
