0.400003 0.599997 0
0.8 0.2 0
0.172383 0.275872 0.551745
0.48279 0.137884 0.379325
0.866666 0.133334 0
0.137899 0.482778 0.379323
0.13334 0.86666 0
0.448277 0.103444 0.448279
0.206895 0.344826 0.448279
0.379311 0.275861 0.344828
0.519999 0.480001 0
0.413751 0.000103418 0.586146
0.172407 0.517245 0.310347
0.166672 9.99748e-05 0.833228
0.0689513 0.344833 0.586216
0.730774 0.269226 0
0.0333365 0.966663 0
0.310345 0.0689655 0.62069
0.655105 0.000103365 0.344792
0.379396 0.0689555 0.551648
0.000103391 0.44823 0.551666
0.586191 0.103452 0.310357
0.000103371 0.379273 0.620623
0.185182 0.407404 0.407415
0.444443 0.148142 0.407415
0.749898 0.000101628 0.25
0.107144 0.892856 0
0.107276 0.034336 0.858388
0.892854 0.107146 0
0.214257 0.000102474 0.785641
0.37037 0.62963 0
0.108679 0.311692 0.579629
0.551722 0.448278 0
0.299465 0.187165 0.51337
0.000103401 0.241355 0.758541
0.517188 0.000103364 0.482709
0.000103411 0.137906 0.86199
0.000103155 0.586144 0.413752
0.0356385 0.712791 0.251571
9.06077e-05 9.91056e-05 0.99981
0.346115 0.000103223 0.653782
0.5 0.25 0.25
0.068966 0.620687 0.310347
0.206898 0.172409 0.620693
0.333323 0.333339 0.333338
0.827584 0.172416 0
0.9999 9.98918e-05 0
0.254064 0.274139 0.471797
0.206897 0.448275 0.344828
0.966671 0.0333289 0
0.000103359 0.517188 0.482709
0.760001 0.239999 0
0.482761 0.517239 0
0.629618 0.370382 0
0.175208 0.12396 0.700832
0.233317 0.766683 0
0.689666 0.0344816 0.275853
9.9838e-05 0.9999 0
0.241379 0.482759 0.275862
0.14286 0.214287 0.642853
0.607062 0.000101112 0.392837
0.689662 0.310338 0
0.000102139 0.749898 0.25
0.0667818 0.432372 0.500846
0.13793 0.103446 0.758624
0.172412 0.827588 0
0.142862 0.607138 0.25
0.250885 0.068102 0.681013
0.0689628 0.137926 0.793112
0.413644 0.207182 0.379173
0.613636 0.136364 0.25
0.428574 0.571426 0
0.0666592 9.9868e-05 0.933241
0.933334 0.0666664 0
0.06667 0.93333 0
0.214265 0.250007 0.535728
0.269233 0.730767 0
0.464242 0.000100327 0.535658
0.275841 0.344877 0.379281
0.0669922 0.502394 0.430614
0.275873 0.137929 0.586198
0.310342 0.689658 0
0.214285 0.535715 0.25
0.344834 0.241373 0.413793
0.428559 0.285706 0.285734
0.103483 0.551575 0.344942
0.517245 0.172408 0.310347
0.5024 0.0669823 0.430618
0.000100821 0.639939 0.35996
0.137931 0.344829 0.51724
0.0333295 0.0666667 0.900004
0.344827 0.172414 0.482759
0.275834 0.000103402 0.724063
0.6 0.4 0
0.357142 0.392858 0.25
0.103443 0.172406 0.72415
0.396813 0.134234 0.468953
0.137926 0.413795 0.448279
0.0344777 0.275876 0.689646
0.275864 0.413792 0.310344
