0.241376 0.310347 0.448276
0.275866 0.103435 0.620699
0.800002 0.199998 0
0.310345 0.310344 0.379311
0.482752 0.137933 0.379315
0.133333 0.866667 0
0.137918 0.482766 0.379316
0.392866 0.607134 0
0.520001 0.479999 0
0.000103413 0.413749 0.586148
9.93975e-05 0.166662 0.833239
0.344828 0.0689647 0.586208
0.730764 0.269236 0
0.00010337 0.586155 0.413742
0.966671 0.0333295 0
0.03333 0.96667 0
0.413794 0.13793 0.448276
0.266669 0.733331 0
0.214272 0.142847 0.642881
0.107142 0.892858 0
0.321424 0.214282 0.464294
0.137932 0.586206 0.275862
0.1379 0.000103419 0.861996
0.0689584 0.379363 0.551679
0.551724 0.448276 0
0.137931 0.0689654 0.793104
0.379271 0.000103325 0.620626
0.148145 0.444447 0.407408
0.444445 0.148147 0.407408
0.0689655 0.310343 0.620692
0.000100957 0.639946 0.359953
0.000102437 0.214266 0.785631
0.18717 0.29946 0.51337
0.0343351 0.107308 0.858357
0.275884 0.034476 0.68964
0.629629 0.370371 0
0.137931 0.275862 0.586207
0.517188 0.000103279 0.482709
0.9999 9.99852e-05 0
0.866666 0.133334 0
0.172415 0.206893 0.620692
0.25 0.5 0.25
0.892859 0.107141 0
0.76 0.24 0
9.99885e-05 0.9999 0
0.333334 0.333333 0.333333
0.689656 0.0344824 0.275862
0.5 0.25 0.25
9.96744e-05 9.31314e-05 0.999807
0.689657 0.310343 0
0.482759 0.517241 0
0.379315 0.275855 0.34483
0.3 0.7 0
0.311975 0.108635 0.579389
0.123725 0.175256 0.701019
0.233333 0.766667 0
0.357141 0.392859 0.25
0.586188 0.103453 0.310359
0.93335 0.0666496 0
0.241357 0.000103361 0.75854
0.0666419 0.0333243 0.900034
0.000103195 0.346112 0.653785
0.607076 0.000101149 0.392822
0.000102175 0.749898 0.25
0.357145 0.642855 0
0.827582 0.172418 0
0.0689593 0.620694 0.310347
9.76505e-05 0.0666737 0.933229
0.172414 0.827586 0
0.423062 0.576938 0
0.0681211 0.250674 0.681205
0.241382 0.379304 0.379314
0.0679727 0.543683 0.388344
0.000103429 0.517188 0.482709
0.000100428 0.464257 0.535643
0.401231 0.234052 0.364718
0.0666691 0.933331 0
0.241382 0.206895 0.551723
0.613627 0.136373 0.25
0.102278 0.647722 0.25
0.517242 0.172412 0.310345
0.17241 0.517243 0.310347
0.172414 0.344828 0.482758
0.502385 0.0669824 0.430633
0.345099 0.13787 0.517031
0.103444 0.13793 0.758625
0.409958 0.0683194 0.521722
0.413794 0.310344 0.275862
0.285713 0.285712 0.428574
0.275876 0.413785 0.310339
0.100287 0.43187 0.467843
0.0356404 0.712785 0.251574
0.000103329 0.275833 0.724064
0.448229 0.000103353 0.551667
0.6 0.4 0
0.448279 0.241378 0.310343
0.206894 0.448275 0.344831
0.749898 0.000102237 0.25
0.655105 0.000103429 0.344792
0.172408 0.103449 0.724143
