0.200005 0.799995 0
0.8 0.2 0
0.275858 0.172413 0.551729
0.310345 0.310345 0.37931
0.517242 0.103448 0.37931
0.172411 0.103448 0.724141
0.866665 0.133335 0
0.137931 0.24138 0.620688
0.400001 0.599999 0
0.519997 0.480003 0
0.275863 0.413793 0.310345
0.269227 0.730773 0
0.730769 0.269231 0
0.0333305 0.966669 0
0.429461 0.100684 0.469855
0.166674 0.0333347 0.799991
0.0344507 0.379883 0.585666
0.105584 0.260903 0.633512
9.9889e-05 0.0999922 0.899908
0.310344 0.689656 0
0.103447 0.551729 0.344824
0.310345 0.103449 0.586207
0.250001 0.35714 0.392859
0.827586 0.172414 0
0.749898 0.000102162 0.25
0.241357 0.000103347 0.75854
0.444443 0.148149 0.407408
0.366666 0.633334 0
0.599999 0.400001 0
0.000102543 0.615323 0.384574
0.62963 0.37037 0
0.425122 0.0338166 0.541062
0.000103435 0.482709 0.517187
0.655105 0.000103355 0.344792
0.58621 0.103444 0.310346
9.97329e-05 9.44631e-05 0.999806
9.99618e-05 0.9999 0
0.333333 0.333333 0.333334
0.147732 0.409086 0.443182
0.206895 0.379311 0.413794
0.689671 0.034481 0.275848
0.5 0.25 0.25
0.517185 0.000103256 0.482711
0.607081 0.000101162 0.392818
0.0342777 0.143063 0.82266
9.99136e-05 0.299977 0.699923
0.0689647 0.206894 0.724141
0.346125 0.000103088 0.653772
0.206897 0.206897 0.586207
0.551725 0.448275 0
0.107139 0.892861 0
0.9999 9.99356e-05 0
0.48276 0.51724 0
0.448282 0.241377 0.310341
9.99176e-05 0.73326 0.26664
0.185163 0.0741875 0.740649
0.137934 0.172415 0.689651
0.0357151 0.714285 0.25
0.892859 0.107141 0
0.240002 0.759998 0
0.31579 0.434209 0.25
0.240001 0.240001 0.519999
0.204206 0.544492 0.251302
0.178542 0.321539 0.499919
0.321429 0.214287 0.464284
0.172416 0.827584 0
0.0669858 0.430623 0.502391
0.689655 0.310345 0
0.137921 0.000103179 0.861975
0.0666645 0.0333303 0.900005
0.206895 0.448279 0.344825
0.407917 0.295417 0.296666
0.613632 0.136368 0.25
0.760004 0.239996 0
0.136359 0.613641 0.25
0.241381 0.137931 0.620688
0.103443 0.344863 0.551694
0.933332 0.0666683 0
0.0666667 0.933333 0
0.275869 0.0344806 0.689651
0.000103402 0.206878 0.793019
0.0689617 0.517244 0.413794
0.0344799 0.655174 0.310346
0.133339 0.866661 0
0.482756 0.172419 0.344826
0.137929 0.448277 0.413794
0.344899 0.137913 0.517187
0.499968 0.0666715 0.43336
0.966669 0.0333313 0
0.241382 0.482754 0.275865
0.428572 0.571428 0
0.392857 0.357143 0.25
0.103447 0.103447 0.793105
0.379311 0.241378 0.379311
0.172414 0.517241 0.310345
0.000101431 0.357108 0.64279
0.551729 0.172406 0.275865
0.392818 0.000101146 0.60708
0.275862 0.275862 0.448275
0.000103424 0.551664 0.448232
