0.482759 0.137931 0.37931
0.6 0.4 0
0.2 0.8 0
0.27586 0.172411 0.551729
0.137932 0.482755 0.379313
0.133334 0.866666 0
0.866666 0.133334 0
0.172413 0.344827 0.482759
0.103427 0.448287 0.448287
0.344825 0.206898 0.448278
0.275865 0.379305 0.344831
0.517245 0.172409 0.310347
8.18341e-05 0.166643 0.833275
0.34483 0.0689573 0.586212
0.586146 0.000103321 0.41375
0.966673 0.0333269 0
0.0333325 0.966668 0
0.000103428 0.655105 0.344792
0.269231 0.730769 0
0.274604 0.253888 0.471508
0.000102198 0.749898 0.25
0.480006 0.519994 0
0.137911 0.000103409 0.861985
0.607135 0.142865 0.25
0.0689646 0.310345 0.62069
0.275878 0.0344644 0.689658
0.0689593 0.379308 0.551733
0.344847 0.275854 0.379299
0.103467 0.586133 0.310401
0.639934 0.000100969 0.359965
0.689659 0.310341 0
0.629631 0.370369 0
0.517241 0.482759 0
0.0343349 0.107296 0.858369
0.370372 0.629628 0
0.311636 0.108689 0.579675
0.000103423 0.517188 0.482709
0.207014 0.413732 0.379254
0.71279 0.0356369 0.251573
0.392856 0.357144 0.25
0.000102436 0.2143 0.785598
0.517188 0.000103417 0.482709
9.99731e-05 0.9999 0
0.892858 0.107142 0
0.333336 0.333336 0.333328
0.187163 0.299462 0.513375
9.93909e-05 9.68341e-05 0.999804
0.482759 0.24138 0.275861
0.25 0.5 0.25
0.148149 0.444444 0.407407
0.107142 0.892858 0
0.766668 0.233332 0
0.123762 0.175246 0.700992
0.407407 0.185185 0.407408
0.068192 0.249906 0.681902
0.24 0.76 0
0.285716 0.428574 0.285711
0.0344872 0.689652 0.275861
0.9999 9.98976e-05 0
0.0001032 0.346115 0.653782
0.379272 0.000103164 0.620625
0.551712 0.103451 0.344837
0.214284 0.142856 0.64286
0.448276 0.551724 0
0.000101093 0.607073 0.392826
0.172416 0.827584 0
0.000100423 0.46424 0.53566
0.310343 0.689657 0
0.749898 0.000102094 0.25
0.431724 0.066855 0.501421
0.827589 0.172411 0
0.000103417 0.41375 0.586146
0.137934 0.0689671 0.793099
0.344908 0.137945 0.517148
0.571429 0.428571 0
0.137924 0.275902 0.586174
5.34307e-05 0.0666536 0.933293
0.0666673 0.933333 0
0.933333 0.0666669 0
0.25 0.214281 0.535718
0.502391 0.0669887 0.43062
0.535716 0.214284 0.25
0.241379 0.344831 0.41379
0.172414 0.517239 0.310347
0.0669868 0.502392 0.430622
0.241354 0.000103421 0.758542
0.103449 0.137925 0.758626
0.448274 0.206897 0.344829
0.620695 0.068958 0.310347
0.136362 0.613638 0.25
0.00010341 0.275834 0.724063
0.134266 0.396802 0.468933
0.44823 0.000103432 0.551667
0.730774 0.269226 0
0.172407 0.206898 0.620696
0.4 0.6 0
0.172412 0.103449 0.72414
0.0666697 0.0333349 0.899995
0.413795 0.137927 0.448278
0.413793 0.275862 0.310345
