0.8 0.2 0
0.241369 0.413802 0.344829
0.206895 0.379311 0.413794
0.24138 0.13793 0.62069
0.655666 0.0344335 0.309901
0.413791 0.275865 0.310343
0.730766 0.269234 0
0.433334 0.566666 0
0.413798 0.103449 0.482753
0.344828 0.206894 0.448278
0.137929 0.379318 0.482753
0.866666 0.133334 0
0.233332 0.766668 0
0.966666 0.0333336 0
0.103445 0.448277 0.448278
0.300003 0.699997 0
0.0689453 0.655188 0.275867
0.259193 0.444472 0.296334
0.933333 0.0666674 0
0.0666688 0.933331 0
0.103443 0.034481 0.862076
0.103461 0.586158 0.310382
0.105589 0.260878 0.633533
0.321424 0.178569 0.500007
0.392855 0.357145 0.25
0.000102645 0.178553 0.821344
0.178553 0.00010265 0.821344
0.409096 0.147726 0.443178
0.0344827 0.0689714 0.896546
0.615321 0.000102493 0.384576
0.579551 0.170449 0.25
0.000100997 0.629565 0.370334
0.240002 0.240002 0.519995
0.13636 0.61364 0.25
0.000103414 0.482709 0.517188
0.9999 9.98999e-05 0
0.333333 0.333333 0.333333
0.892858 0.107142 0
0.000101857 0.319957 0.679941
9.94226e-05 9.82433e-05 0.999802
0.275858 0.34483 0.379313
0.517241 0.482759 0
0.0357208 0.714279 0.25
0.310313 0.000103336 0.689584
0.147728 0.40909 0.443182
0.137923 0.310347 0.551731
0.137932 0.482756 0.379312
0.124999 0.124999 0.750001
0.260936 0.10558 0.633484
0.345435 0.103352 0.551213
0.714284 0.0357163 0.25
0.379245 0.241511 0.379244
0.633333 0.366667 0
0.73326 9.99063e-05 0.26664
0.100001 0.899999 0
0.269231 0.730769 0
0.310342 0.275864 0.413794
0.759999 0.240001 0
0.482709 0.000103335 0.517188
0.214285 0.535715 0.25
0.517236 0.137939 0.344826
0.544502 0.204191 0.251307
0.385708 0.0341276 0.580164
0.551667 0.00010338 0.448229
0.0684964 0.349311 0.582193
0.200002 0.799998 0
9.99119e-05 0.73326 0.26664
0.827586 0.172414 0
0.464323 0.249983 0.285694
0.599996 0.400004 0
0.689658 0.310342 0
0.0689575 0.517297 0.413745
0.46154 0.53846 0
0.392858 0.607142 0
0.620779 0.103424 0.275797
0.333334 0.666666 0
0.597011 0.0671652 0.335824
0.214293 0.321424 0.464283
0.505176 0.0673554 0.427469
0.206897 0.0689655 0.724138
0.0689618 0.2069 0.724138
0.571424 0.428576 0
0.206896 0.206896 0.586208
0.178541 0.464334 0.357125
0.0335782 0.429169 0.537253
0.033331 0.966669 0
0.172412 0.172412 0.655175
0.321426 0.428574 0.25
9.99266e-05 0.566596 0.433305
0.103441 0.103441 0.793119
9.97644e-05 0.23331 0.76659
0.0666593 9.49227e-05 0.933246
9.99654e-05 0.9999 0
0.23331 9.98632e-05 0.76659
0.448277 0.172411 0.379312
0.310348 0.379309 0.310343
9.48334e-05 0.133321 0.866585
0.14286 0.85714 0
0.000103301 0.379272 0.620624
0.357106 0.000101426 0.642793
