0.137922 0.482765 0.379313
0.4 0.6 0
0.172412 0.27586 0.551728
0.8 0.2 0
0.482876 0.1379 0.379224
0.866666 0.133334 0
0.133334 0.866666 0
0.448278 0.103443 0.448278
0.206891 0.34483 0.448279
0.519992 0.480008 0
0.172414 0.517241 0.310345
0.166654 9.98539e-05 0.833246
0.0689624 0.344828 0.586209
0.000103412 0.586145 0.413751
0.966671 0.0333289 0
0.655105 0.00010342 0.344792
0.310345 0.0689655 0.62069
0.379352 0.0689608 0.551687
0.000103392 0.137919 0.861977
0.586202 0.103449 0.310348
0.444445 0.148148 0.407407
0.396876 0.13409 0.469034
0.730771 0.269229 0
0.357143 0.392857 0.25
0.749898 0.000102092 0.25
0.346123 0.000103214 0.653773
0.000101017 0.639935 0.359964
0.892856 0.107144 0
0.0356539 0.712778 0.251568
0.299459 0.187171 0.51337
0.107303 0.0343349 0.858362
0.310337 0.689663 0
0.108643 0.311938 0.579419
0.000103283 0.241355 0.758541
0.0333324 0.966668 0
0.5 0.25 0.25
0.18519 0.407393 0.407417
0.41375 0.000103432 0.586146
0.175222 0.123889 0.700889
9.81628e-05 9.74737e-05 0.999804
0.370372 0.629628 0
0.428571 0.285714 0.285715
0.629626 0.370374 0
0.333333 0.333332 0.333336
0.142852 0.214278 0.642869
0.551725 0.448275 0
0.000103419 0.379271 0.620625
0.76 0.24 0
9.99709e-05 0.9999 0
0.689654 0.0344848 0.275861
0.000103422 0.517188 0.482709
0.48276 0.51724 0
0.214269 0.00010225 0.785629
0.689677 0.310323 0
0.107139 0.892861 0
0.607086 0.000101172 0.392813
0.517188 0.000103422 0.482709
0.379306 0.275864 0.34483
0.253822 0.274794 0.471384
0.0666674 0.933333 0
0.233331 0.766669 0
0.9999 9.99897e-05 0
0.241379 0.482759 0.275862
0.103458 0.551681 0.344861
0.827585 0.172415 0
0.0333302 0.0666525 0.900017
0.0667079 0.432981 0.500311
0.172417 0.827583 0
0.275859 0.344835 0.379306
0.250708 0.0681202 0.681172
0.0689662 0.137932 0.793101
0.344828 0.172414 0.482759
0.275862 0.413793 0.310345
0.428571 0.571429 0
0.269233 0.730767 0
0.413791 0.206901 0.379308
0.0666371 9.79333e-05 0.933265
0.933333 0.0666667 0
0.214286 0.25 0.535714
0.0344821 0.27588 0.689638
0.464244 0.0001004 0.535656
0.0669817 0.502397 0.430621
0.275874 0.137929 0.586197
0.214286 0.535714 0.25
0.344843 0.241374 0.413782
0.517241 0.172414 0.310345
0.000102259 0.749898 0.25
0.502393 0.0669862 0.430621
0.137932 0.103448 0.75862
0.137932 0.344832 0.517236
0.206895 0.448277 0.344828
0.613636 0.136364 0.25
0.0689565 0.620696 0.310348
0.275833 0.000103387 0.724064
0.6 0.4 0
0.142858 0.607142 0.25
0.000103353 0.44823 0.551667
0.206897 0.172413 0.62069
0.103445 0.172414 0.724141
0.137931 0.413793 0.448276
