0.275863 0.103446 0.620691
0.310345 0.310345 0.37931
0.866666 0.133334 0
0.133333 0.866667 0
0.137927 0.482761 0.379312
0.392857 0.607143 0
0.799997 0.200003 0
0.448286 0.206879 0.344835
0.52 0.48 0
0.000103431 0.41375 0.586146
9.21039e-05 0.16665 0.833258
0.0689656 0.620689 0.310345
0.730767 0.269233 0
0.344828 0.0689636 0.586208
0.966673 0.0333268 0
0.0333334 0.966667 0
0.413792 0.13793 0.448277
0.26667 0.73333 0
0.214281 0.142854 0.642865
0.321426 0.214284 0.46429
0.586191 0.103452 0.310357
0.448278 0.275861 0.275861
0.000100347 0.464247 0.535653
0.379271 0.000103308 0.620626
0.607073 0.000101178 0.392825
0.148148 0.444444 0.407408
0.137932 0.586206 0.275862
0.285709 0.428568 0.285723
0.444445 0.148148 0.407408
0.749897 0.000102124 0.25
0.107143 0.892857 0
0.357143 0.642857 0
0.892857 0.107143 0
0.102272 0.647727 0.25
0.629629 0.370371 0
0.137918 0.0689589 0.793123
0.311891 0.108887 0.579222
0.517188 0.000103401 0.482709
0.0666666 0.933333 0
9.67982e-05 9.93829e-05 0.999804
0.48276 0.51724 0
0.0666695 0.0333347 0.899996
0.482753 0.137933 0.379314
0.000103399 0.275833 0.724064
0.000101032 0.639934 0.359965
0.000103156 0.346117 0.65378
0.25 0.5 0.25
0.333333 0.333333 0.333334
0.392857 0.357143 0.25
0.310343 0.379314 0.310343
9.99504e-05 0.9999 0
0.123799 0.17524 0.700961
0.000102468 0.214243 0.785654
0.0343354 0.107296 0.858368
0.9999 9.99752e-05 0
0.137919 0.000103424 0.861978
0.233334 0.766666 0
0.401209 0.234041 0.36475
0.5 0.25 0.25
0.100254 0.431897 0.467849
0.241354 0.000103227 0.758542
0.000103431 0.517188 0.482709
0.0356396 0.712784 0.251576
0.502401 0.0669833 0.430616
0.689661 0.0344822 0.275857
0.76 0.24 0
0.000102166 0.749897 0.25
0.827585 0.172415 0
0.689658 0.310342 0
0.172415 0.827585 0
0.241379 0.310344 0.448277
0.0681044 0.250854 0.681041
0.241383 0.379301 0.379316
0.299999 0.700001 0
0.40995 0.0683216 0.521729
0.0679699 0.543687 0.388343
0.103444 0.13793 0.758625
9.65427e-05 0.0666599 0.933244
0.000103322 0.58614 0.413756
0.933334 0.0666665 0
0.423076 0.576924 0
0.275862 0.0344828 0.689655
0.241392 0.206893 0.551715
0.613636 0.136364 0.25
0.517242 0.172413 0.310345
0.344844 0.137947 0.517209
0.172412 0.103444 0.724144
0.137928 0.275878 0.586194
0.551725 0.448275 0
0.172414 0.517241 0.310345
0.18716 0.299455 0.513385
0.448229 0.000103282 0.551668
0.172414 0.344828 0.482759
0.285714 0.285714 0.428572
0.0689844 0.379348 0.551668
0.6 0.4 0
0.206897 0.448275 0.344828
0.0689657 0.310343 0.620691
0.172414 0.206895 0.620691
0.655105 0.000103368 0.344792
