0.310345 0.241378 0.448277
0.199999 0.800001 0
0.379313 0.310344 0.310344
0.310345 0.310345 0.37931
0.137929 0.48276 0.379311
0.133334 0.866666 0
0.866666 0.133334 0
0.41375 0.000103332 0.586146
0.166663 9.99399e-05 0.833237
0.62069 0.0689645 0.310345
0.482757 0.137931 0.379311
0.0689652 0.344827 0.586208
0.206893 0.448278 0.344829
0.26923 0.73077 0
0.966668 0.0333318 0
0.58615 0.000103417 0.413746
0.0333323 0.966668 0
0.733334 0.266666 0
0.357151 0.392849 0.25
0.379329 0.0689634 0.551708
0.103446 0.275863 0.620691
0.000103388 0.44823 0.551667
0.214265 0.000102469 0.785633
0.137931 0.413793 0.448276
0.000102215 0.749898 0.25
0.89286 0.10714 0
0.142855 0.214283 0.642862
0.642856 0.357144 0
0.107142 0.892858 0
0.299463 0.187165 0.513372
0.239999 0.760001 0
0.586204 0.137935 0.275861
0.107291 0.0343379 0.858371
0.148148 0.444444 0.407407
0.108634 0.311979 0.579388
0.639943 0.000101024 0.359956
0.137673 0.34605 0.516277
0.000103421 0.517188 0.482709
0.0666629 3.23701e-05 0.933305
0.444445 0.148148 0.407407
0.647729 0.102271 0.25
0.370371 0.629629 0
0.0344859 0.689653 0.275861
0.206895 0.241383 0.551721
0.000103308 0.241355 0.758542
0.827585 0.172415 0
9.99903e-05 0.9999 0
0.333334 0.333334 0.333332
0.103459 0.586164 0.310377
0.9999 9.99516e-05 0
9.91232e-05 9.3388e-05 0.999807
0.51724 0.48276 0
0.0666686 0.933331 0
0.000103418 0.137919 0.861977
0.250749 0.0681154 0.681136
0.206897 0.172411 0.620691
0.175259 0.12371 0.701031
0.25 0.5 0.25
0.517188 0.000103429 0.482709
0.766667 0.233333 0
0.5 0.25 0.25
0.136367 0.613633 0.25
0.712786 0.0356402 0.251573
0.34611 0.000103218 0.653786
0.172418 0.827582 0
0.448275 0.551725 0
0.344828 0.172414 0.482758
0.000101144 0.607082 0.392817
0.749898 0.000102198 0.25
0.214283 0.321425 0.464292
0.285715 0.285715 0.42857
0.310345 0.689655 0
0.48 0.52 0
0.576926 0.423074 0
0.379312 0.241376 0.379312
0.0689654 0.137931 0.793103
0.000103356 0.379271 0.620626
0.699997 0.300003 0
0.0683225 0.409943 0.521735
0.543692 0.0679598 0.388348
0.234039 0.401214 0.364746
0.933333 0.0666668 0
0.0344823 0.275863 0.689654
0.464243 0.0001004 0.535656
0.607139 0.392861 0
0.172414 0.517241 0.310345
0.275862 0.137931 0.586207
0.0669865 0.502392 0.430621
0.517241 0.172414 0.310345
0.428569 0.285713 0.285718
0.137931 0.103445 0.758624
0.0333334 0.0666669 0.9
0.431903 0.100255 0.467842
0.275827 0.000103432 0.724069
0.27586 0.448285 0.275855
0.4 0.6 0
0.448275 0.206897 0.344828
0.0689655 0.206897 0.724138
0.000103424 0.655105 0.344792
0.310341 0.0689659 0.620693
