0.279277 0.171716 0.549007
0.800004 0.199996 0
0.333346 9.88246e-05 0.666555
0.242907 0.343506 0.413587
0.137896 0.482776 0.379328
0.600008 0.399992 0
0.0661332 0.0667152 0.867152
0.199999 0.800001 0
0.866667 0.133333 0
0.480001 0.519999 0
8.68743e-05 0.413914 0.585999
8.42109e-05 0.166668 0.833248
0.269232 0.730768 0
0.344836 0.0688638 0.586301
0.966665 0.0333349 0
0.0333328 0.966667 0
0.137858 0.310343 0.551799
0.000102935 0.655104 0.344793
0.206882 0.44835 0.344767
0.44827 0.55173 0
0.133339 0.866661 0
0.571353 0.178647 0.25
8.20595e-05 0.275716 0.724202
0.379276 0.000102649 0.620621
0.392933 0.357067 0.25
0.647755 0.102245 0.25
0.147005 0.448801 0.404194
0.428614 0.142824 0.428563
0.892867 0.107133 0
0.639978 0.000100043 0.359921
0.0666576 2.03895e-05 0.933322
0.000102173 0.749898 0.25
0.107144 0.892856 0
0.629648 0.370352 0
0.0688981 0.379303 0.551799
0.13643 0.61357 0.25
0.0343901 0.107156 0.858454
0.37037 0.62963 0
0.933335 0.066665 0
0.310846 0.10881 0.580344
0.103441 0.137921 0.758638
0.186811 0.299837 0.513352
0.0685009 0.247411 0.684088
0.243293 0.378211 0.378496
0.103552 0.58601 0.310439
9.90549e-05 9.76301e-05 0.999803
0.137869 0.000100875 0.86203
0.275089 0.242201 0.48271
0.9999 9.99442e-05 0
0.249999 0.500001 0.25
0.310326 0.310326 0.379348
0.103453 0.413784 0.482763
0.333328 0.333328 0.333343
9.99318e-05 0.9999 0
0.517242 0.482758 0
0.000103335 0.517186 0.48271
0.766667 0.233333 0
0.712785 0.035631 0.251584
0.239998 0.760002 0
0.000102412 0.214286 0.785612
0.241413 0.000102231 0.758484
0.0344846 0.689654 0.275861
0.000103212 0.346117 0.653779
0.482759 0.241379 0.275862
0.103431 0.275934 0.620635
0.689651 0.310349 0
0.482469 0.172489 0.345042
0.214425 0.142938 0.642637
0.000101113 0.607081 0.392818
0.551718 0.103436 0.344846
0.172427 0.827573 0
0.310344 0.689656 0
0.827592 0.172408 0
0.0666652 0.933335 0
0.137959 0.0689808 0.79306
0.517187 0.000102899 0.48271
0.392881 0.249941 0.357177
0.409891 0.068407 0.521702
0.275845 0.0344385 0.689716
9.92917e-05 0.0666851 0.933216
0.245717 0.205275 0.549007
0.172387 0.517177 0.310436
0.123907 0.175223 0.70087
9.40013e-05 0.464242 0.535664
0.345071 0.210473 0.444456
0.62094 0.0688566 0.310204
0.537083 0.033538 0.429379
0.285663 0.428491 0.285847
0.749898 0.000102216 0.25
0.0669934 0.502446 0.430561
0.172423 0.34473 0.482847
0.172372 0.241538 0.58609
0.344781 0.13779 0.517429
0.44882 9.95921e-05 0.55108
0.730741 0.269259 0
0.447773 0.103323 0.448904
0.464273 0.285727 0.25
0.400002 0.599998 0
0.571418 0.428582 0
0.206337 0.0687808 0.724883
