0.64 0.36 0
0.133334 0.866666 0
0.241378 0.482766 0.275855
0.482786 0.241367 0.275847
0.379311 0.172411 0.448278
0.241379 0.310341 0.44828
0.392868 0.607132 0
0.448279 0.0689479 0.482773
0.0689557 0.655201 0.275843
0.566666 0.433334 0
0.766671 0.233329 0
0.0333296 0.96667 0
0.96667 0.0333298 0
0.266668 0.733332 0
0.413803 0.310342 0.275856
0.655189 0.0689539 0.275857
0.250171 0.392437 0.357392
0.103394 9.92485e-05 0.896507
0.699999 0.300001 0
0.233309 9.99897e-05 0.766591
0.105202 0.298646 0.596151
0.136366 0.613634 0.25
0.000102288 0.214325 0.785572
0.285713 0.285713 0.428574
0.428571 0.142856 0.428573
0.586224 0.103451 0.310325
0.142892 0.428552 0.428556
0.107139 0.892861 0
6.71175e-05 0.166649 0.833284
0.344842 0.0689651 0.586193
0.629568 0.000100369 0.370331
0.0343351 0.107295 0.85837
0.000102947 0.586093 0.413804
0.535737 0.214263 0.25
0.000103265 0.517187 0.482709
0.333337 0.333337 0.333326
0.857143 0.142857 0
0.0678825 0.389024 0.543093
0.482759 0.517241 0
9.96848e-05 0.9999 0
0.000103162 0.346132 0.653765
0.310319 0.000102903 0.689578
0.124748 0.168325 0.706927
0.607141 0.392859 0
0.357144 0.642856 0
0.900003 0.0999966 0
0.200003 0.799997 0
9.95665e-05 7.7529e-05 0.999823
0.933329 0.0666712 0
0.999901 9.92347e-05 0
0.0356428 0.712781 0.251576
0.000102488 0.653783 0.346115
0.714285 0.0357155 0.25
0.137944 0.0689713 0.793085
0.103452 0.586197 0.310351
0.357147 0.392853 0.25
0.730775 0.269225 0
0.214287 0.142859 0.642854
0.233326 0.766674 0
0.068855 0.449151 0.481994
0.310345 0.310345 0.37931
0.20454 0.54546 0.25
0.240004 0.240004 0.519992
0.392841 0.25 0.357159
0.733265 9.95721e-05 0.266636
0.0666666 0.933333 0
0.799999 0.200001 0
0.166667 0.833333 0
0.423056 0.576944 0
0.53846 0.46154 0
0.310336 0.206919 0.482745
0.300006 0.699994 0
0.666667 0.333333 0
0.000101405 0.749899 0.25
0.166666 0.100003 0.733331
0.533384 0.0333328 0.433283
0.172413 0.344829 0.482758
0.0689569 0.241472 0.689571
0.464292 0.285708 0.25
0.206896 0.413796 0.379308
0.0672687 0.53811 0.394622
0.379272 0.000103284 0.620625
0.17425 0.487913 0.337837
0.482734 0.172397 0.34487
0.413788 0.034481 0.551731
0.241374 0.0689385 0.689687
9.4772e-05 0.0666603 0.933245
0.275856 0.172416 0.551728
9.98989e-05 0.433278 0.566622
0.613644 0.136356 0.25
0.285704 0.464296 0.25
0.10343 0.137901 0.758669
0.172412 0.206903 0.620684
0.166643 7.37136e-05 0.833284
0.48271 0.000102708 0.517187
0.379342 0.103444 0.517214
0.517242 0.103443 0.379315
0.000103337 0.275816 0.724081
0.172415 0.275861 0.551724
0.275863 0.10344 0.620697
