0.413832 0.206862 0.379306
0.360007 0.639993 0
0.866657 0.133343 0
0.482815 0.241349 0.275836
0.17231 0.379252 0.448438
0.241382 0.448296 0.310322
0.310348 0.310351 0.379301
0.300006 0.699994 0
0.206873 0.137915 0.655212
0.0998944 0.166673 0.733433
0.799999 0.200001 0
0.607142 0.392858 0
0.166651 9.2766e-05 0.833257
0.656623 0.0686759 0.274701
0.0689606 0.448305 0.482735
0.433339 0.566661 0
0.0333243 0.966676 0
0.966667 0.0333327 0
0.0689557 0.655204 0.275841
0.585983 0.103579 0.310438
0.000103282 0.103422 0.896474
0.7499 0.000100078 0.25
0.214268 0.000102419 0.78563
0.428554 0.142863 0.428582
0.487935 0.174228 0.337837
0.892851 0.107149 0
0.310326 0.41382 0.275854
0.068964 0.344851 0.586185
0.142857 0.428565 0.428578
0.245367 0.0686026 0.68603
0.392854 0.607146 0
0.0666708 0.933329 0
0.653783 0.000102912 0.346114
0.107286 0.0343413 0.858373
0.000100814 0.629568 0.370331
0.733331 0.266669 0
0.239999 0.240001 0.52
0.214283 0.535717 0.25
0.137929 0.103442 0.758629
0.517162 0.000103287 0.482735
0.9999 9.98837e-05 0
0.712773 0.0356393 0.251588
0.103427 0.379399 0.517174
0.103449 0.586188 0.310364
0.39285 0.35715 0.25
9.97784e-05 0.9999 0
0.333333 0.333336 0.333331
0.17242 0.482753 0.344827
0.766668 0.233332 0
8.9871e-05 9.2088e-05 0.999818
0.000103332 0.310306 0.689591
0.000102919 0.379269 0.620628
0.517241 0.482759 0
0.344854 0.137954 0.517192
0.168285 0.124753 0.706962
0.269228 0.730772 0
9.99072e-05 0.233338 0.766562
0.000103187 0.482708 0.517189
0.172416 0.275878 0.551707
0.545473 0.204527 0.25
0.142867 0.857133 0
0.392821 0.250023 0.357157
0.346121 0.000102652 0.653776
0.0357078 0.714292 0.25
0.142851 0.214275 0.642874
0.250103 0.392594 0.357303
9.99572e-05 0.733263 0.266637
0.207329 0.310188 0.482483
0.233322 0.766678 0
0.388564 0.0679228 0.543513
0.199997 0.800003 0
0.300764 0.104891 0.594344
0.0689713 0.137947 0.793082
0.833324 0.166676 0
0.333333 0.666667 0
0.576935 0.423065 0
0.613658 0.136341 0.25
0.46155 0.53845 0
0.699946 0.300054 0
0.068392 0.521268 0.41034
0.321414 0.214275 0.46431
0.285761 0.464239 0.25
0.53814 0.0672521 0.394608
0.0344743 0.413796 0.551729
0.933325 0.0666755 0
0.0666587 9.82806e-05 0.933243
0.433273 9.8494e-05 0.566629
0.136358 0.613642 0.25
0.0688909 0.241326 0.689783
0.241393 0.172422 0.586185
0.285709 0.285712 0.428579
0.642837 0.357163 0
9.25444e-05 0.16665 0.833258
0.464286 0.285714 0.25
9.99455e-05 0.56662 0.43328
0.275836 0.000103364 0.724061
0.100022 0.899978 0
0.586096 0.000103139 0.413801
0.450182 0.0687255 0.481092
0.103447 0.275863 0.62069
