0.482759 0.13793 0.379311
0.199999 0.800001 0
0.866665 0.133335 0
0.133335 0.866665 0
0.172414 0.344827 0.482759
0.103447 0.448277 0.448277
0.344832 0.206889 0.448279
0.480013 0.519987 0
0.000103425 0.41375 0.586146
0.517241 0.172414 0.310345
9.98773e-05 0.166656 0.833244
0.344829 0.0689623 0.586209
0.269231 0.730769 0
0.0333312 0.966669 0
0.966668 0.0333317 0
0.000103433 0.655105 0.344792
0.0689657 0.310343 0.620691
0.172411 0.206897 0.620691
0.392855 0.357144 0.25
0.639937 0.000101023 0.359962
0.629622 0.370378 0
0.712788 0.0356392 0.251572
0.137912 0.000103303 0.861985
9.98836e-05 0.0666609 0.933239
0.6 0.4 0
0.249999 0.214286 0.535715
0.370372 0.629628 0
0.730765 0.269235 0
0.311933 0.108643 0.579424
0.0666639 0.0333288 0.900007
0.000102463 0.214257 0.785641
0.586146 0.000103432 0.41375
0.517188 0.000103409 0.482709
0.000102243 0.749898 0.25
0.433333 0.0666675 0.499999
9.92905e-05 9.38535e-05 0.999807
0.76667 0.23333 0
0.407399 0.185188 0.407413
0.275863 0.379308 0.344829
0.0344823 0.689659 0.275858
0.0689616 0.379345 0.551693
0.9999 9.99609e-05 0
0.172414 0.827586 0
0.103479 0.586083 0.310438
0.239998 0.760002 0
0.448276 0.551724 0
0.333334 0.333332 0.333334
0.0343424 0.107297 0.858361
0.000103182 0.346122 0.653775
9.99792e-05 0.9999 0
0.187179 0.29946 0.513361
0.107141 0.892859 0
0.551599 0.103477 0.344924
0.25 0.5 0.25
0.123755 0.17525 0.700995
0.517241 0.482759 0
0.214285 0.142857 0.642859
0.482759 0.241379 0.275862
0.60714 0.14286 0.25
0.689656 0.310344 0
0.000101159 0.60708 0.392819
0.310342 0.689658 0
0.137931 0.482759 0.37931
0.749898 0.000102133 0.25
0.827587 0.172413 0
0.0681322 0.250575 0.681293
0.344844 0.137928 0.517228
0.379271 0.000103414 0.620625
0.137931 0.0689653 0.793104
0.148148 0.444444 0.407408
0.206901 0.413791 0.379308
0.413793 0.137931 0.448276
0.136365 0.613635 0.25
0.275856 0.172414 0.551731
0.571431 0.428569 0
0.933334 0.0666663 0
0.066666 0.933334 0
0.241355 0.000103417 0.758542
0.275858 0.0344814 0.689661
0.892858 0.107142 0
0.00010043 0.464239 0.53566
0.50239 0.0669914 0.430618
0.000103405 0.517188 0.482709
0.13793 0.275868 0.586202
0.535714 0.214286 0.25
0.285715 0.428573 0.285712
0.241379 0.344828 0.413793
0.172414 0.517241 0.310345
0.272955 0.254466 0.472579
0.0669868 0.502395 0.430618
0.344832 0.27586 0.379308
0.103444 0.13793 0.758627
0.448275 0.206897 0.344828
0.620693 0.0689607 0.310346
0.000103423 0.275834 0.724063
0.134293 0.396782 0.468925
0.448229 0.000103418 0.551667
0.206896 0.0689655 0.724138
0.399999 0.600001 0
0.413793 0.275862 0.310345
