0.137852 0.482803 0.379345
0.4 0.6 0
0.172414 0.275852 0.551734
0.800005 0.199995 0
0.484075 0.13758 0.378345
0.866657 0.133343 0
0.133333 0.866667 0
0.344816 0.172407 0.482777
0.379311 0.275862 0.344827
0.519991 0.480009 0
0.413751 9.94585e-05 0.58615
0.166646 9.68844e-05 0.833257
0.0689468 0.344833 0.58622
0.730765 0.269235 0
0.000103208 0.586143 0.413754
0.96667 0.0333297 0
0.655104 0.000103269 0.344793
0.254697 0.272293 0.47301
0.357151 0.392849 0.25
0.0356455 0.712783 0.251571
0.586123 0.103469 0.310408
0.000103286 0.137926 0.86197
0.000103108 0.379272 0.620625
0.206897 0.344825 0.448278
0.107139 0.892861 0
0.000100903 0.639937 0.359962
0.107298 0.034336 0.858366
0.346109 0.000103101 0.653788
0.185176 0.407398 0.407426
0.206889 0.172413 0.620699
0.108711 0.311549 0.579741
0.142859 0.607141 0.25
0.37037 0.62963 0
9.96584e-05 0.9999 0
0.379335 0.0689469 0.551718
0.299459 0.187189 0.513352
0.42858 0.285728 0.285692
0.629622 0.370378 0
0.214286 0.535714 0.25
0.0333267 0.966673 0
0.24138 0.482758 0.275862
0.137929 0.103447 0.758624
0.892857 0.107143 0
0.214269 0.250003 0.535728
0.333338 0.333338 0.333324
0.749898 0.000102255 0.25
0.482759 0.517241 0
0.517217 0.172408 0.310375
9.48403e-05 8.77729e-05 0.999817
0.175169 0.124152 0.700679
0.172414 0.517241 0.310345
0.13791 0.344917 0.517173
0.517187 0.000103375 0.482709
0.759998 0.240002 0
0.933329 0.0666713 0
0.5 0.25 0.25
0.551735 0.448265 0
0.689816 0.0344715 0.275713
0.214266 0.000102449 0.785632
0.000103233 0.241355 0.758542
0.103419 0.551742 0.344839
0.310348 0.0689565 0.620696
0.250302 0.0681593 0.681539
0.142838 0.214258 0.642904
0.310344 0.689656 0
0.0344744 0.275973 0.689553
0.607068 0.000100957 0.392831
0.275862 0.413793 0.310345
0.827583 0.172417 0
0.9999 9.97574e-05 0
0.0668441 0.431861 0.501294
0.68967 0.31033 0
0.0689547 0.137909 0.793136
0.000101913 0.749898 0.25
0.172417 0.827583 0
0.413678 0.20712 0.379202
0.444478 0.148142 0.40738
0.613625 0.136375 0.25
0.428565 0.571435 0
0.599994 0.400006 0
0.0666636 9.65753e-05 0.93324
0.066665 0.933335 0
0.448277 0.103446 0.448277
0.464243 0.000100425 0.535656
0.0669815 0.502398 0.430621
0.275864 0.137931 0.586206
0.344828 0.241378 0.413794
0.396804 0.134258 0.468938
0.275875 0.344833 0.379293
0.502389 0.0669925 0.430619
0.0333229 0.0666461 0.900031
0.206902 0.448262 0.344836
0.0689551 0.6207 0.310345
0.275761 0.000103369 0.724135
0.000102766 0.44823 0.551668
0.233332 0.766668 0
0.26924 0.73076 0
0.068965 0.206895 0.72414
0.000103365 0.517187 0.482709
0.137931 0.413793 0.448276
