0.413795 0.206894 0.379312
0.360001 0.639999 0
0.866666 0.133334 0
0.482763 0.241377 0.27586
0.241377 0.482762 0.27586
0.206904 0.137926 0.655169
0.310345 0.310345 0.37931
0.172412 0.379305 0.448282
0.300003 0.699997 0
0.8 0.2 0
0.0344682 0.413805 0.551727
0.166657 9.99538e-05 0.833243
0.655272 0.0689456 0.275783
0.433334 0.566666 0
0.233329 0.766671 0
0.966664 0.033336 0
0.0689635 0.448277 0.482759
0.733324 0.266676 0
0.344824 0.379316 0.275859
0.0333783 0.299034 0.667587
0.241381 0.172416 0.586202
0.0666872 0.933313 0
0.461538 0.538462 0
0.214266 0.000102408 0.785632
0.346124 0.000102914 0.653773
0.10346 0.586162 0.310378
0.172409 0.482737 0.344854
0.142859 0.42857 0.42857
0.428571 0.142857 0.428571
0.586119 0.000103299 0.413778
0.298375 0.105243 0.596381
0.000103361 0.275832 0.724064
0.000103375 0.103441 0.896456
0.103448 0.379311 0.517241
0.0689649 0.344833 0.586202
0.392861 0.607139 0
0.642855 0.357145 0
0.517238 0.482762 0
0.000100891 0.629565 0.370334
0.24 0.24 0.52
0.000103332 0.482709 0.517188
0.766667 0.233333 0
0.392659 0.250082 0.35726
0.607142 0.392858 0
0.545457 0.204543 0.25
0.586154 0.103462 0.310384
0.0333292 0.966671 0
9.96119e-05 0.9999 0
0.269231 0.730769 0
0.100002 0.899998 0
8.25244e-05 9.51248e-05 0.999822
0.168077 0.124785 0.707139
0.32142 0.214277 0.464303
0.142864 0.857136 0
0.333333 0.333333 0.333334
0.389065 0.0678817 0.543054
0.9999 9.98533e-05 0
0.833334 0.166666 0
0.0357127 0.714287 0.25
0.892857 0.107143 0
0.392855 0.357145 0.25
0.712795 0.0356311 0.251574
9.95002e-05 0.233312 0.766589
0.517188 0.000103432 0.482709
0.214277 0.535723 0.25
0.613631 0.136369 0.25
0.142849 0.214271 0.64288
0.200003 0.799997 0
0.0689634 0.137929 0.793108
0.576921 0.423079 0
0.699987 0.300013 0
0.33333 0.66667 0
0.749898 0.000102201 0.25
0.107296 0.034338 0.858366
0.033338 0.533317 0.433345
0.28571 0.46429 0.25
0.653776 0.000103117 0.346121
0.000103424 0.379269 0.620628
0.538101 0.0672809 0.394618
0.241809 0.0689256 0.689266
0.487928 0.174259 0.337813
0.250003 0.39285 0.357147
0.933337 0.0666635 0
0.285714 0.285714 0.428571
0.0666638 4.27057e-05 0.933294
9.99959e-05 0.733265 0.266635
0.433279 9.9969e-05 0.566621
0.136364 0.613636 0.25
0.172413 0.275861 0.551725
0.13793 0.103447 0.758624
9.92683e-05 0.166657 0.833243
0.464293 0.285707 0.25
0.0689656 0.206893 0.724142
0.103446 0.517242 0.379312
0.275833 0.000103331 0.724064
0.448276 0.0689649 0.482759
0.344825 0.137933 0.517242
0.0689617 0.655178 0.27586
0.207013 0.310301 0.482686
0.103447 0.275864 0.620689
