0.799927 0.200073 0
0.20001 0.79999 0
0.310313 0.310314 0.379373
0.133339 0.866661 0
0.866647 0.133353 0
0.480017 0.519983 0
0.413766 0.000101563 0.586132
0.16665 9.96427e-05 0.833251
0.620762 0.0688574 0.31038
0.241398 0.448265 0.310337
0.0689456 0.344677 0.586377
0.58613 0.000103333 0.413767
0.966674 0.0333264 0
0.0333336 0.966666 0
0.733335 0.266665 0
0.142827 0.214239 0.642934
0.639973 0.000100902 0.359926
0.10344 0.586213 0.310348
0.214284 0.000102457 0.785613
0.44443 0.148142 0.407427
0.892857 0.107143 0
0.0001033 0.655107 0.34479
0.64284 0.35716 0
0.103414 0.448318 0.448268
0.299408 0.187146 0.513445
0.586219 0.137931 0.275851
0.107299 0.0343346 0.858366
0.517187 0.000103437 0.482709
0.000102932 0.137916 0.861981
0.370372 0.629628 0
0.109071 0.311829 0.5791
0.000102669 0.379269 0.620628
0.310345 0.689655 0
0.000102142 0.749898 0.25
0.766676 0.233324 0
0.25 0.5 0.25
0.392849 0.357151 0.25
0.1752 0.124015 0.700785
0.206905 0.172407 0.620688
0.137633 0.483106 0.379261
9.99769e-05 0.9999 0
0.172398 0.517258 0.310344
0.000103314 0.517188 0.482709
0.333338 0.333336 0.333326
0.240005 0.759995 0
0.066669 0.933331 0
0.14813 0.444443 0.407427
9.00571e-05 8.89185e-05 0.999821
0.169546 0.288272 0.542182
0.51724 0.48276 0
0.346103 0.000103206 0.653794
0.107149 0.892851 0
0.71279 0.0356353 0.251575
0.607128 0.392872 0
0.379779 0.0689161 0.551305
0.00010318 0.241354 0.758543
0.136389 0.613611 0.25
0.9999 9.99794e-05 0
0.269235 0.730765 0
0.0344542 0.689915 0.275631
0.285682 0.285692 0.428626
0.499986 0.250014 0.25
0.0669608 0.502317 0.430722
0.448276 0.551724 0
9.99026e-05 0.607067 0.392833
0.172417 0.827583 0
0.344887 0.172439 0.482674
0.8276 0.1724 0
0.576928 0.423072 0
0.249555 0.0682301 0.682215
0.214288 0.321431 0.464281
0.379363 0.241376 0.379261
0.0689669 0.137934 0.793099
0.749898 0.000102251 0.25
0.699995 0.300005 0
0.543741 0.0680561 0.388203
0.0683221 0.409935 0.521743
0.234082 0.401311 0.364607
0.310366 0.241361 0.448273
0.066653 9.97202e-05 0.933247
0.933335 0.0666645 0
0.0344502 0.275947 0.689603
0.206897 0.24138 0.551723
0.48266 0.137959 0.379381
0.13793 0.103443 0.758627
0.137906 0.379317 0.482777
0.647677 0.102323 0.25
0.464249 0.000100279 0.53565
0.275967 0.137911 0.586121
0.275828 0.000102584 0.72407
0.517242 0.172412 0.310345
0.0333333 0.0666666 0.9
0.310166 0.414203 0.275631
0.413805 0.275855 0.31034
0.431913 0.10025 0.467837
0.000103113 0.448247 0.55165
0.400001 0.599999 0
0.448277 0.20689 0.344832
0.0689393 0.206843 0.724218
0.310315 0.0689655 0.620719
