0.48276 0.137929 0.379311
0.6 0.4 0
0.275862 0.172412 0.551725
0.137932 0.482756 0.379312
0.133333 0.866667 0
0.866666 0.133334 0
0.172413 0.344827 0.48276
0.103448 0.448276 0.448276
0.344828 0.206897 0.448276
0.275863 0.37931 0.344827
0.480002 0.519998 0
0.000103381 0.41375 0.586146
0.517241 0.172414 0.310345
9.66718e-05 0.166646 0.833257
0.344828 0.0689652 0.586207
0.269232 0.730768 0
0.586146 0.000103425 0.41375
0.0333312 0.966669 0
0.966667 0.0333332 0
0.000103258 0.655105 0.344792
0.448276 0.551724 0
0.749898 0.000102256 0.25
0.273684 0.254212 0.472104
0.137917 0.000103363 0.86198
0.607143 0.142857 0.25
0.639936 0.000101039 0.359963
0.379271 0.000103414 0.620625
0.148123 0.44454 0.407337
9.74154e-05 0.0666585 0.933244
0.0689571 0.37933 0.551713
0.0343354 0.107291 0.858373
0.00010235 0.214264 0.785634
0.892859 0.107141 0
0.107143 0.892857 0
0.629629 0.370371 0
0.413793 0.275862 0.310345
0.103465 0.586141 0.310394
0.187166 0.299463 0.513371
0.000102134 0.749898 0.25
0.333332 0.333334 0.333334
0.517187 0.000103397 0.48271
9.99806e-05 0.9999 0
0.31197 0.108636 0.579393
0.517242 0.482758 0
0.712788 0.0356397 0.251572
0.137931 0.275863 0.586206
0.370371 0.629629 0
0.310345 0.689655 0
9.91634e-05 9.43388e-05 0.999806
0.123713 0.175258 0.701029
0.482759 0.24138 0.275861
0.239998 0.760002 0
0.000103371 0.517187 0.48271
0.136364 0.613636 0.25
0.200001 0.799999 0
0.76667 0.23333 0
0.392857 0.357143 0.25
0.999901 9.93817e-05 0
0.241379 0.344827 0.413794
0.0344825 0.689656 0.275861
0.241354 0.000103419 0.758542
0.000103144 0.346114 0.653783
0.172414 0.827586 0
0.214286 0.142857 0.642857
0.25 0.5 0.25
0.689657 0.310343 0
0.0689655 0.310345 0.62069
0.000101173 0.607079 0.39282
0.432714 0.0667395 0.500546
0.827585 0.172415 0
0.0681127 0.25076 0.681127
0.137931 0.0689656 0.793103
0.206897 0.413793 0.37931
0.571429 0.428571 0
0.4 0.6 0
0.0666662 0.933334 0
0.933334 0.0666661 0
0.275863 0.0344823 0.689655
0.407406 0.185185 0.407409
0.000100344 0.464239 0.53566
0.502393 0.0669846 0.430623
0.535714 0.214286 0.25
0.285713 0.42857 0.285716
0.551677 0.103459 0.344864
0.172414 0.517241 0.310345
0.172414 0.206897 0.62069
0.0669848 0.502392 0.430623
0.344827 0.275864 0.37931
0.103448 0.137929 0.758623
0.344848 0.137927 0.517225
0.0666675 0.0333337 0.899999
0.448277 0.206894 0.344829
0.000103427 0.275832 0.724065
0.620692 0.0689621 0.310346
0.249999 0.214286 0.535715
0.13403 0.396903 0.469067
0.448229 0.000103432 0.551667
0.730769 0.269231 0
0.172414 0.103448 0.724138
0.413792 0.137931 0.448276
