0.310339 0.241381 0.448279
0.103447 0.275862 0.62069
0.200002 0.799998 0
0.310345 0.310345 0.37931
0.866665 0.133335 0
0.48276 0.137929 0.379311
0.607138 0.392862 0
0.48 0.52 0
0.41375 0.000103437 0.586147
0.620696 0.0689554 0.310348
0.269233 0.730767 0
0.0333319 0.966668 0
0.586143 0.00010338 0.413754
0.966666 0.0333337 0
0.137929 0.413794 0.448277
0.733335 0.266665 0
0.142857 0.214285 0.642858
0.357142 0.392858 0.25
0.543699 0.0679597 0.388341
0.000103183 0.137918 0.861979
0.000103399 0.379271 0.620625
0.444443 0.148148 0.407408
0.148146 0.444446 0.407409
0.214287 0.000102444 0.78561
0.892858 0.107142 0
0.576925 0.423075 0
0.639924 0.000101006 0.359975
0.642857 0.357143 0
0.107152 0.892848 0
0.29945 0.187167 0.513383
0.0689598 0.344824 0.586216
0.379315 0.0689648 0.55172
0.107272 0.0343371 0.858391
0.108861 0.311899 0.57924
9.99774e-05 0.9999 0
0.34612 0.000103182 0.653777
0.000102247 0.749898 0.25
7.21555e-05 8.94883e-05 0.999838
0.103445 0.586209 0.310346
0.370372 0.629628 0
0.000103413 0.241354 0.758542
0.166642 9.39565e-05 0.833264
0.9999 9.9995e-05 0
0.214287 0.32143 0.464283
0.0344849 0.689654 0.275861
0.133335 0.866665 0
0.000101015 0.607067 0.392832
0.175234 0.12383 0.700936
0.239993 0.760007 0
0.51724 0.48276 0
0.517188 0.000103438 0.482709
0.766678 0.233322 0
0.000103425 0.517188 0.482709
0.5 0.25 0.25
0.712791 0.035635 0.251574
0.310345 0.0689652 0.62069
0.25 0.5 0.25
0.448274 0.551726 0
0.586209 0.13793 0.275862
0.749898 0.000102258 0.25
0.172423 0.827577 0
0.827582 0.172418 0
0.250932 0.0680945 0.680974
0.0683218 0.409944 0.521734
0.37931 0.241379 0.37931
0.206891 0.448279 0.34483
0.0689667 0.137933 0.7931
0.333333 0.333333 0.333333
0.699993 0.300007 0
0.464248 0.000100342 0.535652
0.234048 0.401225 0.364727
0.0666596 0.93334 0
0.06666 9.85864e-05 0.933241
0.933332 0.0666679 0
0.0344765 0.27588 0.689643
0.206898 0.241382 0.551721
0.647725 0.102275 0.25
0.172411 0.517243 0.310346
0.310339 0.689661 0
0.275862 0.137931 0.586207
0.51724 0.172414 0.310346
0.428592 0.285698 0.28571
0.285713 0.285713 0.428575
0.344828 0.172414 0.482758
0.379306 0.310352 0.310342
0.0333303 0.0666605 0.900009
0.0669805 0.502392 0.430628
0.137932 0.10344 0.758629
0.431882 0.100252 0.467867
0.275862 0.448276 0.275862
0.137915 0.344916 0.517169
0.136365 0.613635 0.25
0.000103419 0.44823 0.551667
0.275808 0.000103408 0.724089
0.4 0.6 0
0.448278 0.206896 0.344826
0.206883 0.172417 0.620701
0.0689642 0.206897 0.724139
0.137927 0.482757 0.379316
0.000103233 0.655105 0.344792
