0.4 0.6 0
0.172382 0.275793 0.551825
0.482768 0.137904 0.379328
0.310353 0.413786 0.275861
0.866659 0.133341 0
0.133336 0.866664 0
0.344893 0.172395 0.482712
0.37931 0.275863 0.344827
0.413741 0.000103189 0.586156
0.172414 0.517242 0.310345
0.166668 9.9963e-05 0.833232
0.730773 0.269227 0
0.0689261 0.344842 0.586232
0.000103316 0.586135 0.413761
0.0333323 0.966668 0
0.966667 0.0333333 0
0.310335 0.310336 0.379329
0.519997 0.480003 0
0.241388 0.344814 0.413798
0.655104 0.000103423 0.344792
0.551728 0.448272 0
0.254524 0.272803 0.472672
0.206899 0.172384 0.620717
0.799997 0.200003 0
0.214291 0.535708 0.250001
0.585768 0.10356 0.310672
0.000103289 0.379274 0.620623
0.299426 0.187279 0.513295
0.749897 0.000102207 0.250001
0.10714 0.89286 0
8.38897e-05 7.24785e-05 0.999844
0.000100951 0.639933 0.359966
0.241379 0.48276 0.275861
0.444513 0.148129 0.407358
0.370368 0.629632 0
0.107285 0.0343353 0.85838
0.214276 0.000102434 0.785622
0.000103402 0.241359 0.758538
0.629624 0.370376 0
0.333337 0.333339 0.333324
0.185178 0.407397 0.407425
0.42857 0.57143 0
0.517185 0.000103321 0.482712
0.000102999 0.517185 0.482712
0.448175 0.0689783 0.482846
0.346117 0.000103148 0.653779
0.357151 0.392848 0.250001
9.99494e-05 0.9999 0
0.108802 0.310944 0.580254
0.689657 0.0344826 0.275861
0.142848 0.607151 0.250001
0.000102936 0.137922 0.861975
0.482759 0.517241 0
0.175237 0.123817 0.700946
0.760003 0.239997 0
0.0688932 0.620735 0.310372
0.233308 0.766692 0
0.0356351 0.712789 0.251576
0.500003 0.249996 0.250001
0.103451 0.551711 0.344837
0.000103282 0.448243 0.551654
0.142843 0.214265 0.642892
0.310342 0.689658 0
0.607073 0.00010096 0.392826
0.827579 0.172421 0
0.033332 0.0666266 0.900041
0.689659 0.310341 0
0.000102235 0.749897 0.250001
0.137931 0.413795 0.448274
0.0667441 0.432521 0.500735
0.172413 0.827587 0
0.137921 0.103439 0.75864
0.250213 0.0681621 0.681625
0.068968 0.137937 0.793095
0.413755 0.206917 0.379329
0.0666692 9.99534e-05 0.933231
0.0666648 0.933335 0
0.892853 0.107147 0
0.0344744 0.275872 0.689654
0.137936 0.344827 0.517237
0.214284 0.249992 0.535723
0.464239 0.000100351 0.53566
0.275833 0.000103188 0.724064
0.0670125 0.502378 0.43061
0.275851 0.137927 0.586222
0.379394 0.0689593 0.551647
0.428566 0.28571 0.285724
0.275859 0.379312 0.344829
0.613636 0.136363 0.250001
0.344821 0.241382 0.413797
0.517252 0.172381 0.310367
0.502387 0.0669772 0.430636
0.396691 0.134457 0.468852
0.9999 9.99834e-05 0
0.206902 0.44827 0.344828
0.269229 0.730771 0
0.0689648 0.206895 0.72414
0.599997 0.400003 0
0.933336 0.0666638 0
0.31034 0.068964 0.620696
