0.31038 0.24133 0.44829
0.379311 0.310341 0.310349
0.310345 0.31034 0.379316
0.103431 0.275868 0.620702
0.133335 0.866665 0
0.866668 0.133332 0
0.48279 0.137879 0.379331
0.607139 0.392861 0
0.480006 0.519994 0
0.413742 0.000100471 0.586157
0.166653 9.99756e-05 0.833247
0.620699 0.0689521 0.310349
0.199999 0.800001 0
0.586128 0.000103032 0.413769
0.137929 0.413776 0.448295
0.0333338 0.966666 0
0.966667 0.0333334 0
0.0689626 0.34483 0.586208
0.733335 0.266665 0
0.142828 0.214242 0.642929
0.35714 0.39286 0.25
0.214289 0.321434 0.464277
0.586174 0.137979 0.275847
0.000103395 0.13792 0.861976
0.103456 0.586175 0.310368
0.214264 0.000102066 0.785634
0.543675 0.0679836 0.388342
0.000102239 0.749898 0.25
0.206894 0.448278 0.344828
0.499999 0.250001 0.25
0.89286 0.10714 0
0.000102048 0.379271 0.620626
0.107145 0.892855 0
0.275862 0.137932 0.586206
0.107312 0.0343343 0.858354
0.0683077 0.409946 0.521746
0.110017 0.311496 0.578487
0.370374 0.629626 0
0.000103402 0.517187 0.482709
0.9999 9.99814e-05 0
0.517187 0.000103368 0.482709
0.333338 0.333333 0.333329
0.379328 0.0689379 0.551734
0.517241 0.482759 0
0.642856 0.357144 0
0.175258 0.123714 0.701028
0.299416 0.187131 0.513453
0.444428 0.148149 0.407423
9.89655e-05 9.05524e-05 0.99981
0.766681 0.233319 0
0.639902 0.000101014 0.359997
0.239996 0.760004 0
0.148147 0.44443 0.407423
0.346118 0.000103226 0.653779
9.99587e-05 0.9999 0
0.000103436 0.241354 0.758542
0.25 0.5 0.25
0.0689681 0.137936 0.793096
0.448277 0.551723 0
0.0344855 0.689654 0.275861
0.000100647 0.607079 0.392821
0.749898 0.000102257 0.25
0.172417 0.827583 0
0.172413 0.517228 0.310358
0.269232 0.730768 0
0.310343 0.689657 0
0.576923 0.423077 0
0.712795 0.0356358 0.251569
0.250627 0.068131 0.681242
0.428571 0.285753 0.285676
0.206898 0.172413 0.620689
0.70001 0.29999 0
0.136363 0.613637 0.25
0.310362 0.0689174 0.62072
0.234066 0.401171 0.364762
0.0666495 9.94572e-05 0.933251
0.0666664 0.933334 0
0.137931 0.103447 0.758622
0.933337 0.0666634 0
0.275828 0.448345 0.275828
0.379284 0.24139 0.379326
0.0344869 0.275857 0.689656
0.206844 0.241405 0.551752
0.647736 0.102264 0.25
0.464252 0.000100178 0.535648
0.517231 0.172418 0.31035
0.34484 0.172421 0.482739
0.285717 0.285713 0.42857
0.0333403 0.0666806 0.899979
0.432523 0.100142 0.467335
0.137894 0.48278 0.379326
0.275833 0.000103298 0.724064
0.000103413 0.448295 0.551602
0.137752 0.34563 0.516618
0.4 0.6 0
0.448269 0.206901 0.34483
0.0669827 0.502386 0.430632
0.103425 0.172405 0.72417
0.82758 0.17242 0
0.000102979 0.655104 0.344793
