0.482825 0.137811 0.379364
0.600007 0.399993 0
0.137281 0.483882 0.378838
0.199996 0.800004 0
0.275829 0.172376 0.551795
0.137834 0.344849 0.517317
0.866664 0.133336 0
0.133336 0.866664 0
0.344876 0.206825 0.448299
0.480011 0.519989 0
0.000103288 0.413733 0.586163
0.517233 0.172414 0.310353
0.344838 0.0689303 0.586232
0.269233 0.730767 0
0.586117 0.000102513 0.413781
0.275868 0.3793 0.344832
0.03333 0.96667 0
0.966666 0.0333338 0
0.000102742 0.655106 0.344791
0.0689654 0.310343 0.620692
0.000103419 0.517187 0.48271
0.0689454 0.379486 0.551568
0.137911 0.000103434 0.861985
0.123885 0.175225 0.70089
0.60711 0.14289 0.25
0.000102305 0.214283 0.785615
0.392868 0.357132 0.25
0.172418 0.827582 0
0.000102145 0.749898 0.25
0.892855 0.107145 0
0.241355 0.000103435 0.758541
0.629622 0.370378 0
0.0343376 0.10726 0.858403
0.136364 0.613636 0.25
0.37038 0.62962 0
0.311478 0.108732 0.579791
0.827588 0.172412 0
0.517187 0.000103367 0.48271
0.333331 0.333331 0.333338
0.187155 0.299471 0.513374
8.78888e-05 8.77443e-05 0.999824
0.749898 0.000102221 0.25
0.482757 0.241378 0.275865
0.9999 9.99419e-05 0
9.99515e-05 0.9999 0
0.103449 0.586197 0.310353
0.502383 0.0670128 0.430604
0.00010305 0.346108 0.653789
0.134292 0.397031 0.468677
0.517242 0.482758 0
9.97824e-05 0.16665 0.83325
0.71279 0.0356463 0.251564
0.766686 0.233314 0
0.551734 0.103434 0.344832
0.107143 0.892857 0
0.25 0.5 0.25
0.000100784 0.607078 0.392821
0.285708 0.428577 0.285716
0.379205 0.000103389 0.620692
0.933333 0.066667 0
0.0344759 0.689717 0.275807
0.240005 0.759995 0
0.214239 0.142826 0.642936
0.310342 0.689658 0
0.639976 0.000100831 0.359923
0.433273 0.066674 0.500053
0.0682142 0.250511 0.681275
0.103093 0.447906 0.449001
0.413778 0.137925 0.448297
0.407302 0.185209 0.407489
0.137911 0.0689555 0.793134
0.207658 0.413399 0.378943
0.571453 0.428547 0
3.10473e-05 0.0666598 0.933309
0.0666677 0.933332 0
0.274275 0.254009 0.471715
0.249989 0.214292 0.535719
0.44828 0.55172 0
0.275944 0.0344256 0.689631
0.147704 0.446091 0.406206
0.000100328 0.464235 0.535665
0.345246 0.137845 0.516909
0.689665 0.310335 0
0.137933 0.275866 0.586201
0.172232 0.517419 0.310349
0.344807 0.275909 0.379284
0.0669918 0.502368 0.43064
0.103444 0.137931 0.758624
0.0666068 0.0333169 0.900076
0.448272 0.206898 0.34483
0.620666 0.068971 0.310363
0.000103208 0.275782 0.724115
0.448234 0.000100114 0.551666
0.241377 0.344829 0.413794
0.730744 0.269256 0
0.399996 0.600004 0
0.535725 0.214275 0.25
0.172412 0.206896 0.620692
0.206879 0.0689593 0.724162
0.413797 0.275856 0.310348
