0.399999 0.600001 0
0.8 0.2 0
0.172414 0.27586 0.551725
0.482756 0.137932 0.379313
0.133334 0.866666 0
0.344826 0.172413 0.482761
0.448286 0.103429 0.448285
0.206896 0.344828 0.448276
0.379309 0.275863 0.344828
0.519998 0.480002 0
0.172412 0.517243 0.310346
0.166649 9.55555e-05 0.833255
0.0689653 0.344828 0.586207
0.730768 0.269232 0
0.000103303 0.586143 0.413754
0.966672 0.0333284 0
0.310345 0.0689655 0.62069
0.655104 0.000103392 0.344792
0.551724 0.448276 0
0.14286 0.60714 0.25
0.586189 0.103453 0.310358
0.185189 0.407386 0.407425
0.749898 0.000102247 0.25
0.107143 0.892857 0
0.000100985 0.639938 0.359961
0.214273 0.535723 0.250004
0.444445 0.148148 0.407407
0.892853 0.107147 0
0.299449 0.187168 0.513383
0.10731 0.034335 0.858355
0.629619 0.370381 0
0.370377 0.629623 0
0.346137 0.000103107 0.65376
0.0333306 0.966669 0
0.517187 0.000103374 0.482709
0.68965 0.0344981 0.275851
0.137921 0.482765 0.379314
9.99467e-05 0.9999 0
0.333322 0.333341 0.333337
0.000103418 0.517187 0.482709
0.310344 0.689656 0
7.79489e-05 9.46364e-05 0.999827
0.9999 9.99898e-05 0
0.379355 0.0689592 0.551686
0.482759 0.517241 0
0.214286 0.249993 0.535721
0.241383 0.482765 0.275851
0.254707 0.27227 0.473023
0.760001 0.239999 0
0.233334 0.766666 0
0.137928 0.344846 0.517226
0.0689484 0.620702 0.31035
0.00010336 0.137928 0.861969
0.0356304 0.712795 0.251575
0.689666 0.310334 0
0.214252 0.000102386 0.785646
0.41375 0.000103149 0.586146
0.10346 0.551673 0.344867
0.5 0.25 0.25
0.142855 0.214283 0.642861
0.607083 0.00010113 0.392816
0.827587 0.172413 0
0.000101995 0.749898 0.25
0.0666692 0.433349 0.499982
0.17523 0.12385 0.70092
0.172411 0.827589 0
0.250944 0.0680949 0.680961
0.0333325 0.0665653 0.900102
0.428573 0.285715 0.285712
0.357146 0.392854 0.25
0.0689664 0.137932 0.793101
0.413778 0.206925 0.379297
0.613636 0.136364 0.25
0.428566 0.571434 0
0.0666669 9.99998e-05 0.933233
0.933333 0.0666667 0
0.066665 0.933335 0
0.464256 0.000100396 0.535643
0.275834 0.00010335 0.724063
0.0669838 0.502392 0.430624
0.275878 0.137928 0.586194
0.344821 0.241382 0.413797
0.517242 0.172413 0.310345
0.502397 0.0669784 0.430625
0.000103372 0.379272 0.620625
0.275859 0.344834 0.379307
0.000103334 0.241357 0.758539
0.269233 0.730767 0
0.034468 0.275885 0.689647
0.137932 0.103434 0.758635
0.206896 0.448276 0.344828
0.396899 0.13405 0.469051
0.000103345 0.44823 0.551667
0.108698 0.311577 0.579725
0.600001 0.399999 0
0.866667 0.133333 0
0.206897 0.172413 0.62069
0.103448 0.172413 0.724139
0.137929 0.413794 0.448276
0.275862 0.413794 0.310345
