0.199891 0.800109 0
0.800005 0.199995 0
0.310373 0.379293 0.310335
0.379325 0.310334 0.310341
0.133503 0.866497 0
0.866667 0.133333 0
0.137896 0.482766 0.379338
0.392861 0.607139 0
0.517223 0.137925 0.344853
9.51489e-05 0.16665 0.833254
0.73076 0.26924 0
0.241362 0.275848 0.48279
0.52 0.48 0
0.966668 0.033332 0
0.033332 0.966668 0
0.068827 0.310247 0.620926
0.6551 0.000103397 0.344797
0.214352 0.142903 0.642745
0.311797 0.109158 0.579046
0.0689705 0.3793 0.551729
0.321418 0.214282 0.4643
0.137973 0.586178 0.275848
0.137915 0.000103358 0.861982
0.586185 0.103455 0.31036
0.749898 0.000102167 0.25
0.379224 0.000101061 0.620675
0.187174 0.299463 0.513362
0.423076 0.576924 0
0.034334 0.107325 0.858341
5.59037e-05 0.413795 0.586149
0.148142 0.444477 0.407381
0.629579 0.370421 0
0.000100424 0.639947 0.359953
0.000103421 0.517188 0.482709
0.333341 0.333326 0.333332
0.137919 0.0689593 0.793122
0.241355 0.000103301 0.758542
0.275875 0.0344823 0.689643
0.9999 9.99791e-05 0
0.0681811 0.250678 0.68114
0.357159 0.642841 0
0.0666606 0.0333217 0.900018
0.000102273 0.214274 0.785623
7.88086e-05 9.34184e-05 0.999828
0.249998 0.500002 0.25
0.444466 0.148149 0.407384
0.000102899 0.586127 0.41377
9.99543e-05 0.9999 0
0.892859 0.107141 0
0.760001 0.239999 0
0.428552 0.214276 0.357173
0.517188 0.000103264 0.482709
0.482759 0.517241 0
0.0356669 0.712755 0.251578
0.233312 0.766688 0
0.107147 0.892853 0
0.124317 0.175136 0.700547
0.689661 0.0344872 0.275852
0.000103176 0.346114 0.653783
0.299824 0.0666798 0.633496
0.551721 0.448279 0
0.607061 0.000101125 0.392838
0.000102221 0.749898 0.25
0.206854 0.0689492 0.724197
0.266675 0.733325 0
0.827581 0.172419 0
0.689656 0.310344 0
0.172413 0.827587 0
0.392858 0.357142 0.25
0.241316 0.379345 0.379339
0.299992 0.700008 0
0.5 0.25 0.25
0.409954 0.0683147 0.521731
0.0679746 0.543819 0.388206
0.613617 0.136383 0.25
0.137954 0.275911 0.586136
9.34163e-06 0.0666637 0.933327
0.103437 0.13792 0.758643
0.066666 0.933334 0
0.933336 0.066664 0
0.241408 0.206925 0.551667
0.413806 0.13793 0.448264
9.99446e-05 0.464225 0.535675
0.206883 0.448298 0.344819
0.172396 0.517248 0.310356
0.285714 0.428569 0.285717
0.172478 0.344802 0.48272
0.551707 0.172439 0.275854
0.502396 0.066986 0.430618
0.344826 0.275835 0.379339
0.10022 0.431912 0.467869
0.102246 0.647754 0.25
0.275886 0.310338 0.413776
0.000103098 0.275822 0.724075
0.44832 0.275836 0.275844
0.0689732 0.620647 0.31038
0.448231 0.000102517 0.551666
0.34708 0.137522 0.515399
0.599997 0.400003 0
0.17238 0.206793 0.620828
