0.8 0.2 0
0.200001 0.799999 0
0.448276 0.275862 0.275862
0.413792 0.206897 0.379311
0.51724 0.103449 0.379311
0.866667 0.133333 0
0.133333 0.866667 0
0.172414 0.275862 0.551724
0.100005 0.166671 0.733324
0.4 0.6 0
0.52 0.48 0
0.730767 0.269233 0
0.310345 0.310345 0.37931
0.269233 0.730767 0
0.96667 0.0333303 0
0.0333328 0.966667 0
0.103447 0.37931 0.517243
0.431501 0.100324 0.468175
0.551726 0.448274 0
0.366666 0.633334 0
0.000103276 0.310313 0.689584
0.321428 0.428572 0.25
0.214285 0.000102464 0.785612
0.444448 0.148149 0.407402
0.407415 0.296291 0.296294
0.103449 0.586204 0.310347
0.0689612 0.241378 0.689661
0.0689648 0.344834 0.586201
0.310345 0.103448 0.586207
0.60708 0.000101177 0.392818
0.892855 0.107145 0
0.000102547 0.615321 0.384576
0.10731 0.0343346 0.858355
0.517179 0.000103403 0.482718
0.275859 0.172414 0.551726
9.79108e-05 8.34668e-05 0.999819
0.103448 0.275863 0.620689
0.168301 0.124755 0.706945
0.629626 0.370374 0
0.214282 0.178574 0.607144
0.000103431 0.482709 0.517188
0.33333 0.33333 0.333339
0.9999 9.99687e-05 0
0.00010341 0.103429 0.896468
9.9928e-05 0.233312 0.766588
9.99712e-05 0.9999 0
0.275862 0.413793 0.310345
0.20419 0.544503 0.251307
0.206896 0.344819 0.448285
0.0357175 0.714282 0.25
0.321429 0.214286 0.464285
0.76 0.24 0
0.586148 0.103463 0.310389
0.827583 0.172417 0
0.933334 0.066666 0
0.749898 0.000102093 0.25
0.240001 0.759999 0
0.482759 0.517241 0
9.91566e-05 0.166647 0.833253
0.346124 0.000103218 0.653773
0.166648 9.8631e-05 0.833253
0.107141 0.892859 0
0.68966 0.0344822 0.275857
0.499999 0.250001 0.25
0.178531 0.32158 0.499889
0.239999 0.239999 0.520001
0.142855 0.214282 0.642863
0.425228 0.0338098 0.540962
0.172414 0.827586 0
0.689659 0.310341 0
0.0334084 0.501192 0.4654
0.241413 0.379294 0.379293
0.0689683 0.137937 0.793095
0.310346 0.689654 0
0.250886 0.0681014 0.681012
0.655105 0.000103436 0.344792
0.0683624 0.521462 0.410176
0.285714 0.285714 0.428571
0.142856 0.428573 0.428571
0.428571 0.571429 0
0.0666662 0.933334 0
0.24138 0.482757 0.275863
0.17241 0.48277 0.34482
0.482771 0.172409 0.344819
0.551728 0.172408 0.275864
0.0344808 0.413794 0.551725
0.066659 9.86989e-05 0.933242
0.136363 0.613637 0.25
0.344876 0.137921 0.517203
0.613637 0.136363 0.25
0.499922 0.0666771 0.433401
0.137922 0.103436 0.758642
0.392859 0.357141 0.25
0.392875 0.249996 0.357129
0.0689629 0.655174 0.275863
0.00010336 0.379271 0.620625
9.967e-05 0.733263 0.266637
0.275836 0.000103417 0.724061
0.392818 0.000101118 0.607081
0.600001 0.399999 0
