0.172415 0.275856 0.55173
0.483098 0.13784 0.379062
0.310345 0.413793 0.275862
0.133336 0.866664 0
0.866665 0.133335 0
0.344828 0.172414 0.482759
0.448277 0.103447 0.448277
0.379307 0.275864 0.344829
0.41375 0.000103424 0.586146
0.0689637 0.344828 0.586208
0.730767 0.269233 0
0.000103214 0.586146 0.41375
0.0333277 0.966672 0
0.966666 0.0333339 0
0.310345 0.310345 0.37931
0.310345 0.0689654 0.62069
0.254129 0.273918 0.471953
0.299463 0.187164 0.513373
0.357147 0.392852 0.25
0.551724 0.448276 0
0.0689645 0.206894 0.724141
0.000103327 0.137909 0.861987
0.399999 0.600001 0
0.629628 0.370372 0
0.185182 0.407409 0.407409
0.444448 0.148147 0.407405
0.000100999 0.639932 0.359967
0.607081 0.000101112 0.392818
0.892862 0.107138 0
0.37037 0.62963 0
0.241377 0.482764 0.275859
0.519996 0.480004 0
0.000103354 0.517188 0.482709
0.586162 0.10346 0.310378
0.172413 0.517242 0.310345
0.9999 9.99025e-05 0
0.107143 0.892857 0
7.77867e-05 9.83243e-05 0.999824
0.166656 9.99753e-05 0.833244
0.613636 0.136364 0.25
0.333333 0.333333 0.333334
0.346115 0.000103217 0.653781
0.482758 0.517242 0
0.379417 0.0689536 0.551629
0.655105 0.000103427 0.344792
0.107293 0.0343357 0.858371
0.76 0.24 0
0.214279 0.000102469 0.785619
0.233329 0.766671 0
0.689657 0.310343 0
9.99835e-05 0.9999 0
0.428572 0.285714 0.285714
0.689655 0.034483 0.275862
0.749898 0.000102215 0.25
0.0356393 0.712792 0.251569
0.517188 0.000103412 0.482709
0.000103389 0.241354 0.758542
0.5 0.25 0.25
0.175228 0.12386 0.700912
0.103473 0.551618 0.344909
0.413744 0.206991 0.379265
0.142855 0.214283 0.642862
0.310341 0.689659 0
0.600001 0.399999 0
0.827586 0.172414 0
0.000102251 0.749898 0.25
0.464239 0.000100432 0.53566
0.172415 0.827585 0
0.250887 0.0681007 0.681012
0.214285 0.535715 0.25
0.0689658 0.137934 0.7931
0.428571 0.571429 0
0.241376 0.344831 0.413793
0.0666608 1.24186e-05 0.933327
0.799998 0.200002 0
0.214286 0.249998 0.535716
0.0666647 0.933335 0
0.933332 0.0666685 0
0.0344811 0.275865 0.689654
0.0666744 0.433261 0.500064
0.0669832 0.502399 0.430618
0.275864 0.379307 0.34483
0.275862 0.137931 0.586207
0.344826 0.24138 0.413794
0.108667 0.311785 0.579548
0.517243 0.172412 0.310346
0.137931 0.413793 0.448276
0.502396 0.0669859 0.430618
0.137931 0.103447 0.758621
0.137929 0.344826 0.517245
0.0333373 0.066676 0.899987
0.142857 0.607143 0.25
0.068958 0.620696 0.310346
0.275832 0.000103365 0.724065
0.396894 0.134054 0.469052
0.206896 0.448276 0.344828
0.000103431 0.448231 0.551666
0.269234 0.730766 0
0.000103419 0.379271 0.620626
0.206897 0.17241 0.620692
