0.6 0.4 0
0.199996 0.800004 0
0.13792 0.482765 0.379315
0.866663 0.133337 0
0.133333 0.866667 0
0.172414 0.344828 0.482759
0.275863 0.172413 0.551724
0.103448 0.448276 0.448276
0.344828 0.206896 0.448276
0.275864 0.379306 0.34483
0.480006 0.519994 0
0.000103433 0.413749 0.586147
0.517241 0.172414 0.310345
9.97765e-05 0.166653 0.833247
0.344828 0.0689643 0.586208
0.26923 0.73077 0
0.586146 0.000103344 0.413751
0.0333278 0.966672 0
0.000103397 0.655105 0.344792
0.482758 0.137931 0.379311
0.0689655 0.310345 0.62069
0.448275 0.551725 0
0.124307 0.175139 0.700554
0.274403 0.253961 0.471636
0.392842 0.357158 0.25
0.0689658 0.37931 0.551724
0.344875 0.137921 0.517204
0.60714 0.14286 0.25
0.749898 0.00010222 0.25
0.000102434 0.214272 0.785626
0.000102247 0.749898 0.25
0.639936 0.000101041 0.359963
0.10714 0.89286 0
0.629626 0.370374 0
0.712785 0.0356466 0.251568
0.892857 0.107143 0
0.517188 0.000103406 0.482709
0.0343335 0.107298 0.858368
0.0666631 0.933337 0
0.370378 0.629622 0
9.99523e-05 0.9999 0
0.9999 9.99782e-05 0
0.000103429 0.517188 0.482709
0.48276 0.241383 0.275857
0.517238 0.482762 0
0.103458 0.58617 0.310371
0.333334 0.333334 0.333332
0.37927 0.000103383 0.620626
0.0669804 0.502392 0.430627
0.241354 0.00010337 0.758543
0.407408 0.185185 0.407408
0.432001 0.0668235 0.501176
0.275867 0.0344728 0.689661
0.239998 0.760002 0
0.137917 0.000103232 0.86198
0.311762 0.108673 0.579565
0.148148 0.444444 0.407408
0.571428 0.428572 0
0.000103226 0.346109 0.653787
0.0344817 0.689665 0.275853
0.766666 0.233334 0
0.172414 0.517241 0.310345
0.25 0.5 0.25
0.551728 0.103441 0.34483
0.214278 0.142852 0.64287
0.310344 0.689656 0
0.689655 0.310345 0
0.241378 0.344828 0.413794
0.18723 0.299447 0.513323
0.000101117 0.607085 0.392814
0.000103377 0.275832 0.724065
0.0681191 0.250695 0.681186
0.137924 0.0689631 0.793113
0.827584 0.172416 0
0.206992 0.413744 0.379265
0.136364 0.613636 0.25
9.49715e-05 0.0666577 0.933247
0.249989 0.214288 0.535723
0.502392 0.0669922 0.430616
0.000100429 0.464239 0.535661
0.137931 0.275862 0.586207
0.535714 0.214286 0.25
0.448273 0.206898 0.34483
9.84825e-05 9.86851e-05 0.999803
0.285717 0.428574 0.285709
0.344831 0.27586 0.379308
0.933338 0.0666618 0
0.103448 0.137929 0.758623
0.0666501 0.0333255 0.900024
0.620688 0.0689659 0.310346
0.134146 0.396852 0.469002
0.44823 0.000103437 0.551667
0.73076 0.26924 0
0.172419 0.827581 0
0.4 0.6 0
0.172411 0.206897 0.620692
0.172413 0.103448 0.724139
0.413793 0.137931 0.448276
0.966666 0.0333335 0
0.413793 0.275862 0.310345
