0.2 0.8 0
0.379309 0.310348 0.310343
0.137931 0.482759 0.37931
0.133335 0.866665 0
0.482759 0.13793 0.379311
0.607143 0.392857 0
0.206897 0.448274 0.344829
0.480002 0.519998 0
0.41375 0.000103412 0.586147
0.16665 9.99438e-05 0.83325
0.620691 0.0689632 0.310346
0.0689624 0.344828 0.58621
0.269231 0.730769 0
0.586145 0.000103402 0.413752
0.0333335 0.966667 0
0.137931 0.413793 0.448276
0.733333 0.266667 0
0.142856 0.214285 0.642859
0.379375 0.0689583 0.551667
0.0666672 0.933333 0
0.586205 0.137934 0.275861
0.000103287 0.137913 0.861984
0.103452 0.586193 0.310355
0.148148 0.444444 0.407408
0.89286 0.10714 0
0.639939 0.000100989 0.35996
0.214284 0.321426 0.464289
0.107143 0.892857 0
0.370371 0.629629 0
0.866665 0.133335 0
0.108653 0.311972 0.579375
0.517188 0.000103398 0.482709
0.000103431 0.517188 0.482709
0.517241 0.172414 0.310345
0.357143 0.392857 0.25
0.448277 0.551723 0
0.9999 9.98912e-05 0
0.333335 0.333335 0.333329
0.00010117 0.607077 0.392822
0.642858 0.357142 0
0.51724 0.48276 0
0.175257 0.123713 0.70103
9.9117e-05 9.92495e-05 0.999802
0.214265 0.000102411 0.785633
0.0001022 0.749898 0.25
0.239998 0.760002 0
0.172414 0.517241 0.310345
0.444444 0.148148 0.407408
0.000103433 0.655105 0.344792
0.766667 0.233333 0
0.285715 0.285715 0.42857
9.98748e-05 0.9999 0
0.34612 0.000103155 0.653777
0.299446 0.187177 0.513377
0.0344846 0.689654 0.275862
0.0669855 0.50239 0.430624
0.000103432 0.241355 0.758541
0.275861 0.448278 0.275861
0.000103401 0.379272 0.620625
0.25 0.5 0.25
0.103441 0.275864 0.620695
0.428573 0.285716 0.285711
0.749898 0.000102258 0.25
0.068965 0.13793 0.793105
0.172416 0.827584 0
0.96667 0.0333302 0
0.310344 0.689656 0
0.827586 0.172414 0
0.0333331 0.0666662 0.900001
0.576923 0.423077 0
0.250901 0.0680996 0.681
0.379311 0.241378 0.379311
0.699997 0.300003 0
0.0683237 0.409943 0.521734
0.448272 0.206898 0.34483
0.543689 0.067962 0.388349
0.136363 0.613637 0.25
0.234046 0.401215 0.36474
0.0666563 8.06698e-05 0.933263
0.5 0.25 0.25
0.0344824 0.275862 0.689655
0.206896 0.24138 0.551724
0.647726 0.102274 0.25
0.464241 0.000100337 0.535659
0.275862 0.137931 0.586207
0.107298 0.0343378 0.858365
0.344833 0.172417 0.48275
0.13793 0.103448 0.758622
0.432244 0.100192 0.467564
0.275869 0.379302 0.344829
0.275832 0.00010341 0.724064
0.933333 0.0666669 0
0.137914 0.344907 0.517179
0.000103328 0.44823 0.551667
0.310345 0.310345 0.37931
0.4 0.6 0
0.310347 0.0689598 0.620694
0.206897 0.172412 0.620691
0.712789 0.0356388 0.251572
0.0689654 0.206896 0.724138
