0.482776 0.137906 0.379318
0.200006 0.799994 0
0.13786 0.482811 0.379329
0.199978 9.35558e-05 0.799928
0.133337 0.866663 0
0.866624 0.133376 0
0.172414 0.344825 0.482762
0.103434 0.44829 0.448276
0.344826 0.206897 0.448277
0.275853 0.379306 0.344841
0.479998 0.520002 0
0.517246 0.172408 0.310346
9.8992e-05 0.16666 0.833241
0.344826 0.0689587 0.586215
0.269227 0.730773 0
0.586132 0.000103048 0.413765
0.96667 0.0333299 0
0.000103166 0.655105 0.344791
0.44828 0.55172 0
0.0689362 0.379573 0.551491
0.138043 0.0344758 0.827481
0.379261 0.00010285 0.620636
0.000103258 0.413744 0.586152
0.407354 0.185174 0.407472
0.274154 0.254052 0.471794
0.148139 0.44448 0.407381
0.892857 0.107143 0
0.034482 0.689662 0.275856
0.107153 0.892847 0
0.448285 0.206875 0.344841
0.62964 0.37036 0
0.187184 0.299464 0.513353
0.0343346 0.107316 0.858349
0.370373 0.629627 0
0.517188 0.00010334 0.482709
0.639936 9.92204e-05 0.359965
0.000103342 0.517188 0.482709
0.43305 0.066701 0.500249
0.9999 9.95989e-05 0
0.712789 0.0356317 0.251579
0.482753 0.241387 0.275859
0.34483 0.275865 0.379305
0.333337 0.333333 0.33333
9.83899e-05 0.0666933 0.933208
9.96346e-05 0.9999 0
8.99388e-05 9.42248e-05 0.999816
0.607139 0.142861 0.25
0.51724 0.48276 0
0.392846 0.357154 0.25
0.344852 0.137928 0.51722
0.123843 0.175233 0.700925
0.766673 0.233327 0
0.310329 0.689671 0
0.311808 0.108664 0.579528
0.689658 0.310342 0
0.241352 0.000102916 0.758545
0.6 0.4 0
0.136368 0.613632 0.25
0.00010295 0.346108 0.653789
0.137916 0.275939 0.586144
0.249987 0.500013 0.25
0.551656 0.10346 0.344884
0.239989 0.760011 0
0.21428 0.142853 0.642866
0.00010095 0.607042 0.392857
0.827578 0.172422 0
0.172419 0.827581 0
0.000103222 0.275823 0.724074
0.000102043 0.749898 0.25
0.749898 0.000102066 0.25
0.0681273 0.250877 0.680996
0.100005 9.95506e-05 0.899896
0.249994 0.214281 0.535726
0.0666673 0.933333 0
0.933338 0.0666621 0
0.275872 0.0344829 0.689645
0.571431 0.428569 0
0.103444 0.137925 0.758631
0.103455 0.58618 0.310365
0.000100246 0.464241 0.535658
0.275871 0.172267 0.551862
0.502403 0.0669967 0.430601
0.000102171 0.214274 0.785624
0.535714 0.214286 0.25
0.134302 0.396774 0.468924
0.241383 0.344825 0.413792
0.285709 0.428565 0.285725
0.208232 0.413098 0.37867
0.172416 0.517238 0.310346
0.0333245 0.966676 0
0.0669754 0.502399 0.430626
0.172409 0.103442 0.72415
0.620695 0.0689601 0.310345
0.448246 0.000103418 0.55165
0.730765 0.269235 0
0.400001 0.599999 0
0.413793 0.275862 0.310345
0.172405 0.206898 0.620697
0.413798 0.137927 0.448275
0.0689616 0.310341 0.620698
