0.310163 0.241369 0.448468
0.103454 0.275872 0.620674
0.379238 0.310471 0.310291
0.310341 0.310341 0.379318
0.137901 0.482788 0.379312
0.862068 0.137932 0
0.482834 0.137787 0.379379
0.607107 0.392893 0
0.206871 0.448293 0.344836
0.480008 0.519992 0
0.413738 0.000103257 0.586159
0.166652 9.98515e-05 0.833248
0.620799 0.0688039 0.310397
0.269223 0.730777 0
0.13794 0.413822 0.448238
0.966667 0.0333326 0
0.733334 0.266666 0
0.142871 0.214307 0.642822
0.285722 0.285721 0.428558
0.357142 0.392858 0.25
0.275821 0.448348 0.275831
0.000103367 0.137916 0.86198
0.0689637 0.344803 0.586233
0.214269 0.000102462 0.785628
0.000101917 0.37927 0.620628
0.148147 0.44444 0.407414
0.586238 0.137917 0.275844
0.000101915 0.749898 0.25
9.99114e-05 0.607116 0.392784
0.642838 0.357162 0
0.107135 0.892865 0
0.0344825 0.689657 0.27586
0.444475 0.148112 0.407413
9.97807e-05 0.9999 0
8.62317e-05 9.92439e-05 0.999815
0.310347 0.0689179 0.620736
0.639877 0.000100822 0.360022
0.9999 9.98313e-05 0
0.299443 0.18715 0.513407
0.517242 0.482758 0
0.107298 0.0343351 0.858367
0.333342 0.333342 0.333316
0.000103347 0.241355 0.758542
0.370371 0.629629 0
0.214273 0.321409 0.464318
0.517187 0.000103122 0.48271
0.712798 0.0356339 0.251569
0.586162 0.000103306 0.413735
0.175227 0.123869 0.700904
0.576939 0.423061 0
0.000103414 0.517188 0.482709
0.275768 0.000103203 0.724129
0.766673 0.233327 0
0.109232 0.311765 0.579004
0.346108 0.000103168 0.653789
0.82758 0.17242 0
0.500009 0.249991 0.25
0.0333331 0.966667 0
0.250081 0.0681813 0.681737
0.379433 0.0689213 0.551646
0.25 0.5 0.25
0.448281 0.551719 0
0.749898 0.000101843 0.25
0.172423 0.827577 0
0.310337 0.689663 0
0.37928 0.241389 0.379331
0.0689669 0.137934 0.793099
0.700002 0.299998 0
0.0683549 0.409972 0.521673
0.275883 0.137933 0.586184
0.543652 0.0680313 0.388317
0.13637 0.61363 0.25
0.0333233 0.0666646 0.900012
0.234052 0.401233 0.364715
0.0666616 7.00633e-05 0.933268
0.933331 0.0666686 0
0.0666656 0.933334 0
0.0344679 0.275999 0.689533
0.206896 0.241429 0.551675
0.103526 0.586073 0.310401
0.647718 0.102282 0.25
0.892856 0.107144 0
0.137779 0.345533 0.516688
0.464214 0.000100392 0.535686
0.200004 0.799996 0
0.172413 0.517239 0.310347
0.517217 0.172401 0.310382
0.42865 0.285681 0.285669
0.43198 0.100229 0.467791
0.0670026 0.502466 0.430532
0.137889 0.103418 0.758693
0.00010336 0.448236 0.551661
0.133334 0.866666 0
0.4 0.6 0
0.344854 0.172416 0.48273
0.448308 0.206872 0.34482
0.206847 0.172415 0.620738
0.103418 0.172401 0.724181
0.239985 0.760015 0
0.000102715 0.655099 0.344798
