0.206896 0.448275 0.344829
0.6 0.4 0
0.275888 0.103347 0.620765
0.137933 0.482767 0.3793
0.866662 0.133338 0
0.133336 0.866664 0
0.344817 0.206883 0.4483
0.275848 0.379319 0.344833
0.480007 0.519993 0
0.103426 0.448273 0.4483
0.517254 0.172386 0.310359
9.99418e-05 0.166661 0.833239
0.269231 0.730769 0
0.586137 0.000103251 0.41376
0.966668 0.0333319 0
0.413793 0.275862 0.310345
0.448277 0.551723 0
0.273922 0.254129 0.471948
0.517185 0.000103428 0.482712
0.0688535 0.380301 0.550845
0.00010243 0.214252 0.785646
0.407412 0.185167 0.407421
0.14804 0.444855 0.407105
0.571431 0.428569 0
0.344881 0.27584 0.379279
0.89286 0.10714 0
0.639951 0.00010103 0.359948
0.629617 0.370383 0
0.000102164 0.749898 0.25
0.000103304 0.41375 0.586146
0.0343345 0.107358 0.858307
0.607136 0.142864 0.25
0.000102798 0.655108 0.344789
0.103548 0.585865 0.310586
0.370382 0.629618 0
0.137918 0.000103313 0.861978
0.033334 0.966666 0
0.535716 0.214284 0.250001
0.0345 0.689643 0.275857
0.000103348 0.517185 0.482712
0.379281 0.000102513 0.620617
0.000103047 0.346215 0.653682
0.9999 9.99642e-05 0
9.99828e-05 0.9999 0
0.241357 0.000103168 0.75854
0.76667 0.23333 0
0.482763 0.24138 0.275857
9.5686e-05 9.85206e-05 0.999806
0.712778 0.0356459 0.251577
0.333346 0.333311 0.333343
0.123714 0.17526 0.701026
0.107139 0.892861 0
0.51724 0.48276 0
0.551727 0.103444 0.344829
0.214261 0.142841 0.642898
0.2 0.8 0
9.96913e-05 0.607023 0.392877
0.172416 0.827584 0
0.310343 0.689657 0
0.24 0.76 0
0.749898 0.000102206 0.25
0.432276 0.0667914 0.500933
0.827587 0.172413 0
0.68968 0.31032 0
0.0683202 0.248537 0.683143
0.31028 0.109001 0.580719
0.137881 0.0689407 0.793178
0.208877 0.412763 0.37836
0.172414 0.51724 0.310346
0.136381 0.613619 0.25
8.34854e-05 0.0666567 0.93326
0.344831 0.0689448 0.586225
0.0666657 0.933334 0
0.93333 0.0666699 0
0.249979 0.214248 0.535773
0.275858 0.0344576 0.689684
0.000100293 0.464248 0.535652
0.502411 0.0669997 0.430589
0.137901 0.276027 0.586073
0.241365 0.344838 0.413797
0.285702 0.428554 0.285745
0.172417 0.344834 0.482749
0.0669621 0.502391 0.430647
0.10344 0.137921 0.758639
0.39285 0.35715 0.25
0.345071 0.137881 0.517048
0.0666878 0.0333437 0.899968
0.448277 0.206895 0.344828
0.620671 0.0689702 0.310359
0.000103296 0.275744 0.724153
0.187172 0.299453 0.513375
0.448229 0.000103188 0.551667
0.13408 0.396884 0.469036
0.730764 0.269236 0
0.4 0.6 0
0.172388 0.206866 0.620746
0.0689471 0.310351 0.620702
0.172407 0.10344 0.724153
0.25 0.5 0.25
0.413796 0.137905 0.448299
