0.458964 0.211824 0.329212
0.310353 0.379304 0.310343
0.801264 0.198736 0
0.275862 0.103446 0.620691
0.310345 0.310344 0.379311
0.336516 0.663484 0
0.482764 0.137922 0.379314
0.0689578 0.620695 0.310347
0.199991 2.04081e-07 0.800009
0.866666 0.133334 0
0.133334 0.866666 0
0.137908 0.482772 0.37932
0.000103403 0.413749 0.586147
0.730768 0.269232 0
0.00010338 0.586144 0.413752
0.344825 0.0689652 0.586209
0.413793 0.137931 0.448276
0.966667 0.0333334 0
0.0333333 0.966667 0
0.000102197 0.749898 0.25
0.0666703 0.93333 0
0.137941 0.034485 0.827574
0.584923 0.103769 0.311308
0.440861 0.309139 0.25
0.699002 0.300998 0
0.37927 0.000103416 0.620627
0.275863 0.0344789 0.689658
0.640116 0.00010107 0.359783
0.148148 0.444443 0.407409
0.035037 0.700735 0.264228
0.0689639 0.379325 0.551711
0.172414 0.517241 0.310345
0.000102466 0.214265 0.785632
0.241378 0.206901 0.551721
0.444443 0.148148 0.407409
0.107143 0.892857 0
0.400513 0.599487 0
0.37177 0.62823 0
0.517188 0.000103386 0.482709
0.24138 0.379309 0.379311
9.66042e-05 9.96483e-05 0.999804
0.000103432 0.517188 0.482709
0.554371 0.19191 0.253719
0.9999 9.98592e-05 0
0.333333 0.333333 0.333334
0.034335 0.107297 0.858368
9.99569e-05 0.9999 0
0.892856 0.107144 0
0.517241 0.482759 0
0.311731 0.109349 0.578921
0.712735 0.0356389 0.251626
0.000101004 0.639936 0.359963
0.172414 0.206897 0.62069
0.763164 0.236836 0
0.214276 0.14285 0.642874
0.12372 0.175256 0.701024
0.502392 0.066987 0.430621
0.409946 0.0683246 0.521729
0.321428 0.214285 0.464287
0.241354 0.000103416 0.758543
0.137932 0.586206 0.275862
0.238273 0.761727 0
0.172415 0.827585 0
0.000103163 0.34612 0.653776
0.639939 0.360061 0
0.25 0.5 0.25
9.59933e-05 0.166651 0.833253
0.447922 0.552078 0
0.749898 0.000102238 0.25
0.30389 0.69611 0
0.827584 0.172416 0
0.0681027 0.250869 0.681029
0.0999917 6.81601e-05 0.89994
0.579092 0.420908 0
0.206894 0.448276 0.344829
0.0679662 0.543691 0.388343
0.481362 0.518638 0
0.933334 0.0666665 0
0.309372 0.413221 0.277407
0.187169 0.299463 0.513368
9.96666e-05 0.0666597 0.933241
0.103446 0.137927 0.758627
0.517241 0.172414 0.310345
0.102275 0.647725 0.25
0.395829 0.244688 0.359483
0.000100309 0.46424 0.53566
0.137931 0.275862 0.586207
0.173399 0.346798 0.479802
0.613636 0.136364 0.25
0.172412 0.103442 0.724147
0.285715 0.285715 0.42857
0.481828 0.242314 0.275859
0.10026 0.431881 0.467858
0.000103419 0.275831 0.724065
0.0689658 0.310344 0.62069
0.392855 0.357145 0.25
0.345312 0.137832 0.516856
0.448229 0.000103407 0.551667
0.268172 0.731828 0
0.598186 9.8808e-05 0.401715
