0.206896 0.310344 0.482761
0.199998 0.800002 0
0.133329 0.0333334 0.833338
0.60707 0.000101045 0.392829
0.413795 0.137928 0.448277
0.133335 0.866665 0
0.799998 0.200002 0
0.607133 0.392867 0
0.480002 0.519998 0
0.655346 0.0689157 0.275738
0.269227 0.730773 0
0.0333151 0.0333081 0.933377
0.413793 0.206896 0.379311
9.77635e-05 0.16665 0.833252
0.966668 0.0333317 0
0.498634 0.066846 0.43452
0.310345 0.310345 0.379309
0.313252 0.216816 0.469932
0.310344 0.689656 0
0.214289 0.142837 0.642874
0.214274 0.46427 0.321456
0.103451 0.310353 0.586196
0.275864 0.379308 0.344828
0.137931 0.413793 0.448276
0.185068 0.000101848 0.814831
0.000102296 0.214391 0.785507
0.653782 0.000103214 0.346115
0.275862 0.275862 0.448276
0.448273 0.551727 0
0.000101202 0.749899 0.25
0.148148 0.444443 0.407409
0.444446 0.148145 0.407409
0.303803 0.417724 0.278473
0.64285 0.35715 0
0.517188 0.000102708 0.482709
0.107144 0.892856 0
0.517239 0.482761 0
0.370371 0.629629 0
0.448275 0.275863 0.275862
0.0714287 0.0714287 0.857143
0.392863 0.357137 0.25
0.240004 0.240004 0.519993
0.712786 0.035641 0.251573
0.249989 0.50001 0.25
0.42646 0.0337373 0.539802
9.54936e-05 9.53798e-05 0.999809
0.124746 0.168364 0.70689
0.517243 0.103447 0.379309
9.99314e-05 0.9999 0
0.933338 0.0666617 0
0.733328 0.266672 0
0.333333 0.333333 0.333334
0.000103225 0.517188 0.482709
0.0344896 0.689652 0.275858
0.348956 0.0694616 0.581582
0.586184 0.103465 0.31035
0.892859 0.107141 0
0.5 0.25 0.25
0.31997 0.000101808 0.679928
0.000103256 0.655105 0.344792
0.103468 0.586167 0.310366
0.000103108 0.346129 0.653768
0.766667 0.233333 0
0.379271 0.000103206 0.620626
0.137931 0.51724 0.344829
0.0337775 0.425764 0.540459
0.9999 9.96543e-05 0
0.17242 0.82758 0
0.395686 0.100719 0.503596
0.214266 0.357198 0.428536
0.172401 0.0689556 0.758644
9.9938e-05 0.09999 0.89991
0.239997 0.760003 0
0.833346 0.166654 0
0.576926 0.423074 0
0.69999 0.30001 0
0.241414 0.0344793 0.724107
0.749898 0.000101698 0.25
0.0681123 0.250747 0.681141
0.136364 0.613636 0.25
0.551731 0.172411 0.275857
0.392867 0.250002 0.357132
0.0666703 0.93333 0
0.483329 0.172224 0.344447
0.0999901 9.99571e-05 0.89991
0.0333336 0.966666 0
0.551747 0.0344572 0.413796
0.10345 0.10345 0.7931
0.172419 0.551711 0.27587
0.172403 0.275874 0.551723
0.172415 0.206901 0.620683
0.00010104 0.607071 0.392828
0.275856 0.172415 0.551728
0.613637 0.136363 0.25
0.0669994 0.502399 0.430602
0.100723 0.395683 0.503595
0.275853 0.103444 0.620702
0.000103202 0.275809 0.724088
0.00010102 0.392845 0.607054
0.400001 0.599999 0
