0.310679 0.241044 0.448277
0.200011 0.799989 0
0.310344 0.310347 0.379309
0.346453 0.377705 0.275842
0.103217 0.275958 0.620825
0.137831 0.482828 0.379341
0.133334 0.866666 0
0.866671 0.133329 0
0.482719 0.137949 0.379332
0.206971 0.44829 0.344739
0.48002 0.51998 0
0.413555 9.10531e-05 0.586354
0.166648 9.9964e-05 0.833252
0.269233 0.730767 0
0.586107 0.000101721 0.413791
0.0333217 0.966678 0
0.966667 0.0333335 0
0.137895 0.413828 0.448277
0.733311 0.266689 0
0.0689466 0.344767 0.586286
0.142827 0.214268 0.642905
0.000103277 0.137905 0.861992
0.136365 0.613635 0.25
0.214272 0.000102301 0.785625
0.39286 0.35714 0.25
0.148147 0.444424 0.407429
0.444555 0.148162 0.407283
0.000102241 0.749898 0.25
0.892868 0.107132 0
0.172392 0.517239 0.310369
0.639935 0.000100961 0.359965
0.64282 0.35718 0
0.107147 0.892853 0
0.107314 0.0343373 0.858348
0.766668 0.233332 0
0.3704 0.6296 0
0.620685 0.0689179 0.310397
0.379511 0.0689124 0.551577
0.108721 0.311382 0.579897
0.000103437 0.517188 0.482709
0.214288 0.321472 0.46424
0.103608 0.585493 0.310899
0.239969 0.760031 0
0.9999 9.98957e-05 0
9.99467e-05 0.9999 0
0.586006 0.138295 0.275699
0.175238 0.123802 0.70096
0.333332 0.333337 0.333331
8.97702e-05 9.49511e-05 0.999815
0.517188 0.000103431 0.482709
0.933335 0.0666645 0
0.50007 0.24993 0.25
0.249942 0.500058 0.25
0.712784 0.0356216 0.251594
0.299408 0.187202 0.513391
0.034518 0.689661 0.275821
0.234111 0.401156 0.364733
0.517242 0.482758 0
0.000103212 0.241355 0.758542
0.346136 0.000103198 0.653761
0.448245 0.551755 0
9.46335e-05 0.60707 0.392835
0.749898 0.000102009 0.25
0.827582 0.172418 0
0.576928 0.423072 0
0.285683 0.285739 0.428577
0.172415 0.827585 0
0.0344611 0.275864 0.689675
0.379182 0.241485 0.379333
0.0689581 0.137919 0.793122
0.700001 0.299999 0
0.249731 0.0682773 0.681992
0.0684206 0.41009 0.521489
0.543777 0.0680381 0.388185
0.517233 0.172385 0.310382
0.0666578 9.15263e-05 0.933251
0.607142 0.392858 0
0.066664 0.933336 0
0.206903 0.241424 0.551673
0.647778 0.102222 0.25
0.464458 9.95922e-05 0.535443
0.276039 0.137897 0.586065
0.000100917 0.655117 0.344782
0.344907 0.172386 0.482708
0.207331 0.172229 0.62044
0.0670026 0.502497 0.430501
0.137904 0.103428 0.758668
0.275818 0.448335 0.275846
0.0333074 0.0666651 0.900028
0.431975 0.100243 0.467782
0.413335 0.277135 0.30953
0.275707 0.000101862 0.724192
0.310328 0.689672 0
0.137924 0.3446 0.517476
0.000103078 0.448236 0.551661
9.6552e-05 0.37929 0.620614
0.400003 0.599997 0
0.447935 0.207089 0.344975
0.10324 0.172003 0.724757
0.31036 0.0687441 0.620896
