0.640002 0.359998 0
6.96501e-05 0.0326715 0.967259
0.133333 0.866667 0
0.241382 0.482757 0.275861
0.200011 0.200011 0.599977
0.310344 0.310344 0.379312
0.482759 0.241379 0.275862
0.699992 0.300008 0
0.379324 0.137906 0.482771
0.448381 0.137726 0.413893
0.103434 0.172356 0.72421
0.200001 0.799999 0
0.392869 0.607131 0
0.0688494 0.65574 0.275411
0.566672 0.433328 0
0.766673 0.233327 0
0.966666 0.033334 0
0.0333339 0.966666 0
0.266668 0.733332 0
0.250001 0.392858 0.35714
0.240002 0.240002 0.519995
0.103452 0.586192 0.310356
0.586195 0.103452 0.310354
0.105175 0.298641 0.596184
0.408939 0.147792 0.443269
0.607146 0.392854 0
0.357143 0.642857 0
0.382637 0.0342965 0.583067
0.629574 0.000100907 0.370325
0.482711 0.000103399 0.517185
0.9999 9.99834e-05 0
9.99057e-05 0.9999 0
0.0999645 7.02061e-05 0.899965
0.000103388 0.517182 0.482715
0.174242 0.487929 0.337829
8.96634e-05 9.89125e-05 0.999811
0.933333 0.0666669 0
0.204524 0.545476 0.25
0.482759 0.517241 0
0.0741337 0.185167 0.740699
0.000100713 0.13805 0.861849
0.285708 0.464292 0.25
0.00010314 0.653757 0.34614
0.655172 0.0689656 0.275862
0.714293 0.0357069 0.25
0.730779 0.269221 0
0.357148 0.392852 0.25
0.23332 0.76668 0
0.299861 9.84775e-05 0.70004
0.0356376 0.712782 0.25158
0.260805 0.105609 0.633586
0.142858 0.428574 0.428568
0.142489 0.0343593 0.823152
0.899999 0.100001 0
0.535742 0.214258 0.25
0.172386 0.275821 0.551794
0.345135 0.103395 0.55147
0.000103155 0.346117 0.65378
0.446184 0.256354 0.297461
0.214273 0.321421 0.464306
0.0677893 0.389644 0.542567
0.333332 0.333332 0.333336
0.17244 0.137934 0.689626
0.800002 0.199998 0
0.166656 0.833344 0
0.423074 0.576926 0
0.517112 0.0689841 0.413904
0.0344635 0.275851 0.689685
0.310029 0.207855 0.482116
0.538459 0.461541 0
0.300009 0.699991 0
0.000102075 0.241438 0.75846
0.733271 9.99465e-05 0.266629
0.666667 0.333333 0
0.37939 0.275765 0.344845
0.103427 0.103427 0.793146
0.0672718 0.538105 0.394623
0.0666661 0.933334 0
0.206886 9.84819e-05 0.793015
0.137989 0.241489 0.620522
0.0689648 0.448272 0.482763
0.033338 0.0666751 0.899987
0.857143 0.142857 0
0.241417 0.172389 0.586195
0.392853 0.214283 0.392865
0.566563 9.87871e-05 0.433338
9.96377e-05 0.433251 0.566649
0.613637 0.136363 0.25
0.107142 0.892858 0
0.136377 0.613623 0.25
0.504857 0.134626 0.360517
0.13791 0.344844 0.517246
0.285713 0.285713 0.428573
0.206843 0.0689474 0.72421
0.428582 0.321418 0.25
0.000102203 0.749898 0.25
0.357054 0.000100167 0.642846
0.000103377 0.586144 0.413753
0.430542 0.0669927 0.502465
0.0333109 0.166637 0.800052
