0.0479769 0.606079 0.345944
0.017514 0.197358 0.785128
0.0542137 0.19106 0.754727
0.381059 0.32529 0.293651
0.0616846 0.470429 0.467887
1.31907e-05 0.135727 0.86426
0.267405 0.173995 0.5586
0.695036 0.0324577 0.272507
5.47782e-05 0.563648 0.436297
0.0669573 0.0669751 0.866068
0.268194 0.345984 0.385822
0.513513 0.208254 0.278233
0.44511 0.0685431 0.486347
0.029282 0.633948 0.33677
0.16769 0.0332567 0.799053
0.316217 0.407936 0.275847
0.217484 0.143119 0.639398
0.103962 0.310774 0.585263
0.999901 9.93575e-05 0
0.104107 0.583098 0.312795
5.0323e-05 0.214821 0.785128
0.653978 7.82048e-05 0.345944
0.97656 0.0234404 0
0.212309 0.316575 0.471116
0.147555 0.44401 0.408434
0.89286 0.10714 0
0.107007 0.892993 0
0.17278 0.82722 0
0.349474 0.0698578 0.580668
0.0713671 0.0713602 0.857273
0.766725 0.233275 0
0.249546 0.500436 0.250017
0.170274 0.279084 0.550642
9.71757e-05 0.999903 0
0.370577 0.629423 0
0.323699 0.174161 0.502141
9.41769e-05 0.517162 0.482743
0.100364 0.557677 0.341959
0.184461 5.37613e-05 0.815486
0.498879 0.250519 0.250602
0.030837 0.166577 0.802586
0.356893 0.392551 0.250556
0.0646544 0.502679 0.432666
0.239992 0.240057 0.519951
0.384516 0.229978 0.385506
0.3334 0.333375 0.333225
9.6818e-05 9.59554e-05 0.999807
0.712793 0.0357374 0.251469
0.237092 0.395607 0.367301
0.51725 0.48275 0
0.319811 9.33575e-05 0.680096
0.571216 0.142855 0.285929
0.124778 0.168467 0.706754
0.428722 0.143544 0.427734
0.517055 6.59559e-05 0.482879
0.371457 0.0654739 0.563069
8.10863e-05 0.346146 0.653773
0.23991 0.76009 0
0.0346136 0.689517 0.27587
0.283792 0.283541 0.432666
5.9e-05 0.607088 0.392853
0.0348803 0.412898 0.552221
9.94009e-05 0.1 0.8999
0.576199 0.423801 0
0.820111 0.179889 0
0.139318 0.206909 0.653773
0.451354 0.548646 0
0.699938 0.300062 0
0.206484 0.0687447 0.724771
0.555795 0.0331616 0.411043
0.135668 0.613568 0.250764
0.739709 9.43577e-05 0.260197
0.0691171 0.243582 0.687301
3.76627e-05 0.748762 0.2512
0.433334 0.0321204 0.534545
0.936736 0.063264 0
0.647158 0.10233 0.250512
0.102744 0.102734 0.794523
0.309309 0.690691 0
0.482929 0.172363 0.344708
0.743123 0.256877 0
0.595541 0.0623692 0.34209
0.428934 0.285439 0.285627
0.209722 0.205079 0.585199
0.479723 0.100951 0.419327
0.136336 0.51052 0.353144
0.378755 4.83142e-05 0.621197
0.0273527 0.0318589 0.940788
0.129025 0.372636 0.498339
0.642868 0.357132 0
0.270025 0.103473 0.626502
5.88335e-05 0.266838 0.733104
0.236538 2.16715e-05 0.763441
0.410655 0.589345 0
0.591348 7.07153e-05 0.408581
0.102583 0.447663 0.449754
0.166511 0.0988996 0.734589
2.06975e-05 0.393149 0.60683
0.271677 0.728323 0
0.314932 0.1379 0.547168
