0.137929 0.48276 0.379311
0.4 0.6 0
0.800002 0.199998 0
0.172404 0.275862 0.551734
0.483596 0.137707 0.378697
0.866651 0.133349 0
0.133339 0.866661 0
0.344827 0.172413 0.48276
0.448282 0.103437 0.448281
0.206895 0.344828 0.448277
0.519997 0.480003 0
0.413749 0.000103022 0.586148
0.172404 0.517247 0.310348
0.166649 9.98097e-05 0.833252
0.730761 0.269239 0
0.000103123 0.586146 0.41375
0.966678 0.0333223 0
0.0333231 0.966677 0
0.310339 0.0689635 0.620698
0.655105 0.000103424 0.344792
0.357148 0.392852 0.25
0.760003 0.239997 0
0.000103384 0.137921 0.861976
0.586121 0.10347 0.31041
0.827587 0.172413 0
0.444466 0.148142 0.407392
0.749898 0.000102245 0.25
0.000100993 0.63993 0.359969
0.892855 0.107145 0
0.370369 0.629631 0
0.379413 0.0689461 0.551641
0.107143 0.892857 0
0.137923 0.413797 0.44828
0.689665 0.310335 0
0.517188 0.000103278 0.482709
9.96477e-05 0.9999 0
0.9999 9.98883e-05 0
0.107289 0.0343369 0.858374
0.241383 0.482769 0.275848
0.482761 0.517239 0
0.502395 0.0669844 0.43062
0.214263 0.000102343 0.785635
0.333334 0.333339 0.333327
9.1994e-05 9.78832e-05 0.99981
0.551721 0.448279 0
0.175156 0.124226 0.700619
0.0356428 0.712786 0.251571
0.254126 0.273931 0.471944
0.206899 0.172403 0.620699
0.185176 0.407408 0.407416
0.379319 0.275849 0.344832
0.142852 0.214278 0.64287
0.10865 0.311886 0.579464
0.275862 0.413793 0.310345
0.068966 0.137933 0.793101
0.346117 0.000103135 0.65378
0.103457 0.55167 0.344873
0.142868 0.607132 0.25
0.299459 0.187179 0.513363
0.000103368 0.241355 0.758542
0.689664 0.034488 0.275848
0.275833 0.000103384 0.724064
0.5 0.25 0.25
0.310337 0.689663 0
0.607068 0.000101061 0.392831
0.0689634 0.34483 0.586207
0.00010187 0.749898 0.25
0.214286 0.249998 0.535717
0.0667761 0.432403 0.500821
0.2069 0.448267 0.344833
0.172425 0.827575 0
0.250961 0.0680987 0.68094
0.413791 0.206902 0.379308
0.0344824 0.275865 0.689653
0.613638 0.136362 0.25
0.233334 0.766666 0
0.42857 0.285711 0.285719
0.000103395 0.448229 0.551667
0.428571 0.571429 0
0.0666365 3.2908e-05 0.933331
0.933331 0.0666686 0
0.0666876 0.933312 0
0.464242 0.000100415 0.535657
0.0669747 0.502405 0.43062
0.275861 0.137931 0.586208
0.000103286 0.517188 0.482709
0.214284 0.535716 0.25
0.344832 0.241378 0.413789
0.517224 0.17242 0.310355
0.275875 0.344822 0.379303
0.396859 0.134125 0.469016
0.137927 0.103448 0.758625
0.629623 0.370377 0
0.600001 0.399999 0
0.000103376 0.379272 0.620624
0.137898 0.344995 0.517107
0.0333296 0.0666606 0.90001
0.0689228 0.620718 0.310359
0.269233 0.730767 0
0.103445 0.172409 0.724147
