0.4 0.6 0
0.172391 0.27587 0.55174
0.133342 0.866658 0
0.344828 0.172414 0.482758
0.448256 0.103452 0.448291
0.519997 0.480003 0
0.413749 0.000103344 0.586148
0.172415 0.517239 0.310346
0.16665 9.3097e-05 0.833257
0.73077 0.26923 0
0.000103433 0.586146 0.413751
0.966663 0.0333372 0
0.0333305 0.96667 0
0.310345 0.0689655 0.62069
0.214261 0.00010241 0.785637
0.000103301 0.379271 0.620626
0.185183 0.407408 0.40741
0.502388 0.0669938 0.430619
0.551723 0.448277 0
0.00010341 0.241355 0.758541
0.8 0.2 0
0.749898 0.000102239 0.25
0.000103296 0.137921 0.861976
0.142856 0.607144 0.25
0.206897 0.344825 0.448277
0.107141 0.892859 0
0.37931 0.275862 0.344828
0.000101042 0.639934 0.359965
0.892858 0.107142 0
0.233333 0.766667 0
0.107302 0.0343348 0.858363
0.333334 0.333336 0.33333
0.299451 0.187163 0.513386
0.444505 0.148132 0.407363
0.108716 0.31147 0.579814
0.482759 0.517241 0
0.000103369 0.517188 0.482709
0.253783 0.274909 0.471308
9.98325e-05 0.9999 0
0.586076 0.103481 0.310443
0.68966 0.31034 0
0.9999 9.99123e-05 0
0.275858 0.310347 0.413795
0.517188 0.000103423 0.482709
8.74075e-05 9.46491e-05 0.999818
0.206894 0.448278 0.344829
0.379369 0.068959 0.551672
0.175207 0.123963 0.70083
0.370373 0.629627 0
0.346127 0.000103136 0.65377
0.35715 0.39285 0.25
0.86666 0.13334 0
0.6 0.4 0
0.68971 0.0344767 0.275814
0.27583 0.000103437 0.724067
0.629629 0.370371 0
0.760001 0.239999 0
0.396886 0.134041 0.469073
0.0356338 0.712789 0.251577
0.103461 0.55167 0.344869
0.310345 0.413793 0.275862
0.214286 0.535714 0.25
0.5 0.25 0.25
0.142854 0.21428 0.642866
0.310338 0.689662 0
0.607081 0.000101174 0.392818
0.269231 0.730769 0
0.827586 0.172414 0
0.428571 0.571429 0
0.000102204 0.749898 0.25
0.0668263 0.431971 0.501202
0.172414 0.827586 0
0.250888 0.0681153 0.680997
0.0689661 0.137932 0.793102
0.0689652 0.344828 0.586207
0.0689663 0.620686 0.310348
0.41363 0.207209 0.379161
0.613636 0.136364 0.25
0.344824 0.24138 0.413795
0.0666549 9.79207e-05 0.933247
0.0344761 0.275904 0.68962
0.933334 0.0666663 0
0.214286 0.249998 0.535715
0.464247 0.000100368 0.535652
0.0669816 0.502397 0.430622
0.483226 0.137805 0.378969
0.275862 0.137931 0.586207
0.137932 0.413791 0.448278
0.428572 0.285714 0.285714
0.000103426 0.44823 0.551667
0.275866 0.379301 0.344833
0.24138 0.48276 0.27586
0.103448 0.172411 0.724141
0.137932 0.103445 0.758623
0.137906 0.344952 0.517142
0.0333324 0.0666667 0.900001
0.0666675 0.933332 0
0.206896 0.172414 0.620689
0.51724 0.172414 0.310346
0.655105 0.000103437 0.344792
