0.482745 0.137938 0.379317
0.600003 0.399997 0
0.200002 0.799998 0
0.137922 0.482761 0.379317
0.137923 0.34483 0.517246
0.133338 0.866662 0
0.866658 0.133342 0
0.275879 0.379274 0.344847
0.344816 0.2069 0.448284
0.000103218 0.413748 0.586148
0.517241 0.172414 0.310345
9.78947e-05 0.166644 0.833258
0.172402 0.379316 0.448282
0.269233 0.730767 0
0.586145 0.000103389 0.413752
0.0333312 0.966669 0
0.000102535 0.655106 0.344792
0.413796 0.27586 0.310343
0.448267 0.551733 0
0.270941 0.255177 0.473882
0.250001 0.499999 0.25
0.137901 0.00010341 0.861996
0.000102165 0.214279 0.785619
0.000102206 0.749898 0.25
0.407372 0.185174 0.407454
0.148147 0.444441 0.407412
0.89286 0.10714 0
0.639933 0.000100877 0.359966
0.187151 0.299441 0.513408
0.137935 0.0689657 0.7931
0.311692 0.108681 0.579628
0.551553 0.103488 0.344959
0.107144 0.892856 0
0.749898 0.000102221 0.25
0.275856 0.172411 0.551734
0.517187 0.000103371 0.48271
0.9999 9.96426e-05 0
0.60714 0.14286 0.25
9.97876e-05 5.83781e-05 0.999842
0.000103417 0.517187 0.48271
9.98314e-05 0.9999 0
0.136364 0.613636 0.25
0.629632 0.370368 0
0.517241 0.482759 0
0.370378 0.629622 0
0.0669983 0.502384 0.430618
0.333333 0.333333 0.333333
0.766679 0.233321 0
0.239994 0.760006 0
0.0343359 0.107296 0.858369
0.124052 0.175192 0.700756
0.571429 0.428571 0
0.37927 0.000103349 0.620627
0.0344846 0.689657 0.275858
0.712788 0.0356392 0.251573
0.241351 0.00010337 0.758546
0.000103211 0.346117 0.65378
0.0682907 0.248806 0.682904
0.392845 0.357155 0.25
0.0666679 0.933332 0
0.620688 0.0689658 0.310346
0.482765 0.241376 0.275858
0.172428 0.827572 0
0.214276 0.142849 0.642876
0.689657 0.310343 0
0.249995 0.214286 0.535719
0.966671 0.033329 0
0.000100188 0.464247 0.535652
0.433212 0.0666805 0.500107
0.827583 0.172417 0
0.41379 0.13793 0.448279
0.208988 0.412711 0.378302
0.344819 0.275886 0.379295
0.103557 0.585771 0.310672
9.70375e-05 0.0666721 0.933231
0.933339 0.0666612 0
0.275862 0.0344769 0.689661
0.502388 0.0669943 0.430618
0.344827 0.0689595 0.586213
0.137858 0.276258 0.585885
0.0689565 0.37931 0.551734
0.53572 0.21428 0.25
0.285707 0.428561 0.285732
0.241359 0.344801 0.41384
0.172414 0.51724 0.310346
0.310327 0.689673 0
0.103448 0.137931 0.758621
0.0666805 0.0333388 0.899981
0.346899 0.137499 0.515602
0.44827 0.2069 0.344831
0.000103214 0.275821 0.724076
0.448233 0.000103425 0.551664
0.730771 0.269229 0
0.0689635 0.310342 0.620695
0.000101137 0.607066 0.392833
0.100559 0.396605 0.502836
0.480009 0.519991 0
0.400001 0.599999 0
0.172402 0.206892 0.620706
0.172377 0.103432 0.724191
