0.666667 0.333333 0
0.333334 0.666666 0
0.405414 0.270276 0.324311
0.356695 0.167818 0.475488
0.475526 0.167827 0.356647
0.559322 0.186441 0.254238
0.0976478 0.492228 0.410125
0.331104 0.301009 0.367887
0.305561 0.0833376 0.611102
0.183667 0.4898 0.326533
0.733329 0.266671 0
0.5 0.25 0.25
0.266668 0.733332 0
0.0789074 0.132016 0.789076
0.2 0.8 0
0.8 0.2 0
0.445535 0.207909 0.346556
0.842106 0.157894 0
0.283721 0.0530567 0.663222
0.0441204 0.573487 0.382393
0.227271 0.454541 0.318188
0.158988 0.300345 0.540667
0.556748 0.0720827 0.37117
0.382862 0.0440804 0.573058
0.0502456 0.31658 0.633174
0.904759 0.0952408 0
0.138704 0.0307605 0.830536
0.642857 0.357143 0
0.6 0.4 0
0.357143 0.642857 0
0.248137 0.286422 0.46544
0.0952455 0.904755 0
0.478251 0.239125 0.282624
0.0307612 0.138683 0.830556
0.0256553 0.708615 0.26573
0.132182 0.162688 0.70513
0.144234 0.605766 0.25
0.27586 0.172413 0.551727
0.111114 0.111114 0.777772
0.0833244 0.666676 0.25
0 1 0
0.175789 0.187318 0.636893
0.6 0.15 0.25
0.235295 0.764705 0
1 0 0
0.331209 0.414014 0.254777
0.232258 0.361294 0.406448
0.724134 0.0258655 0.25
0.333331 0.333331 0.333338
0.371427 0.257146 0.371427
0 0 1
0.0416684 0.0416684 0.916663
0.5 0.5 0
0.527946 0.155289 0.316765
0.241064 0.132173 0.626763
0.399996 0.199998 0.400006
0.687501 0.312499 0
0.131747 0.51072 0.357533
0.0891788 0.420379 0.490442
0.379311 0.310333 0.310356
0.399988 0.350012 0.25
0.652202 0.0977985 0.25
0.764705 0.235295 0
0.285722 0.464278 0.25
0.157905 0.842095 0
0.428573 0.571427 0
0.571432 0.428568 0
0.339617 0.377386 0.282998
0.155134 0.0704058 0.774461
0.323693 0.231212 0.445095
0.0967848 0.258002 0.645213
0.505694 0.133092 0.361214
0.0626932 0.216318 0.720989
0.283007 0.339631 0.377362
0.165924 0.113738 0.720338
0.454545 0.295455 0.25
0.1729 0.5514 0.2757
0.204991 0.221054 0.573956
0.342854 0.142864 0.514282
0.632905 0.0506416 0.316454
0.269082 0.437239 0.293679
0.420375 0.0891831 0.490442
0.150941 0.452831 0.396229
0.0679534 0.38837 0.543677
0.312496 0.687504 0
0.199997 0.299999 0.500003
0.491223 0.0175461 0.491231
0.428573 0.142858 0.428569
0.0384619 0.961538 0
0.190567 0.380909 0.428524
0.961533 0.038467 0
0.0175391 0.49123 0.491231
0.303787 0.278465 0.417747
0.259301 0.222226 0.518473
0.246946 0.396348 0.356706
0.235267 0.509822 0.254911
0.123077 0.292306 0.584617
0.399997 0.600003 0
0.584612 0.123079 0.292309
0.0833383 0.611105 0.305557
