0.378727 0.27648 0.344792
0.241367 0.310351 0.448282
0.275862 0.103448 0.62069
0.311117 0.37894 0.309943
0.799999 0.200001 0
0.310345 0.310344 0.37931
0.482763 0.137923 0.379314
0.866665 0.133335 0
0.137921 0.482765 0.379314
0.392862 0.607138 0
0.52 0.48 0
0.0689568 0.620695 0.310348
0.344828 0.0689635 0.586208
0.447946 0.207263 0.34479
0.730763 0.269237 0
0.000103399 0.586144 0.413753
0.413789 0.137929 0.448282
0.0333189 0.966681 0
0.966665 0.0333353 0
0.214284 0.142856 0.64286
0.39285 0.35715 0.25
0.00010205 0.749898 0.25
0.321425 0.214283 0.464292
0.137936 0.586217 0.275848
0.17241 0.82759 0
0.379273 0.000103435 0.620624
0.000103237 0.275825 0.724072
0.100275 0.431864 0.467862
0.444443 0.148146 0.407411
0.107147 0.892853 0
0.749898 0.000102249 0.25
0.0689575 0.379381 0.551662
0.586164 0.103459 0.310377
0.629624 0.370376 0
0.357139 0.642861 0
0.000100921 0.639935 0.359964
0.068099 0.250903 0.680998
0.0343347 0.107299 0.858366
0.311965 0.108671 0.579365
0.000102428 0.21427 0.785628
0.133335 0.866665 0
9.97552e-05 0.9999 0
0.500001 0.249999 0.25
0.333335 0.333333 0.333332
0.48276 0.51724 0
0.188067 0.299139 0.512795
0.423077 0.576923 0
0.517187 0.000103349 0.482709
9.9067e-05 5.36231e-05 0.999847
0.123726 0.175254 0.70102
0.892854 0.107146 0
0.760011 0.239989 0
0.9999 9.99315e-05 0
0.25 0.5 0.25
0.502379 0.0669853 0.430636
0.0356269 0.712792 0.251581
0.689657 0.0344824 0.27586
0.241357 0.000103047 0.75854
0.148147 0.444442 0.407411
0.0999902 9.5514e-05 0.899914
0.137953 0.0344812 0.827566
0.233328 0.766672 0
9.99087e-05 0.166655 0.833245
0.000103088 0.346131 0.653766
0.409943 0.0683142 0.521743
0.551727 0.448273 0
0.607078 0.000101063 0.392821
0.827579 0.172421 0
0.689661 0.310339 0
0.517242 0.172413 0.310345
0.241384 0.379301 0.379315
0.300001 0.699999 0
0.0679467 0.543714 0.388339
0.613634 0.136366 0.25
0.401206 0.234048 0.364746
0.103437 0.137927 0.758636
0.0666654 0.933335 0
0.933332 0.0666678 0
0.275862 0.0344837 0.689654
0.285698 0.285697 0.428605
0.241379 0.206897 0.551724
9.29132e-05 0.0666594 0.933248
0.102272 0.647728 0.25
0.00010039 0.464239 0.53566
0.137932 0.275864 0.586204
0.172414 0.517241 0.310345
0.000103396 0.413748 0.586149
0.28543 0.428602 0.285968
0.206894 0.068964 0.724142
0.448991 0.275161 0.275848
0.655104 0.000103269 0.344792
0.345299 0.137832 0.516869
0.44823 0.000103388 0.551667
0.6 0.4 0
0.172414 0.344828 0.482758
0.206885 0.448288 0.344828
0.172413 0.206897 0.62069
0.00010342 0.517187 0.482709
0.0689607 0.310349 0.62069
0.266661 0.733339 0
