0.24138 0.310343 0.448277
0.275864 0.103443 0.620693
0.8 0.2 0
0.482753 0.137932 0.379314
0.866667 0.133333 0
0.133333 0.866667 0
0.13793 0.482759 0.379311
0.392861 0.607139 0
0.519997 0.480003 0
0.000103412 0.41375 0.586146
9.27344e-05 0.166649 0.833258
0.0689589 0.620694 0.310347
0.000103426 0.586144 0.413752
0.0333293 0.966671 0
0.96667 0.0333297 0
0.266668 0.733332 0
0.321427 0.214284 0.464289
0.586211 0.103442 0.310347
0.000102376 0.214272 0.785625
0.0689545 0.379409 0.551636
3.73368e-05 0.0666626 0.9333
0.148148 0.444445 0.407407
0.444446 0.148146 0.407407
0.749898 0.000102242 0.25
0.357151 0.392849 0.25
0.933333 0.066667 0
0.448288 0.241374 0.310338
0.0343341 0.107315 0.858351
0.31196 0.108685 0.579355
0.100233 0.432015 0.467751
0.517188 0.00010335 0.482709
0.137912 0.000103286 0.861984
9.99636e-05 0.9999 0
0.68966 0.31034 0
0.00010342 0.517188 0.482709
0.107142 0.892858 0
0.123992 0.175201 0.700807
0.9999 9.99686e-05 0
0.413794 0.137929 0.448277
0.137933 0.586205 0.275861
0.333333 0.333333 0.333333
0.0356384 0.712788 0.251573
9.76727e-05 9.30167e-05 0.999809
0.379271 0.000103329 0.620626
0.689657 0.0344826 0.27586
0.482762 0.517238 0
0.137931 0.0689656 0.793103
0.000103207 0.346119 0.653778
0.730768 0.269232 0
0.5 0.25 0.25
0.21429 0.142857 0.642853
0.892857 0.107143 0
0.233333 0.766667 0
0.172414 0.517241 0.310345
0.379314 0.275854 0.344832
0.241354 0.000103409 0.758542
0.357143 0.642857 0
0.629622 0.370378 0
0.000101037 0.639939 0.35996
0.344828 0.0689643 0.586208
0.0666679 0.933332 0
0.137931 0.275862 0.586208
0.551725 0.448275 0
0.607074 0.000101168 0.392825
0.000102247 0.749898 0.25
0.102274 0.647726 0.25
0.172418 0.827582 0
0.187251 0.299434 0.513315
0.344843 0.137926 0.51723
0.827582 0.172418 0
0.423074 0.576926 0
0.25 0.5 0.25
0.0681006 0.250877 0.681022
0.299999 0.700001 0
0.409937 0.0683248 0.521738
0.24138 0.379309 0.379311
0.0679601 0.543691 0.388349
0.000100434 0.464239 0.535661
0.613635 0.136365 0.25
0.401211 0.234042 0.364747
0.275867 0.0344794 0.689654
0.241381 0.206896 0.551723
0.517243 0.172412 0.310346
0.103447 0.137931 0.758622
0.172414 0.344828 0.482758
0.502391 0.0669865 0.430622
0.413793 0.310345 0.275862
0.285714 0.285714 0.428571
0.0666659 0.0333329 0.900001
0.275859 0.413799 0.310342
0.655105 0.000103354 0.344792
0.000103399 0.275832 0.724065
0.310345 0.310345 0.37931
0.44823 0.00010337 0.551667
0.6 0.4 0
0.206888 0.448281 0.344831
0.172412 0.206897 0.620691
0.172409 0.103448 0.724142
0.760002 0.239998 0
0.0689656 0.310344 0.62069
