0.799996 0.200004 0
0.310349 0.379308 0.310343
0.379309 0.310348 0.310343
0.133337 0.866663 0
0.866662 0.133338 0
0.392857 0.607143 0
0.0689494 0.620701 0.31035
0.137926 0.482761 0.379312
0.344809 0.06896 0.586231
0.73077 0.26923 0
9.31673e-05 0.166651 0.833256
0.000103109 0.586145 0.413752
0.24138 0.27586 0.48276
0.966668 0.0333316 0
0.266668 0.733332 0
0.0689633 0.310346 0.620691
0.655104 0.000103436 0.344792
0.214274 0.142849 0.642876
0.392858 0.357142 0.25
0.585976 0.103506 0.310518
0.0689589 0.379369 0.551672
0.44823 0.000103334 0.551667
0.000102467 0.214264 0.785634
0.482759 0.517241 0
0.444444 0.148148 0.407408
0.000102226 0.749898 0.25
0.749898 0.00010222 0.25
0.321421 0.214281 0.464298
0.137934 0.068967 0.793099
0.0333208 0.966679 0
0.357143 0.642857 0
0.892856 0.107144 0
0.107148 0.892852 0
9.9973e-05 0.9999 0
0.103444 0.137929 0.758627
0.187354 0.299396 0.51325
0.0343347 0.107297 0.858369
7.82637e-05 9.67571e-05 0.999825
0.689664 0.0344818 0.275854
0.311954 0.108638 0.579408
0.519994 0.480006 0
0.517188 0.000103345 0.482709
0.249999 0.500001 0.25
0.34482 0.275865 0.379315
0.9999 9.99875e-05 0
0.5 0.25 0.25
0.148148 0.444444 0.407408
0.000100906 0.639928 0.359971
0.409945 0.0683201 0.521735
0.000103195 0.346116 0.653781
0.517242 0.137931 0.344828
0.137918 0.000103388 0.861979
0.000103431 0.517188 0.482709
0.0356498 0.712781 0.251569
0.333336 0.333328 0.333336
0.123822 0.175237 0.700941
0.76 0.24 0
0.137931 0.586207 0.275862
0.241354 0.000103088 0.758543
0.551724 0.448276 0
0.607063 0.00010088 0.392836
0.275861 0.310347 0.413792
0.827586 0.172414 0
0.689657 0.310343 0
0.172414 0.827586 0
0.423075 0.576925 0
0.448278 0.27586 0.275862
0.0681141 0.250761 0.681125
0.275862 0.103448 0.62069
0.241379 0.37931 0.37931
0.300017 0.699983 0
0.0679599 0.543702 0.388338
0.613622 0.136378 0.25
0.42857 0.214285 0.357145
0.0666653 0.933335 0
0.37927 0.000103315 0.620626
0.933333 0.0666669 0
0.275856 0.0344821 0.689662
0.000103118 0.413745 0.586152
0.241375 0.206895 0.55173
0.102276 0.647724 0.25
0.000100416 0.464244 0.535656
0.137939 0.275878 0.586183
0.233335 0.766665 0
0.172415 0.517239 0.310346
0.285717 0.428563 0.28572
0.172414 0.344829 0.482758
0.502386 0.0669814 0.430633
0.0666649 0.0333324 0.900003
0.345068 0.137878 0.517053
0.551723 0.172414 0.275862
0.100252 0.431898 0.46785
0.172402 0.2069 0.620699
6.74261e-05 0.0666598 0.933273
0.000103435 0.275833 0.724064
0.6 0.4 0
0.413774 0.137925 0.448302
0.206898 0.448273 0.344829
0.629627 0.370373 0
0.206896 0.0689653 0.724139
