0.275865 0.103436 0.620699
0.799997 0.200003 0
0.310326 0.379344 0.31033
0.379318 0.31034 0.310341
0.866666 0.133334 0
0.133359 0.866641 0
0.137912 0.482773 0.379315
0.392865 0.607135 0
0.000102831 0.413749 0.586148
0.517248 0.137921 0.344831
9.98467e-05 0.166667 0.833234
0.0689521 0.620702 0.310346
0.730766 0.269234 0
0.34483 0.0689572 0.586213
0.000102846 0.586118 0.41378
0.241387 0.275856 0.482757
0.0333218 0.966678 0
0.966669 0.0333315 0
0.266677 0.733323 0
0.655107 0.000103231 0.34479
0.392859 0.357141 0.25
0.0682336 0.249491 0.682276
0.0689606 0.379337 0.551702
0.137994 0.586164 0.275843
0.100235 0.431933 0.467832
0.137915 0.000103291 0.861982
0.448269 0.275873 0.275858
0.5 0.25 0.25
0.0689232 0.31036 0.620717
0.107137 0.892863 0
0.000100463 0.639946 0.359954
0.689673 0.0344806 0.275846
0.357145 0.642855 0
0.892858 0.107142 0
0.18734 0.299402 0.513257
0.0343402 0.107301 0.858359
0.21428 0.142854 0.642866
0.629631 0.370369 0
0.586117 0.103479 0.310404
0.000100635 0.21426 0.785639
0.311855 0.10899 0.579156
0.321414 0.214276 0.46431
0.0666665 0.933334 0
0.25 0.5 0.25
9.99447e-05 0.9999 0
0.9999 9.99222e-05 0
9.62101e-05 8.42442e-05 0.99982
0.519992 0.480008 0
0.482758 0.517242 0
0.333336 0.333336 0.333329
0.517188 0.000102986 0.482709
0.000103189 0.346128 0.653769
0.379269 0.000103058 0.620628
0.241354 0.000103391 0.758543
0.233324 0.766676 0
0.551726 0.172411 0.275863
0.123761 0.175249 0.70099
0.0356372 0.712796 0.251566
0.6 0.4 0
0.760026 0.239974 0
0.551728 0.448272 0
0.444427 0.148141 0.407432
0.172415 0.344829 0.482756
0.607062 0.000101159 0.392837
0.000101717 0.749898 0.25
0.827585 0.172415 0
0.749898 0.000102159 0.25
0.689661 0.310339 0
0.0666584 0.0333313 0.90001
0.172441 0.827559 0
0.423063 0.576937 0
0.241386 0.379299 0.379315
0.137933 0.0689666 0.7931
0.300031 0.699969 0
0.409944 0.0683409 0.521715
0.0679609 0.543696 0.388343
0.933333 0.0666668 0
0.613645 0.136355 0.25
0.428568 0.214284 0.357149
8.68922e-05 0.0666601 0.933253
0.275885 0.0344661 0.689648
0.102283 0.647717 0.25
0.000103383 0.517188 0.482709
0.000100386 0.464268 0.535631
0.137931 0.275869 0.586201
0.241396 0.206901 0.551702
0.172414 0.517242 0.310344
0.50242 0.0669787 0.430601
0.103446 0.137926 0.758628
0.344853 0.275831 0.379315
0.275873 0.310325 0.413803
0.000103066 0.275834 0.724063
0.34634 0.13762 0.51604
0.413777 0.137924 0.448299
0.285721 0.428574 0.285706
0.448232 0.000103178 0.551665
0.148142 0.444427 0.407432
0.206873 0.448293 0.344835
0.172408 0.206885 0.620707
0.206857 0.0689516 0.724192
