0.4 0.6 0
0.800001 0.199999 0
0.310345 0.413793 0.275862
0.133334 0.866666 0
0.206895 0.344828 0.448277
0.37931 0.275862 0.344828
0.519996 0.480004 0
0.41375 0.000103363 0.586147
0.172414 0.517241 0.310345
0.17241 0.275863 0.551726
0.166651 9.10711e-05 0.833258
0.730766 0.269234 0
0.000103421 0.586146 0.41375
0.966668 0.0333317 0
0.655105 0.000103422 0.344792
0.357149 0.392851 0.25
0.517186 0.00010339 0.48271
0.379362 0.0689598 0.551678
0.107143 0.892857 0
0.551724 0.448276 0
0.241379 0.482759 0.275862
0.142866 0.607134 0.25
0.448267 0.10345 0.448283
0.000103379 0.379271 0.620626
0.185179 0.407407 0.407414
0.892859 0.107141 0
0.866664 0.133336 0
0.000101005 0.639935 0.359964
0.103447 0.172414 0.724139
0.370368 0.629632 0
0.000103422 0.137895 0.862002
0.299464 0.187172 0.513365
0.629628 0.370372 0
0.107297 0.0343362 0.858366
0.137862 0.345156 0.516982
0.214264 0.000102427 0.785633
0.0356438 0.712785 0.251571
0.428568 0.285711 0.285721
8.8787e-05 9.27936e-05 0.999818
0.482759 0.517241 0
0.333327 0.333328 0.333346
0.253817 0.274814 0.471369
9.99841e-05 0.9999 0
0.5 0.25 0.25
0.233331 0.766669 0
0.20689 0.448279 0.34483
0.9999 9.98523e-05 0
0.108681 0.311691 0.579628
0.17525 0.123752 0.700999
0.749898 0.000102179 0.25
0.0666625 0.433303 0.500035
0.346123 0.000103223 0.653774
0.444451 0.148146 0.407403
0.000103386 0.241355 0.758542
0.0333325 0.966668 0
0.689654 0.034484 0.275862
0.000103429 0.517188 0.482709
0.10345 0.551715 0.344835
0.142854 0.214281 0.642865
0.250733 0.0681153 0.681151
0.310343 0.689657 0
0.137931 0.413793 0.448276
0.607082 0.00010112 0.392817
0.613637 0.136363 0.25
0.827583 0.172417 0
0.689655 0.310345 0
0.275863 0.379308 0.344829
0.172415 0.827585 0
0.482757 0.137935 0.379308
0.068967 0.137934 0.793099
0.413793 0.206897 0.37931
0.428571 0.571429 0
0.0666588 8.23101e-05 0.933259
0.586209 0.103445 0.310346
0.0666674 0.933333 0
0.269236 0.730764 0
0.933334 0.0666655 0
0.214285 0.25 0.535716
0.6 0.4 0
0.760001 0.239999 0
0.0344812 0.275854 0.689664
0.46424 0.000100193 0.53566
0.0669831 0.502409 0.430608
0.275839 0.310355 0.413805
0.275864 0.137931 0.586206
0.214287 0.535713 0.25
0.34483 0.241378 0.413791
0.517242 0.172413 0.310345
0.137929 0.103448 0.758623
0.0689652 0.344825 0.58621
0.0333321 0.0666641 0.900004
0.000102255 0.749898 0.25
0.0689577 0.620697 0.310345
0.502393 0.0669971 0.43061
0.39691 0.134026 0.469064
0.344827 0.172414 0.482759
0.000103238 0.44823 0.551667
0.206897 0.172413 0.62069
0.275833 0.000103386 0.724063
0.310345 0.0689654 0.62069
