0.241383 0.310327 0.44829
0.8 0.2 0
0.310361 0.379302 0.310338
0.310345 0.310345 0.379309
0.866666 0.133334 0
0.133335 0.866665 0
0.519991 0.480009 0
0.000102889 0.41375 0.586147
0.0689611 0.62069 0.310349
0.730767 0.269233 0
0.000103421 0.586141 0.413756
0.413791 0.13793 0.448278
0.0333253 0.966675 0
0.966672 0.0333275 0
0.266682 0.733318 0
0.448229 0.0001033 0.551667
0.0689629 0.379324 0.551713
0.933331 0.0666693 0
0.321431 0.214287 0.464282
0.502377 0.0669983 0.430625
0.34482 0.0689639 0.586216
0.137948 0.586189 0.275863
0.392858 0.357142 0.25
0.137939 0.275913 0.586148
0.275836 0.103407 0.620757
0.137907 0.000103185 0.86199
0.585907 0.103526 0.310568
0.00010195 0.214249 0.785649
0.148146 0.44446 0.407394
0.172418 0.206849 0.620732
0.444448 0.148149 0.407403
0.357141 0.642859 0
0.379279 0.000100232 0.620621
0.892851 0.107149 0
0.629625 0.370375 0
0.0666665 0.0333329 0.900001
0.482753 0.13793 0.379318
0.749898 0.000102258 0.25
0.760001 0.239999 0
0.137907 0.482774 0.379318
9.92852e-05 0.0666666 0.933234
0.000103165 0.517187 0.48271
0.124 0.175201 0.700799
0.607094 9.97813e-05 0.392806
9.94375e-05 0.999901 0
0.23333 0.76667 0
0.333334 0.333334 0.333331
0.187153 0.299472 0.513375
0.689667 0.0344816 0.275851
0.517187 0.000103419 0.48271
0.9999 9.97237e-05 0
0.249999 0.5 0.250001
9.28656e-05 9.9464e-05 0.999808
0.107138 0.892862 0
0.482759 0.517241 0
0.035649 0.712779 0.251572
0.311741 0.109292 0.578967
0.401196 0.234047 0.364757
0.214271 0.142846 0.642883
0.0343452 0.107314 0.858341
0.000100839 0.639913 0.359986
0.206889 0.0689631 0.724148
0.000102396 0.346117 0.653781
0.275862 0.0344808 0.689657
0.448267 0.206897 0.344836
0.5 0.25 0.25
0.551725 0.448275 0
0.00010206 0.749898 0.25
0.300011 0.699989 0
0.827584 0.172416 0
0.689658 0.310342 0
0.241358 0.000103146 0.758539
0.172417 0.827583 0
0.423075 0.576925 0
0.0681817 0.250065 0.681754
0.067969 0.543692 0.388339
0.241345 0.379335 0.37932
0.13794 0.0689692 0.793091
0.409966 0.0683305 0.521703
0.61364 0.13636 0.25
0.0666698 0.93333 0
0.241393 0.206893 0.551714
6.80952e-05 0.166652 0.83328
0.000103428 0.275816 0.72408
0.102274 0.647725 0.250001
9.97559e-05 0.46426 0.53564
0.51724 0.172413 0.310347
0.172415 0.517236 0.310349
0.392856 0.607144 0
0.285714 0.428566 0.28572
0.655079 0.000103118 0.344818
0.172418 0.344838 0.482744
0.103449 0.137926 0.758625
0.285718 0.285718 0.428565
0.100156 0.432463 0.467381
0.448268 0.275869 0.275863
0.345332 0.137854 0.516814
0.599999 0.400001 0
0.206802 0.448362 0.344836
0.0689561 0.310349 0.620695
