0.86666 0.13334 0
0.517929 0.20659 0.275481
0.10335 0.447962 0.448688
0.0668162 0.234713 0.69847
0.31059 0.310587 0.378823
0.199998 0.800002 0
0.103396 0.275864 0.620741
0.310753 0.206763 0.482484
0.607143 0.392857 0
0.48 0.52 0
0.166637 7.70987e-05 0.833286
0.269232 0.730768 0
0.966665 0.0333349 0
0.0333322 0.966668 0
0.137607 0.379379 0.483014
0.62037 0.0689777 0.310652
0.000103363 0.655105 0.344792
0.392156 0.357844 0.250001
0.172418 0.827582 0
0.571556 0.142855 0.285589
0.298133 0.105157 0.59671
0.766672 0.233328 0
0.103449 0.586205 0.310346
2.13129e-05 0.0666648 0.933314
0.214271 9.96206e-05 0.785629
0.148148 0.444445 0.407407
0.9999 9.99322e-05 0
0.000101014 0.370382 0.629517
0.000102937 0.137554 0.862343
0.107134 0.892866 0
0.8 0.2 0
0.423149 0.153461 0.423391
0.26805 0.229392 0.502558
0.21277 0.360444 0.426787
0.108199 0.0343684 0.857433
0.733335 0.266665 0
0.148372 0.296641 0.554988
8.31361e-05 9.82602e-05 0.999819
0.653786 0.00010048 0.346113
0.275733 0.379411 0.344856
0.275875 0.172314 0.55181
0.642867 0.357133 0
0.000103438 0.517188 0.482709
0.360366 0.135161 0.504473
0.892857 0.107143 0
0.517188 0.00010342 0.482709
0.517241 0.482759 0
0.175236 0.123814 0.70095
0.239999 0.760001 0
0.482759 0.172436 0.344805
0.000100753 0.241416 0.758483
0.137878 0.10344 0.758682
9.98858e-05 0.9999 0
0.499949 0.250051 0.25
0.333334 0.333331 0.333335
0.712786 0.0356364 0.251578
0.0344879 0.689652 0.27586
0.542941 0.0678795 0.389179
0.346147 0.000102214 0.65375
0.106777 0.213853 0.67937
0.35724 0.249954 0.392806
0.448276 0.551724 0
0.303423 0.418066 0.27851
0.370373 0.629627 0
0.25 0.5 0.25
0.310343 0.689657 0
0.000101139 0.607093 0.392806
0.699909 0.300091 0
0.133334 0.866666 0
0.0686572 0.416035 0.515307
0.433477 0.0333351 0.533188
0.241158 0.275579 0.483262
0.833404 0.166596 0
0.576989 0.423011 0
0.137804 0.517439 0.344757
0.749898 0.000102005 0.25
0.379151 0.0689888 0.551861
0.0688845 0.103326 0.82779
0.241558 0.0690034 0.689439
0.136364 0.613636 0.25
0.000102256 0.749898 0.25
0.0666698 0.93333 0
0.206961 0.172171 0.620868
0.03443 0.310349 0.655221
0.0667152 6.48517e-05 0.93322
0.647637 0.102363 0.25
0.933332 0.0666678 0
0.0668541 0.502241 0.430905
0.413888 0.27578 0.310331
0.449775 0.103151 0.447074
9.23748e-05 0.433213 0.566694
0.172447 0.241484 0.58607
0.172507 0.551632 0.275861
0.0343718 0.172378 0.79325
0.275439 9.22848e-05 0.724469
0.393133 0.000100498 0.606766
0.586142 0.000101988 0.413756
0.21351 0.464164 0.322326
0.102975 0.347773 0.549253
0.4 0.6 0
