0.6 0.4 0
0.200001 0.799999 0
0.137648 0.483762 0.378589
0.275863 0.17241 0.551727
0.133352 0.866648 0
0.866663 0.133337 0
0.103443 0.448278 0.448278
0.344828 0.206897 0.448276
0.27586 0.379312 0.344828
0.480012 0.519988 0
0.172414 0.344827 0.482759
0.000103397 0.413746 0.58615
0.517243 0.172411 0.310346
9.95077e-05 0.166661 0.833239
0.269232 0.730768 0
0.344825 0.0689659 0.58621
0.586146 0.000103433 0.41375
0.0333369 0.966663 0
0.966674 0.0333262 0
0.0689635 0.310346 0.620691
0.392856 0.357144 0.25
0.0689644 0.379318 0.551718
0.137907 0.000103324 0.861989
0.607142 0.142858 0.25
0.206985 0.413747 0.379268
0.103449 0.586206 0.310346
0.00010239 0.214285 0.785612
0.407395 0.185188 0.407416
9.71794e-05 9.72198e-05 0.999806
0.000102234 0.749898 0.25
0.892861 0.107139 0
0.066642 0.0333209 0.900037
0.370373 0.629627 0
0.187167 0.299464 0.513369
0.311085 0.108776 0.580139
0.9999 9.99326e-05 0
0.0343349 0.107305 0.85836
0.379275 0.000103197 0.620622
0.827589 0.172411 0
0.629633 0.370367 0
0.517188 0.0001034 0.482709
0.000103388 0.655105 0.344792
0.333329 0.333338 0.333334
9.99529e-05 0.9999 0
0.517242 0.482758 0
0.482758 0.241379 0.275863
0.123784 0.175239 0.700977
0.274368 0.253971 0.47166
0.712769 0.0356624 0.251569
0.24 0.76 0
0.766667 0.233333 0
0.000103438 0.517188 0.482709
0.107155 0.892845 0
0.241357 0.000103203 0.75854
0.482743 0.137936 0.379321
0.000103182 0.346139 0.653758
0.551699 0.103454 0.344847
0.172416 0.517237 0.310348
0.21428 0.142853 0.642867
0.68966 0.31034 0
0.241371 0.344833 0.413796
0.000101149 0.607073 0.392826
0.172416 0.827584 0
0.31034 0.68966 0
0.749898 0.000102135 0.25
0.432354 0.0667825 0.500863
0.344852 0.137928 0.51722
0.137931 0.0689654 0.793103
0.250001 0.214278 0.535721
0.13636 0.61364 0.25
0.571433 0.428567 0
2.40346e-05 0.0666643 0.933312
0.0666672 0.933333 0
0.000103423 0.27583 0.724066
0.93332 0.06668 0
0.275918 0.0344805 0.689601
0.000100409 0.464237 0.535662
0.502393 0.0669849 0.430622
0.0681231 0.250704 0.681173
0.13793 0.275867 0.586203
0.639928 0.000100819 0.359971
0.413794 0.137929 0.448277
0.172401 0.103441 0.724158
0.535714 0.214286 0.25
0.285718 0.428575 0.285707
0.25 0.5 0.25
0.0669855 0.502392 0.430622
0.0344806 0.689675 0.275845
0.413793 0.275862 0.310345
0.344825 0.275868 0.379307
0.103413 0.137909 0.758679
0.448274 0.551726 0
0.448276 0.206896 0.344828
0.620693 0.0689606 0.310346
0.148148 0.444436 0.407416
0.134017 0.396908 0.469076
0.44823 0.000103434 0.551667
0.730762 0.269238 0
0.400001 0.599999 0
0.172403 0.206898 0.620699
