0.0332643 8.00538e-05 0.966656
0.137924 0.241383 0.620693
0.241377 0.482759 0.275864
0.103425 0.448286 0.44829
0.310341 0.379319 0.31034
0.206867 0.37932 0.413812
0.137928 0.379302 0.482769
0.137925 0.482789 0.379286
0.799996 0.200004 0
0.607126 0.392874 0
0.656434 0.0687131 0.274853
0.433348 0.566652 0
0.966677 0.0333231 0
0.0333302 0.96667 0
0.733335 0.266665 0
0.0689509 0.655188 0.275861
0.0344047 0.380701 0.584894
9.8908e-05 0.0999888 0.899912
0.27585 0.0344812 0.689669
0.0666669 0.933333 0
0.103448 0.586212 0.31034
0.7 0.3 0
0.105563 0.26106 0.633376
0.653791 0.000103097 0.346106
0.275858 0.172409 0.551733
0.147735 0.409094 0.443171
0.233331 0.766669 0
0.392851 0.607149 0
0.642855 0.357145 0
0.24 0.24 0.52
0.000100748 0.629568 0.370331
0.586215 0.103445 0.31034
0.14285 0.85715 0
0.9999 9.98765e-05 0
0.517188 0.000103267 0.482709
0.137919 0.00010339 0.861977
0.517241 0.482759 0
9.98863e-05 0.9999 0
0.461537 0.538463 0
0.185151 0.0742509 0.740598
0.482772 0.241373 0.275855
0.136388 0.613612 0.25
9.88856e-05 8.19567e-05 0.999819
0.0357139 0.714286 0.25
0.892857 0.107143 0
0.0342793 0.143046 0.822675
0.103443 0.103443 0.793114
0.766674 0.233326 0
0.346116 0.000103057 0.653781
0.392843 0.250013 0.357144
0.392857 0.357143 0.25
0.545453 0.204547 0.25
0.241364 0.000103378 0.758533
0.333335 0.333335 0.33333
0.71279 0.0356271 0.251583
9.99449e-05 0.299964 0.699936
0.586147 0.000103202 0.41375
0.428569 0.14286 0.428571
0.000103393 0.482722 0.517174
0.258051 0.445167 0.296781
0.299252 0.10511 0.595637
9.97744e-05 0.733272 0.266629
0.241383 0.413769 0.344847
0.137933 0.172419 0.689648
0.214277 0.535723 0.25
0.389847 0.0677937 0.54236
0.200003 0.799997 0
0.833335 0.166665 0
0.310355 0.275833 0.413812
0.576923 0.423077 0
0.214281 0.321426 0.464293
0.0689539 0.517313 0.413733
0.333332 0.666668 0
0.749898 0.000101936 0.25
0.321422 0.428578 0.25
0.321423 0.214284 0.464293
0.538113 0.0672641 0.394623
0.487933 0.174261 0.337806
0.933337 0.0666627 0
0.3 0.7 0
0.000103221 0.206876 0.793021
0.206898 0.206898 0.586204
0.0999995 0.9 0
0.275849 0.344817 0.379334
0.0665578 0.0332576 0.900185
0.103376 0.345276 0.551348
0.177262 0.465031 0.357707
0.433283 9.96227e-05 0.566617
0.61364 0.13636 0.25
0.464297 0.285703 0.25
0.24138 0.103448 0.655172
0.34482 0.137931 0.517249
0.0689574 0.206875 0.724167
9.99791e-05 0.566599 0.433301
0.000101421 0.357104 0.642795
0.172411 0.275856 0.551733
0.0669804 0.430593 0.502426
0.448286 0.0689449 0.482769
0.269231 0.730769 0
0.16669 0.0333375 0.799972
