0.533335 0.466665 0
0.611137 0.0833235 0.305539
0.379368 0.310291 0.310341
0.733327 0.266673 0
0.3 0.7 0
0.199999 0.800001 0
0.131098 0.370732 0.498169
0.458334 0.291666 0.25
2.45447e-05 0.433323 0.566653
0.800001 0.199999 0
0.233313 1.78882e-05 0.766669
1.78801e-05 0.233329 0.766653
0.310339 0.379321 0.310341
0.310345 0.310345 0.37931
1.65557e-06 0.749998 0.25
0.749995 4.76213e-06 0.25
0.0384621 0.961538 0
0.247563 0.292674 0.459763
0.633351 0.366649 0
0.375 0.375 0.25
0.625 0.125 0.25
0.125 0.625 0.25
0.270433 0.126954 0.602613
0.133339 0.866661 0
0.10638 0.446813 0.446808
0.866669 0.133331 0
0.96154 0.0384602 0
0.14185 0.319123 0.539027
0.333333 0.666667 0
0.418607 0.162794 0.418599
0.170439 0.414776 0.414785
0.5 0.5 0
2.39973e-05 0.399991 0.599985
0.833333 0.166667 0
2.21464e-05 0.666652 0.333326
0.599994 0.400006 0
0.254366 0.236905 0.50873
0.530053 2.50606e-05 0.469922
0.59998 2.39996e-05 0.399996
0.233326 0.766674 0
0.666667 0.333333 0
2.39815e-05 0.59998 0.399996
0.266694 1.95423e-05 0.733287
0.179835 0.172649 0.647516
2.4888e-05 0.53328 0.466695
0.666652 2.22185e-05 0.333326
0.333333 0.333333 0.333333
2.34222e-06 1.02791e-06 0.999997
0.0869412 0.0869412 0.826118
0.524995 0.10001 0.374995
0.470585 0.529415 0
3.30811e-06 0.999997 0
0.761903 0.238097 0
0.411408 0.117729 0.470863
0.511365 0.238635 0.25
1.38818e-05 0.166664 0.833322
0.399991 2.39979e-05 0.599985
0.999997 3.32845e-06 0
0.428569 0.285719 0.285712
0.733318 1.95391e-05 0.266662
1.95548e-05 0.733318 0.266662
0.319133 0.14184 0.539027
1.9555e-05 0.266694 0.733287
0.222221 0.518515 0.259264
0.130436 0.130436 0.739128
0.445545 0.20792 0.346535
0.291662 0.458338 0.25
0.292681 0.268308 0.439011
0.268418 0.438771 0.292812
0.913039 0.0869615 0
0.333327 1.76964e-05 0.666656
0.12902 0.497699 0.373281
0.366662 0.633338 0
0.075377 0.577887 0.346736
0.1287 0.2574 0.6139
0.0400049 0.0400049 0.91999
1.72924e-05 0.333327 0.666656
2.49943e-05 0.499987 0.499988
0.499987 2.49976e-05 0.499988
0.266675 0.733325 0
0.560838 0.439162 0
0.166666 0.833334 0
0.178574 0.571426 0.25
0.700001 0.299999 0
0.207915 0.346548 0.445537
0.557377 0.163934 0.278689
0.337339 0.180748 0.481913
0.371429 0.257141 0.37143
0.207827 0.445795 0.346378
0.0869569 0.913043 0
0.0999988 3.22078e-06 0.899998
0.400004 0.599996 0
2.99221e-06 0.0999991 0.899998
0.433323 0.566677 0
0.25715 0.371419 0.37143
0.433323 2.45498e-05 0.566653
0.166664 1.38882e-05 0.833322
0.206885 0.103442 0.689672
0.194189 0.227988 0.577823
0.0991423 0.239936 0.660922
