0.483168 0.137821 0.379011
0.133334 0.866666 0
0.866666 0.133334 0
0.344828 0.172414 0.482759
0.448276 0.103447 0.448277
0.310345 0.413793 0.275862
0.379312 0.275859 0.344829
0.41375 0.000103433 0.586146
0.172414 0.517241 0.310345
0.0689575 0.344821 0.586222
0.730771 0.269229 0
0.000103361 0.586146 0.41375
0.519995 0.480005 0
0.966668 0.0333324 0
0.275861 0.310345 0.413795
0.172387 0.275871 0.551741
0.310344 0.0689656 0.62069
0.551726 0.448274 0
0.254354 0.273282 0.472364
0.4 0.6 0
0.357149 0.392851 0.25
0.379382 0.0689575 0.55166
0.275864 0.137931 0.586206
0.000103425 0.137908 0.861988
0.0669611 0.502418 0.43062
0.586193 0.103452 0.310355
0.185183 0.407403 0.407414
0.749897 0.000102258 0.25
0.107143 0.892857 0
0.428572 0.571428 0
0.299466 0.187158 0.513377
0.0668949 0.431376 0.501729
0.107298 0.0343347 0.858367
0.655105 0.000103395 0.344792
0.8 0.2 0
0.108669 0.311775 0.579556
0.214272 0.000102379 0.785626
0.000103434 0.517188 0.482709
0.000102626 0.379272 0.620626
0.346116 0.000103187 0.65378
9.97915e-05 0.9999 0
0.206896 0.344828 0.448276
0.892857 0.107143 0
0.5 0.25 0.25
0.000103254 0.241357 0.75854
0.444456 0.148145 0.407399
0.613636 0.136364 0.25
0.9999 9.99683e-05 0
0.0333334 0.966667 0
0.233332 0.766668 0
9.86457e-05 9.96999e-05 0.999802
0.759999 0.240001 0
0.517188 0.000103429 0.482709
0.333334 0.333334 0.333332
0.48276 0.51724 0
0.175253 0.123737 0.70101
0.689654 0.0344852 0.275861
0.370369 0.629631 0
0.0356344 0.712791 0.251574
0.629629 0.370371 0
0.464238 0.000100421 0.535661
0.241379 0.482758 0.275862
0.310336 0.689664 0
0.103449 0.55172 0.344831
0.172414 0.827586 0
0.142854 0.21428 0.642866
0.607072 0.000101153 0.392827
0.827586 0.172414 0
0.68966 0.31034 0
0.000102157 0.749898 0.25
0.0666598 9.9326e-05 0.933241
0.250857 0.068104 0.681039
0.0689663 0.137933 0.793101
0.206897 0.448276 0.344828
0.413793 0.206897 0.37931
0.0666663 0.933334 0
0.137886 0.345035 0.517079
0.933335 0.0666652 0
0.137931 0.413793 0.448276
0.000100957 0.639934 0.359965
0.0344789 0.275849 0.689672
0.214286 0.249998 0.535716
0.206895 0.172414 0.620691
0.214281 0.535719 0.25
0.275865 0.379304 0.344831
0.428573 0.285715 0.285712
0.344825 0.24138 0.413795
0.517241 0.172414 0.310345
0.502395 0.0669794 0.430625
0.13793 0.103448 0.758622
0.142854 0.607146 0.25
0.0333344 0.0666687 0.899997
0.16665 9.99426e-05 0.83325
0.396904 0.134021 0.469074
0.275832 0.000103358 0.724065
0.00010337 0.448229 0.551667
0.0689656 0.620689 0.310345
0.26923 0.73077 0
0.6 0.4 0
0.103447 0.172412 0.724141
