0.399994 0.600006 0
0.799994 0.200006 0
0.172409 0.27586 0.551731
0.483388 0.137763 0.378849
0.866663 0.133337 0
0.133334 0.866666 0
0.448273 0.103451 0.448276
0.344826 0.172413 0.482762
0.206895 0.344829 0.448276
0.413749 0.000103302 0.586148
0.172413 0.517242 0.310345
0.730768 0.269232 0
0.000102911 0.586146 0.413751
0.966675 0.0333251 0
0.31034 0.0689654 0.620694
0.655105 0.0001034 0.344791
0.25412 0.273955 0.471926
0.379319 0.275846 0.344835
0.21426 0.249988 0.535752
0.357157 0.392843 0.25
0.379346 0.0689615 0.551693
0.275865 0.137931 0.586204
0.586187 0.103453 0.31036
0.000103232 0.379269 0.620627
0.103442 0.172405 0.724152
0.749898 0.000102165 0.25
0.10713 0.89287 0
0.5 0.25 0.25
9.99855e-05 0.639931 0.359969
0.37037 0.62963 0
0.107306 0.0343378 0.858356
0.142853 0.607147 0.25
0.108811 0.310873 0.580316
0.517188 0.000103429 0.482709
0.000102991 0.13792 0.861977
9.98384e-05 0.9999 0
0.551731 0.448269 0
0.607083 0.000100384 0.392816
0.689653 0.0344892 0.275858
0.034477 0.275839 0.689684
0.444482 0.14814 0.407378
0.333332 0.333334 0.333334
9.74982e-05 9.58099e-05 0.999807
0.9999 9.98134e-05 0
0.892857 0.107143 0
0.241385 0.482757 0.275858
0.629625 0.370375 0
0.275816 0.000103161 0.724081
0.48276 0.51724 0
0.175204 0.124002 0.700795
0.000103406 0.517188 0.482709
0.13793 0.413793 0.448276
0.166666 9.97345e-05 0.833234
0.760008 0.239992 0
0.206899 0.44827 0.344831
0.233329 0.766671 0
0.0666706 0.933329 0
0.0689585 0.344825 0.586216
0.299417 0.187304 0.513278
0.27587 0.413788 0.310341
0.0356372 0.712791 0.251572
0.000103327 0.241354 0.758543
0.18519 0.407378 0.407432
0.34613 0.000103226 0.653767
0.613635 0.136365 0.25
0.142847 0.21428 0.642873
0.137656 0.346167 0.516176
0.214261 0.000102446 0.785637
0.310331 0.689669 0
0.827584 0.172416 0
0.0666897 0.43314 0.50017
0.689658 0.310342 0
0.250903 0.0681076 0.680989
0.000102034 0.749898 0.25
0.172417 0.827583 0
0.0689364 0.13787 0.793193
0.413776 0.206929 0.379295
0.464243 9.99528e-05 0.535657
0.428573 0.571427 0
0.0666774 9.97685e-05 0.933223
0.0333351 0.966665 0
0.933326 0.0666743 0
0.0669648 0.502407 0.430628
0.214287 0.535713 0.25
0.344833 0.241366 0.413801
0.137844 0.482813 0.379343
0.428567 0.28571 0.285723
0.103403 0.551752 0.344845
0.502393 0.0669904 0.430616
0.275865 0.34484 0.379295
0.137919 0.103447 0.758634
0.517242 0.172412 0.310345
0.0333272 0.066507 0.900166
0.0689478 0.620702 0.310351
0.396608 0.134675 0.468717
0.000103426 0.44823 0.551667
0.519991 0.480009 0
0.269229 0.730771 0
0.599999 0.400001 0
0.206896 0.17241 0.620694
