0.379278 0.172375 0.448347
0.800031 0.199969 0
0.413843 0.206846 0.379311
0.310345 0.310345 0.37931
0.86206 0.13794 0
0.172383 0.275866 0.551751
0.275878 0.172385 0.551737
0.24136 0.137877 0.620763
0.4 0.6 0
0.166649 9.8966e-05 0.833252
0.0344716 0.413797 0.551731
0.26923 0.73077 0
0.730766 0.269234 0
0.275862 0.413792 0.310346
0.0333315 0.966668 0
0.655121 0.000101326 0.344778
0.4138 0.103441 0.48276
0.321426 0.428574 0.25
0.58621 0.103443 0.310346
0.310277 0.103459 0.586265
0.749898 0.000102223 0.25
0.321428 0.214285 0.464286
0.444418 0.148198 0.407384
0.214344 0.178515 0.607141
0.0689656 0.344827 0.586207
0.107144 0.892856 0
0.613667 0.136333 0.25
0.214267 0.000102463 0.78563
0.892858 0.107142 0
0.000102078 0.615321 0.384577
0.68965 0.034491 0.275859
0.107273 0.0343383 0.858389
0.000103212 0.10344 0.896457
0.239999 0.239999 0.520002
0.000103393 0.482709 0.517188
9.99261e-05 0.9999 0
0.10345 0.5862 0.31035
0.0333606 0.299421 0.667218
0.33333 0.33333 0.33334
0.103442 0.379313 0.517245
7.25596e-05 9.67003e-05 0.999831
0.068964 0.655173 0.275863
0.551757 0.17238 0.275863
0.551728 0.448272 0
0.9999 9.98905e-05 0
0.482762 0.517238 0
0.200017 0.799983 0
0.366616 0.633384 0
0.629579 0.370421 0
0.0357092 0.714291 0.25
0.344833 0.137929 0.517238
0.517188 0.000103417 0.482709
0.760015 0.239985 0
0.966667 0.0333333 0
0.240011 0.759989 0
9.99632e-05 0.233318 0.766582
0.142857 0.42857 0.428573
0.346116 0.000103162 0.653781
0.168302 0.124754 0.706944
0.275834 0.000103381 0.724063
0.204187 0.544509 0.251304
0.500031 0.249969 0.25
0.392852 0.249963 0.357185
9.97852e-05 0.733263 0.266637
0.607088 0.000101049 0.392811
0.426441 0.0337384 0.539821
0.172443 0.827557 0
0.827569 0.172431 0
0.502335 0.0669131 0.430752
0.519999 0.480001 0
0.689682 0.310318 0
0.142852 0.214278 0.642869
0.241406 0.379283 0.37931
0.428568 0.571432 0
0.310334 0.689666 0
0.482838 0.172371 0.344791
0.178471 0.321808 0.499721
0.40884 0.293802 0.297357
0.241477 0.0689577 0.689565
0.0331081 0.501328 0.465564
0.0689638 0.517314 0.413722
0.000103148 0.379271 0.620626
0.17237 0.482857 0.344773
0.0666686 0.933331 0
0.933331 0.0666687 0
0.0689666 0.137933 0.7931
0.0666557 9.52463e-05 0.933249
0.136367 0.613633 0.25
0.137918 0.103439 0.758643
0.137939 0.862061 0
0.285713 0.285713 0.428573
9.85936e-05 0.166649 0.833252
0.392854 0.357146 0.25
0.0689654 0.206896 0.724138
0.103448 0.275867 0.620686
4.11774e-05 0.275408 0.724551
0.392817 0.000100499 0.607082
0.241379 0.482759 0.275862
0.6 0.4 0
0.206923 0.344745 0.448332
