0.241378 0.310346 0.448276
0.275862 0.103448 0.62069
0.310345 0.310345 0.37931
0.482762 0.137925 0.379313
0.133334 0.866666 0
0.13793 0.482759 0.379311
0.39286 0.60714 0
0.448277 0.206896 0.344827
0.519997 0.480003 0
9.99311e-05 0.16665 0.83325
0.068964 0.620691 0.310345
0.344829 0.0689622 0.586209
0.73077 0.26923 0
0.000103374 0.586151 0.413746
0.0333329 0.966667 0
0.800001 0.199999 0
0.413793 0.137931 0.448276
0.26667 0.73333 0
0.392857 0.357143 0.25
0.00010338 0.41375 0.586147
0.321429 0.214286 0.464285
0.0689651 0.379313 0.551722
0.137908 0.000103168 0.861989
0.586172 0.103457 0.310371
0.76 0.24 0
0.379271 0.000103253 0.620626
0.148148 0.444445 0.407407
0.285713 0.285713 0.428574
0.00010243 0.214264 0.785634
0.749898 0.000102236 0.25
0.000100965 0.639937 0.359962
0.107143 0.892857 0
0.892858 0.107142 0
0.137932 0.586206 0.275862
0.655105 0.000103432 0.344792
0.310344 0.379312 0.310344
0.100257 0.431876 0.467867
0.311978 0.108636 0.579386
0.423077 0.576923 0
0.187186 0.299459 0.513355
0.206896 0.448277 0.344827
0.214285 0.142857 0.642858
0.482759 0.517241 0
0.172414 0.344828 0.482758
0.000103411 0.517188 0.482709
0.9999 9.98252e-05 0
0.13793 0.0689653 0.793104
9.98612e-05 0.9999 0
0.689654 0.0344837 0.275862
0.34509 0.137883 0.517028
9.36105e-05 9.78782e-05 0.999809
0.357144 0.642856 0
0.124171 0.175165 0.700664
0.00010316 0.346118 0.653779
0.241354 0.000103422 0.758542
0.233332 0.766668 0
0.517241 0.172414 0.310345
0.333333 0.333333 0.333333
0.0356393 0.712789 0.251572
0.25 0.5 0.25
0.24138 0.379309 0.379311
0.966667 0.0333332 0
0.5 0.25 0.25
0.0343349 0.107296 0.858369
0.551726 0.448274 0
0.607081 0.000101152 0.392818
0.000102235 0.749898 0.25
0.689658 0.310342 0
0.517188 0.000103369 0.482709
0.172414 0.827586 0
0.0681059 0.250846 0.681048
0.444445 0.148148 0.407407
0.300008 0.699992 0
0.409937 0.0683255 0.521737
0.0679627 0.543692 0.388345
0.629629 0.370371 0
0.613635 0.136365 0.25
0.401212 0.234044 0.364745
7.07013e-05 0.0666615 0.933268
0.0666666 0.933333 0
0.933333 0.066667 0
0.275878 0.034482 0.68964
0.172413 0.206897 0.62069
0.102272 0.647728 0.25
0.000100389 0.464242 0.535658
0.13793 0.275867 0.586203
0.827585 0.172415 0
0.172414 0.517241 0.310345
0.285714 0.428574 0.285712
0.502395 0.0669809 0.430624
0.103447 0.13793 0.758624
0.0666612 0.0333308 0.900008
0.000103404 0.275833 0.724064
0.448276 0.275862 0.275862
0.241379 0.206898 0.551722
0.448231 0.000103192 0.551666
0.866667 0.133333 0
0.6 0.4 0
0.206896 0.0689654 0.724138
0.0689647 0.310345 0.62069
