0.200025 0.799975 0
0.379342 0.310301 0.310357
0.310338 0.310335 0.379327
0.137898 0.482767 0.379335
0.48275 0.137916 0.379335
0.607142 0.392858 0
0.480028 0.519972 0
0.413756 0.000102841 0.586141
0.166659 6.21855e-05 0.833279
0.620697 0.068959 0.310344
0.26923 0.73077 0
0.586181 0.00010218 0.413717
0.137694 0.414161 0.448146
0.966676 0.0333241 0
0.0333336 0.966666 0
0.733324 0.266676 0
7.81077e-05 0.333284 0.666638
0.0689618 0.344812 0.586226
0.214268 0.321397 0.464335
0.586164 0.137924 0.275912
0.000103141 0.13792 0.861977
0.103493 0.586025 0.310481
0.214255 0.000102465 0.785643
9.67913e-05 0.379284 0.62062
0.444425 0.148143 0.407433
0.892858 0.107142 0
0.862003 0.137997 0
0.639988 9.93253e-05 0.359913
0.642846 0.357154 0
0.380044 0.0688802 0.551075
0.107128 0.892872 0
0.107293 0.0343393 0.858368
0.37037 0.62963 0
0.110176 0.311446 0.578378
0.000103394 0.517188 0.482709
0.9999 9.99808e-05 0
0.142795 0.214194 0.643011
0.250859 0.0681428 0.680998
0.766673 0.233327 0
0.357143 0.392857 0.25
9.98897e-05 0.9999 0
8.34685e-05 9.67495e-05 0.99982
0.000101992 0.749898 0.25
0.310321 0.0689458 0.620734
0.0344903 0.689657 0.275853
0.299389 0.187107 0.513504
0.148117 0.44445 0.407433
0.712792 0.0356276 0.251581
0.239991 0.760009 0
0.543753 0.0679168 0.388331
0.333341 0.333337 0.333322
0.517188 0.000103429 0.482709
0.517238 0.482762 0
9.22959e-05 0.607102 0.392806
0.000103389 0.241353 0.758543
0.25 0.5 0.25
0.57694 0.42306 0
0.346127 0.000102447 0.65377
0.500001 0.249999 0.25
0.448287 0.551713 0
0.749898 0.0001022 0.25
0.17242 0.82758 0
0.285706 0.285703 0.428591
0.310339 0.689661 0
0.827523 0.172477 0
0.379308 0.241357 0.379336
0.0689656 0.137931 0.793103
0.69998 0.30002 0
0.344859 0.172432 0.482709
0.0683378 0.409966 0.521696
0.136377 0.613623 0.25
0.234128 0.401154 0.364718
0.0666563 8.20585e-05 0.933262
0.647796 0.102204 0.25
0.933337 0.0666625 0
0.206846 0.448309 0.344845
0.0666677 0.933332 0
0.0344269 0.275873 0.6897
0.20691 0.241377 0.551714
0.137915 0.344895 0.51719
0.464333 9.94978e-05 0.535568
0.0689391 0.206863 0.724198
0.172401 0.517242 0.310357
0.517241 0.172415 0.310344
0.428615 0.285756 0.285629
0.137929 0.103446 0.758625
0.0669331 0.502455 0.430612
0.103331 0.275882 0.620787
0.0333334 0.0666668 0.9
0.276172 0.137895 0.585933
0.431938 0.10024 0.467822
0.133339 0.866661 0
0.275796 0.000103232 0.724101
0.275922 0.448237 0.275841
9.01551e-05 0.448237 0.551673
0.399999 0.600001 0
0.44829 0.20688 0.34483
0.206937 0.172276 0.620787
0.175255 0.123723 0.701022
0.000103364 0.655108 0.344789
