0.310357 0.241366 0.448278
0.103447 0.275862 0.620691
0.379327 0.310336 0.310337
0.310345 0.310345 0.37931
0.137926 0.482761 0.379312
0.13334 0.86666 0
0.482764 0.137922 0.379314
0.60714 0.39286 0
0.206875 0.448293 0.344832
0.480011 0.519989 0
0.166667 9.99876e-05 0.833233
0.199996 0.800004 0
0.620719 0.0689214 0.310359
0.269225 0.730775 0
0.137931 0.413793 0.448276
0.0333316 0.966668 0
0.966668 0.0333321 0
0.733333 0.266667 0
0.379342 0.0689616 0.551696
0.136368 0.613632 0.25
0.250319 0.0681515 0.68153
0.0001034 0.137889 0.862008
0.214276 0.00010239 0.785622
0.444438 0.148148 0.407414
0.148149 0.444447 0.407405
0.0344853 0.689656 0.275859
0.357149 0.392851 0.25
0.639924 0.000100991 0.359975
0.892863 0.107137 0
0.642854 0.357146 0
0.137871 0.345123 0.517007
0.107143 0.892857 0
0.299466 0.187171 0.513362
0.107292 0.0343357 0.858372
0.370383 0.629617 0
0.108641 0.311976 0.579383
0.142855 0.214283 0.642862
0.586136 0.000103349 0.413761
0.34612 0.000103152 0.653777
0.000102188 0.749898 0.25
0.9999 9.98638e-05 0
9.99783e-05 0.9999 0
0.172414 0.517241 0.310345
0.000103358 0.379271 0.620626
0.21429 0.321436 0.464274
8.71033e-05 9.91235e-05 0.999814
0.333336 0.333336 0.333328
0.5 0.25 0.25
0.86665 0.13335 0
0.766674 0.233326 0
0.51724 0.48276 0
0.000103413 0.517187 0.48271
0.576937 0.423063 0
0.712801 0.035632 0.251567
0.24 0.76 0
0.00010335 0.241353 0.758544
0.586211 0.137932 0.275858
0.25 0.5 0.25
0.448278 0.551722 0
0.0689666 0.344818 0.586216
0.000101096 0.607072 0.392827
0.749898 0.000102196 0.25
0.34483 0.172415 0.482755
0.172415 0.827585 0
0.310344 0.689656 0
0.82758 0.17242 0
0.0689638 0.137927 0.793109
0.7 0.3 0
0.206907 0.241397 0.551696
0.0683315 0.409962 0.521706
0.428587 0.285711 0.285703
0.543728 0.0679686 0.388304
0.234034 0.401181 0.364785
0.137928 0.103448 0.758624
0.0666575 8.52326e-05 0.933257
0.285712 0.285712 0.428576
0.0666669 0.933333 0
0.933324 0.0666761 0
0.0344738 0.275895 0.689632
0.206891 0.172415 0.620694
0.647741 0.102259 0.25
0.413748 0.000103345 0.586149
0.464238 0.000100361 0.535662
0.275871 0.137929 0.5862
0.517239 0.172415 0.310347
0.517187 0.000103393 0.48271
0.0669707 0.502395 0.430634
0.103489 0.586044 0.310466
0.275831 0.000102525 0.724067
0.0333314 0.0666624 0.900006
0.432265 0.100189 0.467546
0.275861 0.448277 0.275862
0.000103318 0.44823 0.551667
0.4 0.6 0
0.175111 0.124449 0.70044
0.448274 0.206895 0.344831
0.379309 0.24138 0.37931
0.0689658 0.206897 0.724137
0.310346 0.0689628 0.620692
0.000103407 0.655104 0.344792
