0.6 0.4 0
0.199983 0.800017 0
0.275877 0.172395 0.551728
0.137916 0.482776 0.379309
0.413796 0.310343 0.275861
0.13791 0.344823 0.517267
0.862068 0.137932 0
0.133338 0.866662 0
0.103452 0.448246 0.448302
0.480009 0.519991 0
0.000102816 0.413749 0.586148
0.517243 0.172412 0.310345
0.269229 0.730771 0
0.344827 0.0689649 0.586208
0.586111 0.000102853 0.413786
0.0333324 0.966668 0
0.310353 0.310352 0.379295
0.344829 0.241378 0.413793
0.000103272 0.655106 0.344791
0.392865 0.357135 0.25
0.000101059 0.607097 0.392802
0.137904 0.00010322 0.861993
0.148147 0.44444 0.407413
0.274479 0.253948 0.471572
0.137934 0.275858 0.586208
0.00010201 0.749898 0.25
0.9999 9.99209e-05 0
0.285708 0.428562 0.285729
0.107142 0.892858 0
0.448284 0.551716 0
0.629629 0.370371 0
0.607116 0.142884 0.25
0.187144 0.299461 0.513395
0.24138 0.344827 0.413793
0.0343361 0.107279 0.858385
0.137919 0.0689593 0.793122
0.370368 0.629632 0
0.136364 0.613636 0.25
0.3109 0.108805 0.580295
0.517188 0.000103396 0.482709
0.0689607 0.379348 0.551692
0.766666 0.233334 0
0.0344884 0.689651 0.275861
0.103475 0.586103 0.310423
0.275874 0.0344678 0.689658
0.124484 0.175106 0.700409
0.448284 0.206885 0.344831
9.9303e-05 0.214326 0.785575
0.892858 0.107142 0
0.639941 0.000100861 0.359958
8.54868e-05 9.05078e-05 0.999824
0.000103427 0.517187 0.482709
0.346091 0.13767 0.516239
0.379272 0.000103034 0.620625
9.93284e-05 0.999901 0
0.333333 0.333332 0.333335
0.517238 0.482762 0
9.80488e-05 0.16665 0.833252
0.407409 0.185182 0.407409
0.712791 0.0356319 0.251578
0.000103122 0.346113 0.653784
0.62068 0.0689688 0.310351
0.239995 0.760005 0
0.241352 0.000103399 0.758545
0.249986 0.500014 0.25
0.551718 0.10345 0.344831
0.0666701 0.93333 0
0.214264 0.142842 0.642894
0.689667 0.310333 0
0.172406 0.206898 0.620695
0.172415 0.827585 0
0.44824 0.000102607 0.551657
0.310344 0.689656 0
0.413773 0.137924 0.448303
0.749898 0.000101869 0.25
0.207306 0.413579 0.379114
0.430795 0.0669663 0.502239
0.0669888 0.502393 0.430619
0.827568 0.172432 0
0.0681191 0.250689 0.681192
0.571431 0.428569 0
9.48532e-05 0.0666313 0.933274
0.933337 0.0666629 0
0.250008 0.214258 0.535734
0.275865 0.379304 0.344831
0.20688 0.0689597 0.724161
0.000100146 0.46426 0.53564
0.482759 0.24138 0.275861
0.502407 0.0669582 0.430635
0.53572 0.21428 0.25
0.172414 0.517241 0.310345
0.379305 0.275864 0.344831
0.103448 0.13793 0.758623
0.0666583 0.0332607 0.900081
0.000103332 0.275833 0.724063
0.966674 0.0333262 0
0.134374 0.396748 0.468878
0.730764 0.269236 0
0.4 0.6 0
0.0689646 0.310341 0.620695
