0.400003 0.599997 0
0.172399 0.27586 0.551741
0.800002 0.199998 0
0.486331 0.136972 0.376697
0.133341 0.866659 0
0.866657 0.133343 0
0.34478 0.172392 0.482828
0.206886 0.344832 0.448282
0.379316 0.275857 0.344827
0.519989 0.480011 0
0.172414 0.517241 0.310345
0.166702 9.9549e-05 0.833199
0.000103294 0.586094 0.413803
0.96667 0.0333299 0
0.0333298 0.96667 0
0.275869 0.310327 0.413804
0.655104 0.000103249 0.344793
0.254109 0.27398 0.471911
0.357153 0.392847 0.25
0.000103416 0.137905 0.861992
0.241379 0.482759 0.275862
0.413785 0.206913 0.379301
0.000103163 0.379272 0.620624
0.44473 0.148072 0.407197
0.551724 0.448276 0
0.0689675 0.137935 0.793097
0.730761 0.269239 0
0.749898 0.000102258 0.25
0.18519 0.407376 0.407435
0.107145 0.892855 0
0.299425 0.18728 0.513296
0.275872 0.37929 0.344839
0.586196 0.103458 0.310346
0.0344733 0.275899 0.689627
0.517188 0.000103265 0.482709
0.370367 0.629633 0
0.108657 0.311961 0.579382
0.23332 0.76668 0
0.000103341 0.517188 0.482709
0.413749 0.000103128 0.586148
0.142832 0.214256 0.642912
0.142851 0.607149 0.25
0.892856 0.107144 0
0.175073 0.12464 0.700287
0.000103029 0.241358 0.758539
7.42367e-05 9.03984e-05 0.999835
0.107259 0.0343351 0.858406
9.9674e-05 0.9999 0
0.333328 0.333328 0.333345
0.9999 9.99857e-05 0
0.0356404 0.712787 0.251572
0.379341 0.0689617 0.551697
0.62962 0.37038 0
0.000103379 0.448233 0.551663
0.000101033 0.639939 0.359959
0.068961 0.34481 0.586229
0.214273 0.535727 0.25
0.760001 0.239999 0
0.068965 0.206895 0.72414
0.689711 0.0344914 0.275798
0.346128 0.000103121 0.653768
0.500001 0.249999 0.25
0.103453 0.551705 0.344842
0.310344 0.0689614 0.620694
0.482762 0.517238 0
0.607052 0.000101144 0.392847
0.0666585 3.18113e-05 0.93331
0.827582 0.172418 0
0.137929 0.344851 0.51722
0.689669 0.310331 0
0.44831 0.103412 0.448278
0.00010224 0.749898 0.25
0.214305 0.000102272 0.785593
0.0669267 0.431158 0.501915
0.172421 0.827579 0
0.249537 0.0682246 0.682239
0.613635 0.136365 0.25
0.428573 0.571427 0
0.0666662 0.933334 0
0.310345 0.689655 0
0.933339 0.0666612 0
0.214266 0.250003 0.535731
0.464292 0.00010028 0.535608
0.310346 0.413792 0.275862
0.0669856 0.502393 0.430621
0.20689 0.172416 0.620694
0.275885 0.137927 0.586188
0.34483 0.241366 0.413804
0.137895 0.103421 0.758684
0.428568 0.285713 0.285719
0.517216 0.172438 0.310346
0.13793 0.413791 0.448279
0.502397 0.066978 0.430625
0.0333221 0.0666444 0.900033
0.068961 0.620693 0.310346
0.275828 0.000103416 0.724068
0.39691 0.134033 0.469057
0.206904 0.448258 0.344838
0.269236 0.730764 0
0.599999 0.400001 0
