0.103444 0.275864 0.620692
0.199999 0.800001 0
0.379309 0.310346 0.310345
0.310345 0.310345 0.37931
0.137925 0.482764 0.379311
9.99986e-05 0.200012 0.799888
0.86665 0.13335 0
0.482762 0.137926 0.379312
0.607139 0.392861 0
0.20688 0.448287 0.344834
0.41375 0.000103436 0.586146
0.16668 9.98947e-05 0.83322
0.068965 0.344828 0.586207
0.269229 0.730771 0
0.586143 0.000103254 0.413754
0.0333343 0.966666 0
0.13793 0.41379 0.44828
0.142854 0.214281 0.642864
0.107135 0.892865 0
0.379318 0.0689647 0.551717
0.103444 0.172409 0.724146
0.214283 0.321426 0.464291
0.214288 0.00010245 0.78561
0.000103428 0.379273 0.620623
0.517241 0.482759 0
0.0344812 0.137965 0.827554
0.576922 0.423078 0
0.892857 0.107143 0
0.107246 0.0343477 0.858407
0.642852 0.357148 0
0.48 0.52 0
5.37183e-05 0.099992 0.899954
0.370372 0.629628 0
0.108647 0.31195 0.579403
0.000103243 0.517188 0.482709
0.448279 0.20689 0.34483
0.275857 0.379313 0.34483
0.586201 0.137938 0.275861
9.99349e-05 0.9999 0
0.2069 0.172402 0.620698
0.9999 9.99801e-05 0
0.517188 0.000103436 0.482709
0.0344685 0.689784 0.275748
0.000102087 0.749898 0.25
0.239988 0.760012 0
0.639937 0.000100967 0.359962
0.175143 0.124283 0.700574
0.344828 0.172414 0.482759
0.333335 0.333336 0.333329
0.137887 0.103421 0.758692
0.5 0.25 0.25
0.000101144 0.607072 0.392827
9.08793e-05 8.8973e-05 0.99982
0.827594 0.172406 0
0.249999 0.500001 0.25
0.712795 0.0356309 0.251574
0.346107 0.000103066 0.65379
0.766668 0.233332 0
0.000103265 0.241356 0.758541
0.749898 0.000102178 0.25
0.699999 0.300001 0
0.172418 0.827582 0
0.37931 0.241379 0.37931
0.275864 0.137931 0.586206
0.310346 0.689654 0
0.250678 0.0681207 0.681201
0.0683193 0.40994 0.52174
0.543689 0.0679639 0.388347
0.136364 0.613636 0.25
0.933331 0.0666689 0
0.234055 0.401205 0.364741
0.066665 0.933335 0
0.0344672 0.275872 0.689661
0.148147 0.444442 0.407411
0.206899 0.241378 0.551723
0.64773 0.10227 0.25
0.46425 0.000100179 0.53565
0.448274 0.551726 0
0.172414 0.517241 0.310345
0.299464 0.187167 0.513369
0.517241 0.172414 0.310345
0.357141 0.392859 0.25
0.428587 0.285706 0.285707
0.620695 0.068958 0.310347
0.000103378 0.655105 0.344792
0.103448 0.586207 0.310345
0.0669891 0.502392 0.430619
0.966667 0.0333332 0
0.285701 0.285702 0.428597
0.432075 0.100222 0.467703
0.137904 0.344976 0.51712
0.444442 0.148148 0.407411
0.275825 0.000103426 0.724072
0.0666659 8.92481e-06 0.933325
0.275861 0.448278 0.275861
0.133348 0.866652 0
0.000103412 0.44823 0.551666
0.399999 0.600001 0
0.310336 0.0689664 0.620698
0.733329 0.266671 0
