0.275863 0.103445 0.620692
0.310345 0.310345 0.37931
0.482774 0.137903 0.379322
0.866661 0.133339 0
0.241369 0.310349 0.448282
0.133336 0.866664 0
0.137897 0.482777 0.379325
0.392857 0.607143 0
0.448269 0.2069 0.344832
0.52 0.48 0
0.000103264 0.41375 0.586146
9.12056e-05 0.166649 0.83326
0.0689656 0.620689 0.310345
0.730769 0.269231 0
0.799999 0.200001 0
0.000103371 0.586155 0.413742
0.413793 0.137931 0.448276
0.966668 0.0333323 0
0.0333328 0.966667 0
0.266667 0.733333 0
0.310338 0.379324 0.310338
0.689654 0.0344844 0.275862
0.321432 0.214287 0.464281
0.137924 0.000103319 0.861972
0.311916 0.108833 0.57925
0.586094 0.103477 0.31043
0.000102449 0.214267 0.78563
0.749898 0.000102206 0.25
0.107141 0.892859 0
0.148144 0.444448 0.407408
0.5 0.25 0.25
0.379271 0.000103386 0.620625
0.0343359 0.1073 0.858364
0.629628 0.370372 0
0.517188 0.000103425 0.482709
0.000101036 0.639935 0.359964
0.172414 0.344828 0.482759
0.000103411 0.517188 0.482709
9.85018e-05 7.52677e-05 0.999826
0.333333 0.333333 0.333333
0.233335 0.766665 0
0.9999 9.98015e-05 0
0.000103088 0.346117 0.65378
0.187308 0.299417 0.513275
0.482759 0.517241 0
0.444444 0.148148 0.407407
0.25 0.5 0.25
0.214283 0.142855 0.642862
0.0689548 0.379407 0.551639
0.0679684 0.543702 0.38833
9.99005e-05 0.9999 0
0.123862 0.17523 0.700908
0.17241 0.206897 0.620692
0.76 0.24 0
0.0356358 0.712789 0.251576
0.357146 0.642854 0
0.241356 0.000103248 0.758541
0.551733 0.448267 0
0.607082 0.000101158 0.392817
0.000102227 0.749898 0.25
0.689656 0.310344 0
0.827584 0.172416 0
0.172412 0.827588 0
0.423077 0.576923 0
0.068193 0.250089 0.681718
0.241381 0.379305 0.379313
0.137928 0.0689642 0.793107
0.300006 0.699994 0
0.345567 0.137775 0.516658
0.344827 0.0689654 0.586207
0.409937 0.0683212 0.521741
0.137935 0.586204 0.27586
0.613638 0.136362 0.25
0.401213 0.234043 0.364744
9.9683e-05 0.0666771 0.933223
0.000100338 0.464236 0.535663
0.933333 0.0666673 0
0.892856 0.107144 0
0.0666791 0.933321 0
0.241381 0.206895 0.551724
0.448276 0.275862 0.275862
0.102275 0.647725 0.25
0.517241 0.172414 0.310345
0.137931 0.275862 0.586207
0.392848 0.357152 0.25
0.172409 0.517244 0.310347
0.285712 0.428575 0.285712
0.502374 0.06698 0.430646
0.103447 0.137931 0.758622
0.285713 0.285713 0.428575
0.0666694 0.0333347 0.899996
0.100256 0.431892 0.467852
0.275863 0.0344812 0.689656
0.000103196 0.27583 0.724067
0.44823 0.000103389 0.551666
0.6 0.4 0
0.206899 0.448273 0.344828
0.206897 0.0689655 0.724138
0.0689653 0.310343 0.620692
0.655104 0.000103329 0.344792
