0.172402 0.517274 0.310324
0.8 0.2 0
0.172404 0.275865 0.551731
0.482774 0.137927 0.379299
0.310345 0.413794 0.275862
0.133337 0.866663 0
0.344828 0.172414 0.482759
0.44828 0.103448 0.448272
0.379322 0.27584 0.344838
0.413748 0.000103307 0.586148
0.166662 9.99032e-05 0.833238
0.0689576 0.344831 0.586211
0.730768 0.269232 0
0.00010322 0.586146 0.41375
0.966665 0.033335 0
0.0333278 0.966672 0
0.310345 0.310345 0.37931
0.310345 0.0689655 0.62069
0.39689 0.134056 0.469054
0.142863 0.607137 0.25
0.46424 0.000100428 0.53566
0.586175 0.103472 0.310353
0.0666629 0.933337 0
0.214263 0.000102449 0.785634
0.000103394 0.137913 0.861984
0.000103406 0.379271 0.620625
0.44446 0.148144 0.407396
0.551725 0.448275 0
0.749898 0.000102219 0.25
0.892857 0.107143 0
0.866662 0.133338 0
0.370372 0.629628 0
0.000101044 0.63994 0.359959
0.000103381 0.448231 0.551666
0.107292 0.0343352 0.858373
0.233334 0.766666 0
0.107143 0.892857 0
0.629627 0.370373 0
0.399999 0.600001 0
0.214285 0.535715 0.25
0.000103189 0.517188 0.482709
0.519989 0.480011 0
0.9999 9.99854e-05 0
0.5 0.25 0.25
0.254468 0.272951 0.472581
9.98649e-05 0.9999 0
0.357159 0.392841 0.25
0.137931 0.413797 0.448272
0.48276 0.51724 0
0.413793 0.206897 0.379311
0.10872 0.311486 0.579794
9.47952e-05 9.37534e-05 0.999811
0.689655 0.310345 0
0.33333 0.33333 0.33334
0.185181 0.407405 0.407414
0.24138 0.482758 0.275862
0.175205 0.123986 0.700809
0.760009 0.239991 0
0.241384 0.344825 0.413792
0.379328 0.0689633 0.551709
0.0333091 0.0666391 0.900052
0.035637 0.712789 0.251574
0.275833 0.000103436 0.724063
0.517188 0.000103392 0.482709
0.000103427 0.241354 0.758542
0.346128 0.000103136 0.653769
0.103453 0.551705 0.344843
0.0669399 0.431015 0.502046
0.310337 0.689663 0
0.607053 0.000101119 0.392846
0.142856 0.214285 0.642859
0.269233 0.730767 0
0.827585 0.172415 0
0.137939 0.344848 0.517213
0.000102045 0.749898 0.25
0.172417 0.827583 0
0.613636 0.136364 0.25
0.250866 0.0681037 0.68103
0.29942 0.18731 0.51327
0.517241 0.172414 0.310345
0.428571 0.571429 0
0.0666602 9.5786e-05 0.933244
0.103447 0.172409 0.724144
0.933328 0.0666716 0
0.0344622 0.275883 0.689655
0.214286 0.249999 0.535715
0.344828 0.241381 0.413792
0.0669859 0.502394 0.43062
0.275879 0.137928 0.586193
0.428579 0.285719 0.285702
0.502401 0.0669782 0.43062
0.275864 0.379303 0.344833
0.137933 0.103437 0.758629
0.0689648 0.62069 0.310345
0.17856 0.464292 0.357148
0.0689615 0.137923 0.793116
0.6 0.4 0
0.68965 0.0344898 0.27586
0.206899 0.172406 0.620695
0.655104 0.000103266 0.344792
