0.241379 0.310346 0.448276
0.799991 0.200009 0
0.310345 0.310345 0.37931
0.482779 0.137908 0.379313
0.866662 0.133338 0
0.133347 0.866653 0
0.137924 0.482763 0.379313
0.392865 0.607135 0
0.519999 0.480001 0
0.0001033 0.413747 0.58615
3.9829e-05 0.166659 0.833301
0.0689658 0.620688 0.310346
0.448284 0.241373 0.310342
0.344832 0.0689515 0.586217
0.730767 0.269233 0
0.000103436 0.586144 0.413753
0.966682 0.0333185 0
0.033335 0.966665 0
0.413793 0.137931 0.448276
0.214275 0.14285 0.642876
0.0689096 0.37981 0.55128
0.321431 0.214287 0.464282
0.311962 0.10869 0.579348
0.137931 0.586207 0.275862
0.586192 0.103452 0.310356
0.000102369 0.214272 0.785626
0.275864 0.103441 0.620694
0.502399 0.066983 0.430618
0.172415 0.517237 0.310348
0.000100859 0.639925 0.359974
0.357145 0.642855 0
0.345025 0.137892 0.517083
0.892857 0.107143 0
0.123711 0.175245 0.701044
0.137896 0.000103391 0.862001
0.448243 0.000102589 0.551655
0.187182 0.29947 0.513348
0.629623 0.370377 0
0.107124 0.892876 0
0.0689596 0.310347 0.620693
0.9999 9.99351e-05 0
0.517181 0.000102908 0.482716
0.60708 0.000101157 0.392819
9.97891e-05 0.9999 0
9.18148e-05 0.0666549 0.933253
0.000103426 0.517181 0.482716
0.444443 0.148148 0.40741
0.0343398 0.107315 0.858346
0.0356388 0.712784 0.251577
0.241381 0.206896 0.551723
0.48276 0.51724 0
0.760004 0.239996 0
0.655104 0.000103323 0.344793
0.749898 0.000102171 0.25
0.206892 0.448273 0.344835
0.233333 0.766667 0
0.689654 0.034484 0.275862
0.275873 0.0344567 0.68967
0.241353 0.000102909 0.758544
0.000102681 0.346112 0.653785
0.275871 0.413788 0.310341
0.379272 0.000103011 0.620625
9.29087e-05 8.12537e-05 0.999826
0.249993 0.500007 0.25
0.379403 0.275804 0.344793
0.172411 0.344836 0.482753
0.000102081 0.749898 0.25
0.285708 0.285707 0.428585
0.827585 0.172415 0
0.68966 0.31034 0
0.172431 0.827569 0
0.241376 0.379312 0.379312
0.423069 0.576931 0
0.0681094 0.2508 0.681091
0.266665 0.733335 0
0.137924 0.0689622 0.793114
0.172417 0.206882 0.620701
0.300001 0.699999 0
0.409961 0.0683157 0.521723
0.067979 0.543686 0.388335
0.5 0.25 0.25
0.613635 0.136365 0.25
0.401215 0.234041 0.364743
0.933332 0.0666681 0
0.0666711 0.933329 0
0.333333 0.333333 0.333333
0.102267 0.647733 0.25
0.0666765 0.0333383 0.899985
0.357157 0.392843 0.25
0.000100135 0.464256 0.535644
0.517241 0.172414 0.310345
0.148144 0.444446 0.40741
0.13787 0.276188 0.585942
0.551733 0.448267 0
0.103449 0.137923 0.758628
0.413792 0.310346 0.275862
0.100259 0.431863 0.467877
0.000102946 0.275805 0.724092
0.6 0.4 0
0.206891 0.0689636 0.724146
