0.137927 0.482761 0.379312
0.4 0.6 0
0.8 0.2 0
0.172414 0.275862 0.551725
0.48276 0.137931 0.379309
0.866663 0.133337 0
0.133334 0.866666 0
0.344827 0.172414 0.482759
0.44828 0.103442 0.448279
0.206896 0.344827 0.448277
0.379311 0.275862 0.344828
0.519999 0.480001 0
0.413751 0.000103381 0.586146
0.0689653 0.344827 0.586208
0.730769 0.269231 0
0.000103395 0.586146 0.41375
0.0333284 0.966672 0
0.966668 0.0333316 0
0.310343 0.0689657 0.620691
0.655105 0.000103374 0.344792
0.551728 0.448272 0
0.000103317 0.137893 0.862004
0.214264 0.000102451 0.785633
0.749898 0.000102216 0.25
0.00010102 0.639936 0.359963
0.892858 0.107142 0
0.357152 0.392848 0.25
0.107142 0.892858 0
0.370369 0.629631 0
0.629627 0.370373 0
0.275861 0.344831 0.379309
0.108704 0.311539 0.579756
0.586093 0.103562 0.310345
0.760002 0.239998 0
0.379313 0.0689643 0.551722
0.206897 0.448273 0.344829
0.413793 0.206897 0.37931
9.38319e-05 9.94673e-05 0.999807
0.464254 0.000100407 0.535646
9.99357e-05 0.9999 0
0.241381 0.482762 0.275858
0.142868 0.607132 0.25
0.0356381 0.712787 0.251575
0.000103432 0.37927 0.620627
0.9999 9.98878e-05 0
0.613636 0.136364 0.25
0.517188 0.000103423 0.482709
0.233325 0.766675 0
0.275862 0.413793 0.310345
0.482762 0.517238 0
0.68966 0.0344822 0.275858
0.000102896 0.241354 0.758543
0.444444 0.148147 0.407408
0.333329 0.333336 0.333336
0.172412 0.517242 0.310345
0.34614 0.000103197 0.653756
0.175253 0.12374 0.701007
0.185184 0.407408 0.407408
0.214285 0.25 0.535715
0.103457 0.551686 0.344857
0.142855 0.214282 0.642864
0.310344 0.689656 0
0.689659 0.310341 0
0.607083 0.000101105 0.392816
0.827585 0.172415 0
0.000102181 0.749898 0.25
0.0667348 0.432756 0.50051
0.299462 0.187174 0.513364
0.172413 0.827587 0
0.000103403 0.517188 0.482709
0.250887 0.068103 0.68101
0.0689612 0.137922 0.793116
0.269238 0.730762 0
0.428568 0.571432 0
0.066661 3.08672e-05 0.933308
0.066667 0.933333 0
0.254295 0.273446 0.472259
0.933333 0.0666673 0
0.5 0.25 0.25
0.428572 0.285713 0.285714
0.0344796 0.275882 0.689638
0.0669845 0.502393 0.430623
0.275903 0.137923 0.586174
0.214285 0.535715 0.25
0.107299 0.0343361 0.858365
0.344826 0.241383 0.413791
0.517242 0.172413 0.310345
0.206896 0.172414 0.62069
0.502394 0.0669831 0.430623
0.137928 0.103448 0.758624
0.599999 0.400001 0
0.137931 0.344829 0.51724
0.0333336 0.0666671 0.899999
0.0689639 0.620691 0.310345
0.166649 9.99324e-05 0.833251
0.275833 0.000103422 0.724063
0.396836 0.134177 0.468986
0.0001034 0.44823 0.551667
0.103447 0.172413 0.72414
0.13793 0.413794 0.448277
