0.275862 0.379311 0.344828
0.310347 0.241378 0.448275
0.2 0.8 0
0.379313 0.310345 0.310342
0.310345 0.310345 0.37931
0.137931 0.482759 0.37931
0.133337 0.866663 0
0.48276 0.137929 0.379311
0.607142 0.392858 0
0.206884 0.448283 0.344833
0.48 0.52 0
0.41375 0.000103427 0.586147
0.166657 9.99856e-05 0.833243
0.269234 0.730766 0
0.586143 0.000103355 0.413753
0.137931 0.413794 0.448275
0.966673 0.0333275 0
0.0333314 0.966669 0
0.379329 0.0689634 0.551708
0.107298 0.0343354 0.858367
0.103449 0.586203 0.310347
0.000103399 0.379271 0.620626
0.733333 0.266667 0
0.444444 0.148148 0.407408
0.148148 0.444444 0.407408
0.892856 0.107144 0
0.206899 0.241379 0.551722
0.639934 0.000100985 0.359965
0.642856 0.357144 0
0.000103411 0.241354 0.758542
0.107145 0.892855 0
0.299458 0.187163 0.513379
0.108654 0.311972 0.579374
0.517188 0.000103438 0.482709
0.9999 9.98996e-05 0
9.60262e-05 9.54424e-05 0.999809
0.333333 0.333333 0.333334
0.543695 0.0679616 0.388343
0.000102125 0.749898 0.25
0.517241 0.482759 0
0.699999 0.300001 0
0.214285 0.321427 0.464288
0.0344794 0.689686 0.275835
0.5 0.25 0.25
0.370371 0.629629 0
0.175255 0.123726 0.701019
0.239999 0.760001 0
0.357149 0.392851 0.25
0.000103396 0.44823 0.551667
0.766667 0.233333 0
0.0344826 0.137935 0.827582
0.0689647 0.344827 0.586209
0.346119 0.000103199 0.653778
9.99738e-05 0.9999 0
0.000101169 0.607081 0.392818
0.250002 0.499997 0.25
0.0689652 0.206896 0.724139
0.448275 0.551725 0
0.576926 0.423074 0
0.749898 0.000102245 0.25
0.172414 0.827586 0
0.310342 0.689658 0
0.827586 0.172414 0
0.517241 0.172414 0.310345
0.000103326 0.517188 0.482709
0.250898 0.0680979 0.681004
8.62006e-05 0.0999658 0.899948
0.379311 0.241379 0.379311
0.0683217 0.40994 0.521738
0.214264 0.00010239 0.785634
0.136365 0.613635 0.25
0.23405 0.401212 0.364738
0.066667 0.933333 0
0.137833 0.345295 0.516872
0.933334 0.0666658 0
0.0344804 0.275864 0.689656
0.586207 0.137932 0.275861
0.275863 0.137931 0.586206
0.0666592 9.73908e-05 0.933243
0.137931 0.103448 0.758621
0.866661 0.133339 0
0.464239 0.000100424 0.535661
0.172414 0.517241 0.310345
0.448279 0.206891 0.34483
0.428571 0.285709 0.285719
0.344828 0.172414 0.482758
0.0669857 0.502389 0.430625
0.285712 0.285712 0.428575
0.142856 0.214283 0.642861
0.431956 0.100243 0.467801
0.103448 0.275861 0.62069
0.275833 0.000103418 0.724064
0.71279 0.0356395 0.25157
0.275853 0.448307 0.27584
0.4 0.6 0
0.620686 0.0689661 0.310348
0.206896 0.172414 0.62069
0.000103427 0.655105 0.344792
0.647726 0.102274 0.25
0.310344 0.0689656 0.62069
