2.35016e-05 0.0333027 0.966674
0.241322 0.13786 0.620818
0.379314 0.310346 0.31034
0.482759 0.241379 0.275862
0.413793 0.241375 0.344832
0.699976 0.300024 0
0.379317 0.137916 0.482767
0.482769 0.137917 0.379314
0.2 0.8 0
0.392857 0.607143 0
0.0689654 0.655172 0.275862
0.766673 0.233327 0
0.0333205 0.96668 0
0.966667 0.0333334 0
0.27587 0.310324 0.413806
0.655173 0.0689645 0.275862
0.379452 0.0344734 0.586075
0.137929 0.344832 0.517239
0.58565 0.103589 0.310761
0.261447 0.10551 0.633043
0.566659 0.433341 0
0.000103434 0.137922 0.861974
0.933333 0.0666668 0
0.000103214 0.653763 0.346133
0.142852 0.428569 0.42858
0.1724 0.275862 0.551738
0.066666 0.933334 0
0.409092 0.147727 0.443181
0.107143 0.892857 0
0.103455 0.586186 0.310359
0.357166 0.642834 0
0.629568 0.00010059 0.370331
0.857126 0.142874 0
0.142737 0.0342923 0.822971
0.000103384 0.517188 0.482709
0.240001 0.240001 0.519997
0.482709 0.000103405 0.517188
0.9999 9.95768e-05 0
0.105232 0.298442 0.596327
9.9991e-05 0.9999 0
0.379331 0.206853 0.413817
0.250008 0.39284 0.357152
9.56578e-05 9.65304e-05 0.999808
0.357142 0.392858 0.25
0.448307 0.103419 0.448275
0.204547 0.545453 0.25
0.266669 0.733331 0
0.464327 0.178498 0.357175
0.482761 0.517239 0
0.333335 0.333335 0.33333
0.29997 9.98963e-05 0.69993
0.321458 0.214237 0.464305
0.00010322 0.346097 0.6538
0.103448 0.103448 0.793105
0.0741005 0.185181 0.740719
9.97768e-05 0.433284 0.566616
0.714283 0.0357169 0.25
0.233326 0.766674 0
0.241374 0.482771 0.275856
0.607129 0.392871 0
0.730767 0.269233 0
0.0356398 0.712787 0.251574
0.444445 0.259255 0.2963
0.0679757 0.388387 0.543637
0.73326 9.98942e-05 0.26664
0.206888 0.206888 0.586224
0.799997 0.200003 0
0.166667 0.833333 0
0.423049 0.576951 0
0.285707 0.464293 0.25
0.51724 0.0689669 0.413793
0.300002 0.699998 0
0.666667 0.333333 0
0.0333277 0.0666637 0.900009
0.000103391 0.241353 0.758543
0.535711 0.214289 0.25
0.000102249 0.749898 0.25
0.214272 0.321435 0.464292
0.430612 0.0669918 0.502396
0.0672636 0.538111 0.394626
0.174259 0.487928 0.337813
0.538455 0.461545 0
0.344868 0.103419 0.551713
0.206876 0.000103432 0.793021
0.27587 0.172389 0.551741
0.613646 0.136354 0.25
0.136376 0.613624 0.25
0.103447 0.241404 0.655149
0.344828 0.275862 0.37931
0.206897 0.0689655 0.724137
0.9 0.1 0
0.566621 9.99662e-05 0.433279
0.428573 0.321427 0.25
0.172414 0.137931 0.689655
0.0344826 0.275862 0.689655
0.357104 0.000101425 0.642795
0.000103377 0.586141 0.413756
0.0999918 9.97947e-05 0.899908
0.0689449 0.448278 0.482777
0.033335 0.166675 0.79999
