0.379311 0.275861 0.344828
0.241383 0.310333 0.448283
0.275862 0.103448 0.62069
0.8 0.2 0
0.310344 0.310345 0.379311
0.482758 0.137931 0.379311
0.199958 8.15268e-05 0.79996
0.13793 0.482759 0.379311
0.000103361 0.41375 0.586146
9.99538e-05 0.16665 0.83325
0.0689554 0.620697 0.310348
0.448278 0.241378 0.310344
0.730769 0.269231 0
0.344828 0.0689645 0.586208
0.52 0.48 0
0.033332 0.966668 0
0.966668 0.0333321 0
0.413793 0.137931 0.448276
0.357143 0.392857 0.25
0.321427 0.214285 0.464289
0.137954 0.0344819 0.827564
0.172414 0.206895 0.620691
0.000102288 0.214266 0.785631
0.379271 0.000103391 0.620626
0.517188 0.000103434 0.482709
0.0689648 0.379317 0.551718
0.749898 0.000102247 0.25
0.000103362 0.58614 0.413756
0.233335 0.766665 0
0.133334 0.866666 0
0.311927 0.108782 0.579291
0.214282 0.142855 0.642864
0.000100411 0.464248 0.535652
0.892857 0.107143 0
0.137931 0.275862 0.586207
0.187166 0.299464 0.51337
0.0343356 0.107294 0.85837
0.629628 0.370372 0
0.241354 0.000103398 0.758543
0.585999 0.1035 0.310501
9.99327e-05 0.9999 0
0.000103406 0.517188 0.482709
9.88581e-05 9.38936e-05 0.999807
0.9999 9.98761e-05 0
0.285713 0.285713 0.428574
0.123747 0.17525 0.701004
0.357143 0.642857 0
0.482758 0.517242 0
0.613636 0.136364 0.25
0.76 0.24 0
0.148149 0.444442 0.407409
0.0356405 0.712788 0.251572
0.5 0.25 0.25
0.137931 0.586208 0.275862
0.000101011 0.639934 0.359965
0.333333 0.333333 0.333334
0.000103213 0.346119 0.653778
0.551725 0.448275 0
9.99549e-05 0.06666 0.93324
0.607081 0.000101167 0.392818
0.107143 0.892857 0
0.00010224 0.749898 0.25
0.827586 0.172414 0
0.444445 0.148148 0.407408
0.689662 0.310338 0
0.172416 0.827584 0
0.866662 0.133338 0
0.0681226 0.250657 0.681221
0.392858 0.607142 0
0.0999908 9.12902e-05 0.899918
0.25 0.5 0.25
0.344872 0.137922 0.517206
0.241374 0.379313 0.379313
0.300001 0.699999 0
0.409941 0.0683237 0.521735
0.0679573 0.543699 0.388344
0.401215 0.234037 0.364748
0.0666653 0.933335 0
0.933336 0.0666642 0
0.275867 0.0344802 0.689653
0.103445 0.137927 0.758628
0.423074 0.576926 0
0.102274 0.647726 0.25
0.517242 0.172413 0.310345
0.206897 0.448276 0.344828
0.172415 0.517239 0.310346
0.172414 0.344828 0.482759
0.502389 0.0669901 0.430621
0.172412 0.103445 0.724143
0.689655 0.0344828 0.275862
0.413795 0.310344 0.275861
0.275862 0.413793 0.310345
0.100256 0.431882 0.467862
0.000103391 0.275834 0.724063
0.44823 0.000103419 0.551667
0.241377 0.206903 0.55172
0.6 0.4 0
0.0689655 0.310345 0.62069
0.655105 0.00010343 0.344792
0.266664 0.733336 0
