0.482756 0.137933 0.379311
0.599999 0.400001 0
0.275861 0.172414 0.551725
0.13793 0.482759 0.379311
0.866665 0.133335 0
0.133336 0.866664 0
0.34483 0.206893 0.448278
0.275863 0.379308 0.344829
0.48 0.52 0
0.000103285 0.41375 0.586147
0.517242 0.172413 0.310345
9.98793e-05 0.166663 0.833238
0.344826 0.0689656 0.586208
0.269235 0.730765 0
0.586147 0.000103363 0.41375
0.0333312 0.966669 0
0.172413 0.344827 0.48276
0.966667 0.0333334 0
0.103445 0.448277 0.448277
0.392858 0.357142 0.25
0.137893 0.000103147 0.862004
0.607132 0.142868 0.25
0.103451 0.586194 0.310354
0.413793 0.137931 0.448276
0.629634 0.370366 0
0.000102407 0.214295 0.785603
0.433191 0.0666835 0.500125
0.379271 0.000103321 0.620626
0.413793 0.275863 0.310345
0.187172 0.299466 0.513363
0.892857 0.107143 0
0.148147 0.444443 0.40741
0.44823 0.000103414 0.551666
0.0343371 0.107298 0.858365
0.274284 0.254006 0.471711
0.311925 0.108663 0.579412
0.517188 0.000103396 0.482709
0.241356 0.344836 0.413808
0.123758 0.17525 0.700993
0.000103431 0.517188 0.482709
0.0689642 0.379312 0.551723
0.239999 0.760001 0
0.241355 0.000103336 0.758542
0.9999 9.99364e-05 0
0.448275 0.551725 0
0.136364 0.613636 0.25
0.482759 0.241379 0.275862
0.639937 0.000100729 0.359962
9.98955e-05 0.9999 0
0.370374 0.629626 0
0.51724 0.48276 0
0.107133 0.892867 0
0.407406 0.185185 0.40741
0.766666 0.233334 0
0.000103415 0.655105 0.344792
0.0344925 0.689648 0.275859
9.86645e-05 9.76692e-05 0.999804
0.25 0.5 0.25
0.712785 0.0356412 0.251574
0.0689654 0.310343 0.620691
0.000102143 0.749898 0.25
0.00010314 0.346135 0.653761
0.551713 0.103451 0.344836
0.066641 0.0333118 0.900047
0.214279 0.142853 0.642868
0.571435 0.428565 0
0.689666 0.310334 0
0.0681028 0.250887 0.68101
0.000101175 0.60708 0.392818
0.749898 0.000101992 0.25
0.172414 0.827586 0
0.310344 0.689656 0
0.827586 0.172414 0
0.137923 0.0689613 0.793116
0.200003 0.799997 0
9.97671e-05 0.0666671 0.933233
0.933333 0.0666667 0
0.250002 0.214281 0.535717
0.0666671 0.933333 0
0.206891 0.0689636 0.724145
0.275874 0.0344838 0.689642
0.134187 0.396853 0.46896
0.502387 0.0669912 0.430622
0.137931 0.275864 0.586205
0.535719 0.214281 0.25
0.000100362 0.46424 0.53566
0.285717 0.428575 0.285708
0.172413 0.517242 0.310345
0.333332 0.33333 0.333338
0.0669835 0.502393 0.430623
0.103447 0.137931 0.758621
0.730766 0.269234 0
0.34496 0.13791 0.51713
0.344831 0.275861 0.379308
0.44828 0.206889 0.344831
0.4 0.6 0
0.620691 0.0689629 0.310346
0.000103343 0.275832 0.724065
0.207241 0.413617 0.379142
0.172414 0.206895 0.620692
