0.203444 0.524382 0.272174
0.0556852 0.128656 0.815658
0.114715 0.267769 0.617515
0.372043 0.1711 0.456857
0.567487 0.108467 0.324046
0.198833 0.0473721 0.753795
0.100531 0.0250281 0.874441
0.434899 0.147283 0.417818
0.0267342 0.179803 0.793463
0.494348 0.0612954 0.444356
0.572445 0.427555 0
0.645422 0.104169 0.250409
0.280194 0.265293 0.454512
0.12162 1.16974e-05 0.878368
0.0917447 0.448387 0.459868
0.0317538 0.274433 0.693813
0.551441 0.069101 0.379458
0.379428 0.620572 0
0.0316831 0.0626098 0.905707
0.344914 0.201995 0.45309
0.408719 0.137335 0.453945
0.1377 0.0341445 0.828155
0.0677628 0.206229 0.726008
2.99087e-06 0.654523 0.345474
0.35846 0.0637826 0.577757
0.689992 0.310008 0
0.271346 0.0675536 0.661101
0.142016 0.429256 0.428728
0.626203 0.0659575 0.307839
0.748486 6.61019e-05 0.251448
0.59854 6.53656e-05 0.401395
0.189051 0.541218 0.269731
0.21942 0.304111 0.476469
0.0611315 4.67878e-06 0.938864
0.893175 0.106825 0
0.0343143 0.100356 0.865329
0.484553 0.175017 0.34043
0.033219 0.524701 0.44208
0.357366 0.642634 0
0.609265 0.390735 0
6.51907e-06 0.254128 0.745865
0.10649 0.89351 0
0.965659 0.0343412 0
0.613298 0.135366 0.251336
0.48283 0.51717 0
0.391897 0.357743 0.250361
0.690784 0.0345972 0.274619
2.5652e-05 0.999974 0
7.6684e-05 8.24086e-05 0.999841
0.333328 0.333342 0.33333
0.9999 9.96518e-05 0
0.101096 0.333478 0.565426
0.517178 5.64802e-05 0.482765
0.0355353 0.713125 0.25134
0.123664 0.175267 0.701069
6.18802e-05 0.147344 0.852594
0.760045 0.239955 0
0.232633 0.767367 0
0.455521 4.97468e-05 0.544429
0.269071 2.69808e-05 0.730902
6.79913e-05 0.345529 0.654403
0.307405 0.31206 0.380535
0.000101668 0.516673 0.483225
0.256841 0.485402 0.257757
0.22063 0.14044 0.63893
0.377816 3.78851e-05 0.622146
0.132339 0.370336 0.497325
0.250135 0.214875 0.53499
0.827225 0.172775 0
0.483039 0.100866 0.416095
0.0712327 0.544742 0.384026
0.0644356 0.409079 0.526485
0.364361 0.250084 0.385555
0.423401 0.576599 0
0.551804 0.448196 0
0.0663726 0.306651 0.626976
0.300345 0.699655 0
0.210703 0.450416 0.338881
0.196245 0.803755 0
0.103813 0.103866 0.792321
0.546265 0.104411 0.349324
0.932629 0.0673709 0
0.0655166 0.934483 0
0.0959633 0.247415 0.656621
0.206517 2.06561e-05 0.793463
0.238837 0.353795 0.407368
0.28843 0.0309284 0.680641
0.0875742 0.601246 0.31118
0.309995 0.439247 0.250758
0.168037 0.236783 0.595181
0.294898 0.166412 0.53869
0.730058 0.269942 0
0.0291732 0.408935 0.561892
0.312237 0.243406 0.444356
0.168316 0.0817172 0.749966
0.626299 0.373701 0
0.532494 0.467506 0
0.388775 0.272345 0.338881
0.026325 0.668367 0.305308
0.409367 0.0662384 0.524395
