0.0333229 2.11806e-05 0.966656
0.137926 0.241373 0.620701
0.103447 0.448285 0.448268
0.241379 0.48276 0.275861
0.310342 0.379316 0.310342
0.300004 0.699996 0
0.241379 0.413796 0.344825
0.206894 0.379312 0.413795
0.137929 0.379311 0.48276
0.65524 0.0689519 0.275808
0.433329 0.566671 0
0.233334 0.766666 0
0.966669 0.0333311 0
0.033333 0.966667 0
0.73333 0.26667 0
0.275859 0.172414 0.551727
0.310345 0.275862 0.413793
0.0689662 0.655169 0.275865
0.0344807 0.379334 0.586185
9.31406e-05 0.0999905 0.899916
0.103456 0.586178 0.310367
0.299191 0.105122 0.595687
0.586193 0.103452 0.310355
0.653773 0.000103211 0.346124
0.392856 0.25 0.357143
0.000101474 0.357092 0.642806
0.892862 0.107138 0
0.0689619 0.206899 0.724139
0.392858 0.607142 0
0.392856 0.357144 0.25
0.142858 0.857142 0
0.0342788 0.143033 0.822688
0.269231 0.730769 0
0.166675 0.0333349 0.79999
0.0666716 0.933328 0
0.712789 0.0356356 0.251575
0.749898 0.000102189 0.25
0.239999 0.239999 0.520002
9.9829e-05 0.9999 0
9.92091e-05 9.67425e-05 0.999804
0.433274 9.99863e-05 0.566626
9.99245e-05 0.299965 0.699935
0.8 0.2 0
0.100001 0.899999 0
0.9999 9.99335e-05 0
0.0357159 0.714284 0.25
9.94428e-05 0.733272 0.266629
0.517187 0.000103412 0.482709
0.137915 0.000103435 0.861982
0.333334 0.333334 0.333333
0.51724 0.48276 0
0.185172 0.0741424 0.740686
0.214286 0.535714 0.25
0.42857 0.142861 0.428568
0.346116 0.000103171 0.65378
0.105561 0.261068 0.633371
0.0669931 0.43061 0.502397
0.607141 0.392859 0
0.642858 0.357142 0
0.545455 0.204545 0.25
0.000103415 0.482709 0.517188
0.259073 0.444557 0.29637
0.38845 0.0679505 0.5436
0.137929 0.48276 0.37931
0.137932 0.172416 0.689652
0.000100975 0.629564 0.370335
0.200004 0.799996 0
0.833333 0.166667 0
0.576922 0.423078 0
0.321428 0.428572 0.25
0.214282 0.321428 0.46429
0.0689671 0.51724 0.413792
0.066668 0.033334 0.899998
0.461538 0.538462 0
0.538119 0.0672645 0.394616
0.7 0.3 0
0.482759 0.241379 0.275862
0.333333 0.666667 0
0.241363 0.000103285 0.758534
0.321431 0.214279 0.46429
0.178543 0.464302 0.357155
0.487933 0.174259 0.337808
0.933329 0.0666713 0
0.000103393 0.206877 0.79302
0.206895 0.206895 0.58621
0.448275 0.0689655 0.48276
0.103424 0.344982 0.551594
0.136359 0.613641 0.25
0.613637 0.136363 0.25
0.766669 0.233331 0
0.464291 0.285709 0.25
0.241378 0.103448 0.655175
0.275861 0.344829 0.37931
0.147728 0.40909 0.443182
0.103447 0.103447 0.793106
0.344829 0.137929 0.517242
9.99457e-05 0.566608 0.433292
0.275862 0.0344825 0.689656
0.586146 0.000103432 0.413751
0.172414 0.275859 0.551727
