7.99514e-05 0.0333192 0.966601
0.241368 0.13792 0.620712
0.241378 0.48276 0.275861
0.448268 0.103428 0.448303
0.379312 0.31034 0.310348
0.482758 0.24138 0.275862
0.699999 0.300001 0
0.379314 0.206889 0.413797
0.379309 0.137926 0.482765
0.482765 0.137928 0.379307
0.2 0.8 0
0.392873 0.607127 0
0.566668 0.433332 0
0.766664 0.233336 0
0.966671 0.0333287 0
0.266666 0.733334 0
0.172416 0.27585 0.551734
0.275842 0.310355 0.413802
0.0689476 0.655243 0.275809
0.250003 0.392848 0.357148
0.379468 0.0344691 0.586063
0.655174 0.0689644 0.275862
0.0999898 9.99749e-05 0.89991
0.260871 0.105591 0.633538
0.444438 0.259255 0.296307
0.413796 0.241381 0.344823
0.585775 0.103556 0.310669
0.000103369 0.137919 0.861977
0.482766 0.517234 0
0.142868 0.428575 0.428557
0.799999 0.200001 0
0.409083 0.147734 0.443183
0.103447 0.241377 0.655176
0.357148 0.642852 0
0.629566 0.000100885 0.370333
0.00010319 0.653776 0.346121
0.105074 0.299514 0.595412
0.240001 0.240001 0.519997
9.92668e-05 0.999901 0
0.357159 0.392841 0.25
0.482708 0.0001033 0.517188
0.233327 0.766673 0
0.0740787 0.185192 0.740729
0.333333 0.333333 0.333333
0.10345 0.586201 0.310348
0.143077 0.0342761 0.822647
0.607138 0.392862 0
9.6185e-05 6.50075e-05 0.999839
0.535716 0.214284 0.25
0.538454 0.461546 0
0.107142 0.892858 0
0.0356488 0.712784 0.251567
0.730776 0.269224 0
0.714288 0.0357116 0.25
0.174256 0.487928 0.337816
0.299975 9.9853e-05 0.699925
0.285668 0.464332 0.25
0.9999 9.99564e-05 0
0.000102946 0.346133 0.653764
0.000103274 0.586146 0.41375
0.733271 9.99231e-05 0.266629
0.172417 0.137931 0.689652
0.000103397 0.517181 0.482715
0.0679408 0.388541 0.543518
0.517311 0.0689535 0.413736
0.166666 0.833334 0
0.423076 0.576924 0
0.321436 0.214267 0.464297
0.3 0.7 0
0.666666 0.333334 0
0.0666666 0.933333 0
0.204545 0.545455 0.25
0.000103159 0.241366 0.758531
0.0333335 0.966666 0
0.000102221 0.749898 0.25
0.21429 0.321414 0.464295
0.0344823 0.275862 0.689655
0.0672579 0.53807 0.394672
0.344839 0.103446 0.551716
0.206882 0.000103339 0.793015
0.428572 0.321428 0.25
0.206898 0.206898 0.586205
0.033334 0.0666685 0.899998
0.103446 0.103446 0.793109
0.464317 0.178515 0.357169
9.99989e-05 0.433219 0.566681
0.613633 0.136367 0.25
0.136359 0.613641 0.25
0.933333 0.0666668 0
0.344832 0.275861 0.379307
0.13793 0.344816 0.517254
0.206888 0.0689659 0.724146
0.566609 9.98937e-05 0.433292
0.357105 0.000101458 0.642793
0.899999 0.100001 0
0.0333338 0.16667 0.799996
0.275865 0.172392 0.551742
0.43062 0.066986 0.502394
0.857136 0.142864 0
0.0689215 0.448298 0.48278
