0.231632 0.134136 0.634232
6.60069e-05 0.66673 0.333204
9.68558e-05 0.296497 0.703406
0.200005 0.799995 0
0.80001 0.19999 0
0.310356 0.379171 0.310472
0.310344 0.310344 0.379312
0.866681 0.133319 0
0.137971 0.862029 0
0.519963 0.480037 0
0.16666 3.78153e-05 0.833302
0.269283 0.730717 0
0.730735 0.269265 0
0.241333 0.482848 0.275819
0.0333046 0.966695 0
0.41393 0.10342 0.48265
0.655307 9.33522e-05 0.3446
0.275175 0.172223 0.552603
0.551824 0.448176 0
0.410649 0.290712 0.298639
0.000103173 0.103433 0.896464
0.168393 0.124705 0.706903
0.321387 0.428613 0.25
0.241833 0.0689283 0.689239
0.0333343 0.29996 0.666706
0.0689662 0.344828 0.586206
0.240004 0.240004 0.519992
0.966666 0.0333343 0
0.749898 0.000101817 0.25
9.84793e-05 0.615412 0.384489
0.444354 0.148118 0.407528
0.107144 0.892856 0
9.89911e-05 0.999901 0
0.214266 0.000102424 0.785632
0.517186 0.000103385 0.48271
0.239928 0.760072 0
0.9999 9.99116e-05 0
0.517264 0.103408 0.379328
0.142857 0.428571 0.428571
0.346119 0.000103156 0.653778
0.307301 0.103905 0.588793
0.333329 0.333329 0.333342
0.89287 0.10713 0
9.48203e-05 5.59531e-05 0.999849
0.321431 0.214272 0.464297
0.103456 0.586206 0.310338
0.00010335 0.482721 0.517176
0.107296 0.0343347 0.858369
0.586112 0.10349 0.310398
0.629628 0.370372 0
0.689728 0.0344855 0.275787
9.98449e-05 0.233315 0.766585
0.760219 0.239781 0
0.204219 0.544523 0.251258
0.206881 0.172423 0.620696
9.93897e-05 0.73327 0.266631
0.607135 9.21848e-05 0.392772
0.0689654 0.206895 0.724139
0.429227 0.0335575 0.537215
0.17245 0.82755 0
0.82757 0.17243 0
0.689669 0.310331 0
0.0683434 0.521505 0.410152
0.142858 0.214287 0.642855
0.241956 0.379025 0.379019
0.0689647 0.13793 0.793106
0.310289 0.689711 0
0.000103158 0.379265 0.620632
0.178124 0.323151 0.498725
0.400078 0.599922 0
0.428567 0.571433 0
0.613652 0.136348 0.25
0.0666737 0.933326 0
0.933332 0.0666676 0
0.502668 0.0667882 0.430543
0.366566 0.633434 0
0.213902 0.465157 0.320941
0.482524 0.172677 0.344799
0.39288 8.79152e-05 0.607032
0.0357189 0.714281 0.25
0.0666636 4.40505e-05 0.933292
0.345652 0.138287 0.516061
0.136359 0.613641 0.25
0.482759 0.517241 0
0.0333718 0.501086 0.465542
0.137924 0.103434 0.758642
0.551819 0.172261 0.275919
0.103453 0.3793 0.517248
0.285714 0.285714 0.428571
0.392864 0.357136 0.25
9.98105e-05 0.166658 0.833242
0.206415 0.344323 0.449262
0.137864 0.27593 0.586206
0.50001 0.24999 0.25
0.137961 0.517166 0.344873
0.379315 0.24137 0.379314
0.0689679 0.65517 0.275862
0.0344832 0.413785 0.551732
0.275831 0.000103201 0.724066
0.599998 0.400002 0
