0.482872 0.137869 0.379259
0.200003 0.799997 0
0.275891 0.172339 0.551769
0.137907 0.482834 0.379259
0.133335 0.866665 0
0.275853 0.379319 0.344828
0.480044 0.519956 0
0.000102729 0.41375 0.586147
0.517243 0.172414 0.310344
9.84036e-05 0.16665 0.833251
0.344831 0.0689517 0.586217
0.269233 0.730767 0
0.172389 0.37932 0.448291
0.586116 0.000102369 0.413782
0.0333331 0.966667 0
0.00010333 0.655105 0.344792
0.413844 0.275915 0.31024
0.607085 0.142915 0.25
0.89286 0.10714 0
0.34492 0.206763 0.448317
0.107141 0.892859 0
0.187181 0.299472 0.513347
0.379233 0.000103207 0.620664
0.034337 0.107296 0.858367
0.517188 0.000103418 0.482709
0.448274 0.551726 0
0.310344 0.689656 0
0.0689167 0.379726 0.551358
0.370381 0.629619 0
0.000101029 0.607065 0.392834
0.392857 0.357143 0.25
0.27355 0.25427 0.47218
0.311675 0.108684 0.579641
0.0001034 0.517188 0.482709
0.103435 0.586217 0.310348
0.137922 0.344822 0.517256
0.124118 0.175175 0.700707
0.6 0.4 0
0.551725 0.103446 0.344828
7.79465e-05 9.01805e-05 0.999832
9.96695e-05 0.9999 0
0.333327 0.333329 0.333344
0.241354 0.000102302 0.758544
0.71279 0.0356407 0.251569
0.148143 0.444444 0.407413
0.9999 9.9928e-05 0
3.96475e-05 0.06666 0.9333
0.239973 0.760027 0
0.000102321 0.214291 0.785607
0.0689639 0.310345 0.620691
0.517243 0.482757 0
0.448278 0.206892 0.34483
0.866646 0.133354 0
0.766681 0.233319 0
0.639939 0.000100632 0.35996
0.345528 0.137785 0.516686
0.629624 0.370376 0
0.214258 0.142838 0.642904
0.000103179 0.346123 0.653774
0.137935 0.000102831 0.861963
0.407412 0.185165 0.407423
0.0344844 0.689654 0.275862
0.249999 0.500001 0.25
0.000101991 0.749898 0.25
0.689656 0.310344 0
0.172416 0.827584 0
0.100339 0.39796 0.501701
0.749898 0.000102224 0.25
0.43202 0.0668182 0.501161
0.827584 0.172416 0
0.0683207 0.248545 0.683134
0.137943 0.0689651 0.793092
0.000103178 0.275827 0.724069
0.966679 0.0333214 0
0.206898 0.413794 0.379309
0.136374 0.613626 0.25
0.571427 0.428573 0
0.0666675 0.933332 0
0.933333 0.0666675 0
0.249985 0.21426 0.535755
9.97707e-05 0.464244 0.535656
0.502409 0.0669579 0.430633
0.137931 0.275864 0.586206
0.275878 0.0344758 0.689646
0.535709 0.214291 0.25
0.28572 0.42858 0.285701
0.241362 0.344856 0.413782
0.172419 0.517225 0.310355
0.0669855 0.502377 0.430638
0.344878 0.275841 0.379281
0.482755 0.241384 0.275861
0.103449 0.137928 0.758623
0.0666591 0.0333274 0.900013
0.620713 0.0689291 0.310358
0.448258 9.62085e-05 0.551645
0.730766 0.269234 0
0.4 0.6 0
0.172411 0.206894 0.620695
0.206896 0.0689655 0.724138
0.413769 0.137923 0.448308
