0.199998 0.800002 0
0.517242 0.103448 0.37931
0.310345 0.310345 0.37931
0.275863 0.172409 0.551728
0.206886 0.379315 0.413799
0.448282 0.241376 0.310342
0.172414 0.103446 0.72414
0.133339 0.866661 0
0.866664 0.133336 0
0.137929 0.241381 0.62069
0.8 0.2 0
0.400001 0.599999 0
0.519997 0.480003 0
0.269231 0.730769 0
0.730769 0.269231 0
0.137928 0.448277 0.413794
0.966674 0.0333256 0
0.0333327 0.966667 0
0.655105 0.000103428 0.344792
0.432222 0.100199 0.46758
0.000103401 0.551666 0.448231
0.500446 0.0667173 0.432837
0.315791 0.434209 0.25
0.749898 0.000102229 0.25
0.586196 0.103451 0.310353
0.310252 0.103462 0.586285
0.105537 0.261236 0.633227
0.166671 0.0333339 0.799995
0.444439 0.148146 0.407414
0.137916 0.000103353 0.86198
0.107144 0.892856 0
0.14773 0.409086 0.443184
0.892857 0.107143 0
0.000102344 0.615324 0.384573
0.629629 0.370371 0
0.239998 0.239998 0.520004
9.98371e-05 0.0999927 0.899907
9.98313e-05 0.733261 0.266639
0.000103431 0.482709 0.517188
0.407586 0.295995 0.296419
9.17117e-05 9.89104e-05 0.999809
0.517186 0.000103409 0.482711
0.172417 0.827583 0
0.0357123 0.714288 0.25
0.0689647 0.517242 0.413793
0.9999 9.99682e-05 0
0.482758 0.517242 0
0.551722 0.448278 0
0.333334 0.333334 0.333333
0.0689647 0.206895 0.72414
0.275863 0.413793 0.310345
0.18507 0.0746627 0.740268
0.136361 0.613639 0.25
0.103452 0.344826 0.551722
0.760001 0.239999 0
0.346125 0.000103173 0.653772
0.310345 0.689655 0
0.366667 0.633333 0
0.275862 0.0344821 0.689656
0.24 0.76 0
0.103445 0.551738 0.344818
0.424909 0.0338114 0.54128
0.689671 0.0344811 0.275848
9.99945e-05 0.299942 0.699958
0.066666 0.933334 0
0.204199 0.544497 0.251304
0.241379 0.137931 0.62069
0.5 0.25 0.25
0.321429 0.214286 0.464286
0.607081 0.000101122 0.392818
0.178563 0.321462 0.499975
0.137931 0.172413 0.689656
0.0342779 0.143068 0.822654
0.827582 0.172418 0
0.689656 0.310344 0
0.206896 0.448276 0.344827
0.241355 0.000103337 0.758541
0.17241 0.517244 0.310346
0.428573 0.571427 0
9.99303e-05 0.9999 0
0.613634 0.136366 0.25
0.933332 0.0666682 0
0.000103303 0.206876 0.79302
0.103448 0.103448 0.793104
0.482762 0.172413 0.344825
0.25 0.357144 0.392856
0.0666647 0.0333323 0.900003
0.206897 0.206897 0.586206
0.344829 0.137931 0.51724
0.0344789 0.655175 0.310346
0.241385 0.482746 0.275869
0.275862 0.275862 0.448276
0.392855 0.357145 0.25
0.379307 0.241381 0.379313
0.000101457 0.357107 0.642791
0.551723 0.172414 0.275862
0.392818 0.000101169 0.607081
0.0344689 0.379557 0.585974
0.6 0.4 0
0.0669857 0.430621 0.502393
