0.206895 0.413794 0.379311
0.639996 0.360004 0
0.133332 0.866668 0
0.275833 0.0001034 0.724063
0.241378 0.482761 0.275861
0.482759 0.241379 0.275862
0.310345 0.310345 0.37931
0.379291 0.17241 0.448299
0.699999 0.300001 0
0.413796 0.0344755 0.551728
0.392861 0.607139 0
9.96903e-05 0.166654 0.833247
0.0686794 0.656603 0.274718
0.56667 0.43333 0
0.0333322 0.966668 0
0.966666 0.0333336 0
0.448278 0.0689612 0.482761
0.266665 0.733335 0
0.413798 0.310342 0.27586
0.30001 0.0333342 0.666656
0.61364 0.13636 0.25
0.933333 0.066667 0
0.357141 0.392859 0.25
0.310342 0.206903 0.482755
0.000102404 0.214263 0.785635
0.000103215 0.653774 0.346123
0.107144 0.892856 0
0.0672633 0.538117 0.39462
0.607144 0.392856 0
0.142863 0.428569 0.428569
0.423077 0.576923 0
9.98965e-05 0.433292 0.566608
0.5862 0.103449 0.310351
0.857143 0.142857 0
0.379327 0.103411 0.517262
0.240005 0.240005 0.51999
0.000103427 0.517188 0.482709
0.0356402 0.712788 0.251571
0.344831 0.0689661 0.586203
0.482762 0.517238 0
9.82396e-05 7.98011e-05 0.999822
0.428572 0.142856 0.428572
0.250005 0.392846 0.357149
0.333333 0.333333 0.333335
0.206897 0.0689652 0.724138
0.730769 0.269231 0
0.0343336 0.107296 0.85837
0.9999 9.97442e-05 0
0.629566 0.000100947 0.370333
0.714292 0.0357077 0.25
0.233328 0.766672 0
0.104987 0.300075 0.594937
0.357143 0.642857 0
0.000103229 0.34611 0.653786
0.482709 0.000103323 0.517188
0.233312 9.9831e-05 0.766589
8.75342e-05 0.0666441 0.933268
0.204545 0.545455 0.25
0.103433 0.000103396 0.896464
0.068965 0.448276 0.482759
0.535715 0.214285 0.25
0.392858 0.249998 0.357144
0.733267 9.99642e-05 0.266633
0.0679556 0.388413 0.543632
0.103451 0.586197 0.310352
0.214284 0.142855 0.642861
0.800001 0.199999 0
0.137933 0.0689663 0.793101
0.166666 0.833334 0
0.200002 0.799998 0
0.53846 0.46154 0
0.300002 0.699998 0
0.136362 0.613638 0.25
0.666667 0.333333 0
0.124761 0.168256 0.706983
0.000102259 0.749898 0.25
0.137929 0.206893 0.655178
0.533356 0.0333384 0.433305
0.214281 0.321422 0.464297
0.464287 0.285713 0.25
0.379269 0.000103379 0.620627
0.0689584 0.241458 0.689584
0.174257 0.487925 0.337818
0.0666678 0.933332 0
0.285695 0.464304 0.25
0.482761 0.172406 0.344833
0.275861 0.172412 0.551728
0.103428 0.137901 0.758671
0.172422 0.241375 0.586203
0.285714 0.285714 0.428571
0.900001 0.0999991 0
0.137917 0.344836 0.517247
0.766669 0.233331 0
0.166653 9.99398e-05 0.833247
0.517241 0.103448 0.37931
0.000103402 0.275834 0.724063
0.000103431 0.586146 0.41375
0.275864 0.103445 0.62069
9.99802e-05 0.9999 0
0.655188 0.0689435 0.275869
