0.333322 0 0.666678
0.275864 0.103442 0.620694
0.800002 0.199998 0
0.86666 0.13334 0
0.133337 0.866663 0
0.13793 0.48276 0.379311
0.392858 0.607142 0
0.310345 0.310345 0.37931
0.519996 0.480004 0
0.000103397 0.413744 0.586152
9.89757e-05 0.16665 0.833251
0.344827 0.0689621 0.586211
0.730769 0.269231 0
0.000103285 0.586144 0.413753
0.413793 0.137931 0.448276
0.03333 0.96667 0
0.966666 0.0333336 0
0.357145 0.392855 0.25
0.655104 0.000103436 0.344792
0.21429 0.142857 0.642853
0.760001 0.239999 0
0.586192 0.103452 0.310356
0.138055 0.0344699 0.827475
0.266667 0.733333 0
0.444444 0.148148 0.407407
0.413821 0.31033 0.275848
0.107139 0.892861 0
0.25 0.5 0.25
0.275866 0.0344831 0.689651
0.892857 0.107143 0
0.241378 0.206898 0.551724
0.24138 0.310344 0.448276
0.749898 0.000102234 0.25
0.187167 0.299467 0.513366
0.379271 0.000103415 0.620626
0.0666689 0.933331 0
0.0343348 0.107298 0.858367
0.629629 0.370371 0
0.31198 0.108629 0.579391
0.000103425 0.517188 0.482709
0.123732 0.175253 0.701015
0.357147 0.642853 0
0.517188 0.000103417 0.482709
0.9999 9.99308e-05 0
0.321428 0.214286 0.464286
9.99626e-05 0.9999 0
0.172416 0.827584 0
0.3793 0.275864 0.344836
0.241354 0.000103208 0.758543
9.98142e-05 9.75193e-05 0.999803
0.333334 0.333334 0.333333
0.0356375 0.71279 0.251573
0.6 0.4 0
0.000100822 0.63993 0.359969
0.482759 0.517241 0
0.000102452 0.214264 0.785633
0.233326 0.766674 0
0.000103223 0.346116 0.653781
0.148149 0.444444 0.407408
0.448279 0.241377 0.310344
0.689658 0.0344824 0.27586
0.137941 0.5862 0.275859
0.5 0.25 0.25
0.0689639 0.620691 0.310345
0.206887 0.0689623 0.724151
0.551722 0.448278 0
0.28571 0.28571 0.42858
0.60707 0.000101125 0.392829
0.0689569 0.310348 0.620695
0.000102198 0.749898 0.25
0.827586 0.172414 0
0.689655 0.310345 0
0.137919 0.275925 0.586156
0.0689595 0.379365 0.551676
0.423076 0.576924 0
0.0679604 0.543703 0.388337
0.102272 0.647728 0.25
0.0681015 0.250889 0.68101
0.0999926 6.77415e-05 0.89994
0.24138 0.379309 0.379311
0.300001 0.699999 0
0.40994 0.0683231 0.521737
0.613634 0.136366 0.25
0.401217 0.234056 0.364728
0.100158 0.432437 0.467405
9.36795e-05 0.0666603 0.933246
0.103443 0.137925 0.758632
0.000100128 0.46425 0.53565
0.517241 0.172414 0.310345
0.172414 0.51724 0.310346
0.172414 0.344828 0.482758
0.502393 0.0669838 0.430624
0.275861 0.413795 0.310344
0.482758 0.137931 0.37931
0.000103434 0.275833 0.724063
0.345898 0.137706 0.516396
0.44823 0.000102972 0.551667
0.206891 0.448279 0.34483
0.933333 0.0666666 0
0.17241 0.206896 0.620693
