0.482758 0.137931 0.379311
0.199995 0.800005 0
0.275865 0.172404 0.551731
0.137623 0.483913 0.378464
0.13334 0.86666 0
0.866665 0.133335 0
0.48 0.52 0
0.000103339 0.41375 0.586147
0.517239 0.172415 0.310346
9.95612e-05 0.16665 0.833251
0.269231 0.730769 0
0.586144 0.000103311 0.413753
0.966672 0.0333283 0
0.172413 0.344827 0.48276
0.0333342 0.966666 0
0.0689654 0.310345 0.62069
0.448273 0.551727 0
0.275858 0.379313 0.344829
0.392864 0.357136 0.25
0.607129 0.142871 0.25
0.000103313 0.275834 0.724063
0.407389 0.18518 0.407431
0.0344821 0.689661 0.275857
0.344837 0.0689382 0.586224
0.107143 0.892857 0
0.448276 0.206896 0.344828
0.000103393 0.655105 0.344792
0.187166 0.29945 0.513385
0.62962 0.37038 0
0.0666628 0.0333314 0.900006
0.344828 0.206895 0.448277
0.241354 0.000103299 0.758543
0.000102206 0.749898 0.25
0.50239 0.0669916 0.430618
0.370372 0.629628 0
0.21425 0.142833 0.642917
0.103453 0.586187 0.31036
0.0689639 0.379324 0.551712
0.311633 0.108691 0.579676
0.892858 0.107142 0
0.9999 9.99301e-05 0
0.345615 0.137765 0.51662
0.379271 0.000103339 0.620626
0.103449 0.448273 0.448278
9.64689e-05 9.61791e-05 0.999807
0.000103431 0.517188 0.482709
0.517188 0.000103398 0.482709
0.000102265 0.214292 0.785605
0.249999 0.214284 0.535717
0.239998 0.760002 0
0.272874 0.254496 0.47263
0.639946 0.000100978 0.359953
0.620707 0.0689393 0.310354
9.98727e-05 0.9999 0
0.00010321 0.346119 0.653778
0.000100406 0.464246 0.535653
0.148111 0.444588 0.407301
0.123709 0.175259 0.701032
0.766669 0.233331 0
0.137926 0.275889 0.586185
0.712786 0.0356421 0.251572
0.482762 0.241381 0.275857
0.517241 0.482759 0
0.25 0.5 0.25
0.034347 0.107289 0.858364
0.0681311 0.250559 0.68131
0.551588 0.10348 0.344933
0.689665 0.310335 0
0.066988 0.502391 0.430621
0.6 0.4 0
0.000101153 0.60708 0.392819
0.172414 0.827586 0
0.310345 0.689655 0
0.749898 0.000102247 0.25
0.433211 0.066681 0.500108
0.827586 0.172414 0
0.137926 0.068963 0.793111
0.20692 0.413781 0.379299
0.136364 0.613636 0.25
0.103446 0.137926 0.758628
0.571429 0.428571 0
0.172413 0.206897 0.62069
2.01197e-05 0.0666643 0.933316
0.066665 0.933335 0
0.933337 0.0666633 0
0.275862 0.0344799 0.689658
0.344828 0.275867 0.379305
0.137913 0.000103115 0.861984
0.535712 0.214288 0.25
0.285713 0.42857 0.285717
0.241373 0.344831 0.413796
0.172413 0.517242 0.310345
0.134032 0.396901 0.469067
0.448232 0.000103184 0.551665
0.73077 0.26923 0
0.333333 0.333335 0.333332
0.4 0.6 0
0.172414 0.103447 0.724139
0.413791 0.137932 0.448277
0.413793 0.275862 0.310345
