0.275846 0.379319 0.344834
0.199995 0.800005 0
0.379338 0.310333 0.310329
0.310336 0.310347 0.379318
0.137897 0.482778 0.379325
0.133334 0.866666 0
0.866663 0.133337 0
0.482824 0.137857 0.379318
0.607116 0.392884 0
0.480012 0.519988 0
0.413715 0.000102126 0.586183
0.166673 9.9922e-05 0.833227
0.620727 0.0689098 0.310363
0.269235 0.730765 0
0.0689487 0.344549 0.586503
0.58613 0.000103034 0.413767
0.137904 0.413713 0.448383
0.966665 0.033335 0
0.0333321 0.966668 0
0.733326 0.266674 0
0.142862 0.214294 0.642843
0.344829 0.172415 0.482756
0.214287 0.321432 0.464281
0.000103337 0.137916 0.861981
0.310339 0.241363 0.448298
0.13637 0.61363 0.25
0.892858 0.107142 0
0.000103356 0.655105 0.344792
0.586186 0.137956 0.275859
0.299419 0.187303 0.513278
0.172415 0.827585 0
0.107143 0.892857 0
0.206894 0.448275 0.344831
0.000102159 0.749898 0.25
0.10732 0.034334 0.858346
0.0689772 0.137954 0.793068
0.379314 0.0689654 0.551721
0.137932 0.103445 0.758622
0.517188 0.000103327 0.482709
0.5 0.25 0.25
0.0344861 0.689656 0.275858
0.000103438 0.517188 0.482709
0.000101077 0.607082 0.392816
9.99898e-05 0.9999 0
0.206897 0.241383 0.55172
7.72919e-05 9.7961e-05 0.999825
0.639934 0.000100991 0.359965
0.428587 0.285716 0.285697
0.333325 0.333337 0.333339
0.108874 0.311917 0.57921
0.642828 0.357172 0
0.517241 0.482759 0
0.576957 0.423043 0
0.239993 0.760007 0
0.000102523 0.379271 0.620626
0.9999 9.96998e-05 0
0.148148 0.444445 0.407407
0.175247 0.123767 0.700986
0.76667 0.23333 0
0.103442 0.586211 0.310347
0.346132 0.000103194 0.653765
0.448275 0.551725 0
0.370376 0.629624 0
0.749898 0.000102202 0.25
0.310343 0.689657 0
0.827593 0.172407 0
0.250844 0.068098 0.681058
0.379303 0.241379 0.379318
0.0683328 0.409924 0.521743
0.543675 0.0680122 0.388313
0.233977 0.401225 0.364799
0.0666572 6.56905e-05 0.933277
0.0666673 0.933333 0
0.933333 0.0666666 0
0.275837 0.000103428 0.72406
0.0344605 0.275874 0.689666
0.647725 0.102275 0.25
0.464316 0.000100149 0.535584
0.172413 0.51724 0.310348
0.357145 0.392855 0.25
0.27583 0.137915 0.586256
0.699954 0.300046 0
0.399999 0.600001 0
0.517248 0.172405 0.310348
0.25 0.5 0.25
0.0669805 0.502384 0.430636
0.444453 0.148141 0.407406
0.285682 0.285692 0.428626
0.712789 0.035638 0.251573
0.20688 0.172416 0.620704
0.214284 0.000102429 0.785613
0.0333275 0.0666369 0.900036
0.431869 0.100266 0.467865
0.275817 0.448346 0.275837
0.000103374 0.241354 0.758542
0.137487 0.346965 0.515547
0.000103292 0.448242 0.551655
0.448284 0.206883 0.344833
0.103448 0.172412 0.72414
0.310337 0.0689435 0.620719
