0.229949 0.17404 0.596011
0.290134 0.709866 0
0.487413 0.105217 0.40737
0.202055 0.0911467 0.706799
0.465083 8.34949e-05 0.534834
0.133963 0.0336226 0.832415
0.499503 0.500497 0
0.380076 0.619924 0
0.201544 0.387591 0.410865
0.18831 0.304403 0.507288
0.0609566 0.457232 0.481812
0.569197 0.430803 0
0.45675 0.0540503 0.4892
0.489542 0.187539 0.322919
0.242885 0.129012 0.628104
0.252858 0.747142 0
0.318828 0.168547 0.512626
5.68934e-05 0.373856 0.626087
0.207178 0.22195 0.570872
0.551594 0.448406 0
0.0713404 0.0713418 0.857318
4.53371e-05 0.236718 0.763237
0.840476 0.159524 0
0.0695553 0.349089 0.581356
0.171633 0.277532 0.550835
6.15753e-05 0.1847 0.815238
0.500117 0.249767 0.250116
0.21452 4.2395e-05 0.785438
0.748397 6.82708e-05 0.251534
0.107218 0.892782 0
0.0660592 0.621198 0.312742
0.148228 0.444402 0.40737
0.382099 0.171583 0.446318
0.357392 0.642608 0
0.413776 0.586224 0
0.892858 0.107142 0
0.239976 0.239985 0.520039
0.58339 0.103868 0.312742
0.517157 9.28436e-05 0.48275
0.68975 0.034486 0.275764
0.999905 9.46221e-05 0
0.136834 0.58939 0.273776
0.482788 0.517212 0
0.425675 0.271674 0.302651
9.27984e-05 0.999907 0
0.0970844 0.279886 0.623029
9.06405e-05 0.653455 0.346455
0.0356105 0.712767 0.251623
9.86181e-05 9.76403e-05 0.999804
0.335196 0.067467 0.597337
0.390969 0.357496 0.251534
0.38078 0.102269 0.516951
0.249874 0.500044 0.250082
0.333328 0.333336 0.333336
0.168478 0.124724 0.706799
0.76025 0.23975 0
0.233316 0.766684 0
0.629579 0.370421 0
9.90284e-05 0.517055 0.482846
0.0977628 0.469017 0.433221
8.20215e-05 0.319896 0.680022
0.346156 8.42114e-05 0.65376
0.142023 0.214186 0.643791
0.266981 0.100515 0.632504
0.605385 8.19625e-06 0.394607
6.4049e-05 0.443361 0.556575
0.374161 0.238796 0.387043
0.445148 0.146255 0.408598
0.649003 6.14158e-05 0.350936
0.137588 0.516807 0.345604
0.0686899 0.547431 0.383879
0.103684 0.379365 0.516951
0.709022 0.290978 0
0.308989 0.691011 0
0.0340453 0.241627 0.724328
9.60222e-05 0.749456 0.250448
0.173417 0.374255 0.452328
0.613455 0.136427 0.250118
0.431524 0.000104979 0.568371
8.86828e-05 0.582749 0.417162
0.0669834 0.933017 0
0.271399 0.173212 0.55539
0.101145 6.66714e-05 0.898788
0.2756 7.26359e-05 0.724328
0.520342 0.479658 0
0.20307 0.430707 0.366223
0.964045 0.035955 0
0.134708 0.0893006 0.775992
0.441805 0.21019 0.348004
0.285622 0.287727 0.426651
0.241795 0.0707452 0.687459
0.0332852 0.0329551 0.93376
0.064547 0.171613 0.76384
0.31595 0.417729 0.266321
0.801778 0.198222 0
0.032938 0.132509 0.834553
0.0331335 0.966867 0
0.503319 0.0664614 0.430219
0.273748 0.349724 0.376528
0.165794 9.19006e-05 0.834115
