0.462593 0.0201953 0.517212
0.204208 0.0475911 0.748201
0.031311 0.451477 0.517212
0.659107 0.0325139 0.30838
0.0267436 0.0267427 0.946514
0.299991 0.0653956 0.634613
0.31433 0.425631 0.260039
0.0325983 0.276902 0.690499
0.205547 0.219696 0.574757
1.95035e-05 0.199401 0.80058
0.553756 0.0321162 0.414128
0.0236917 0.976308 0
0.138029 0.457741 0.40423
0.643186 0.104798 0.252017
0.243758 0.33723 0.419013
0.329471 0.670529 1.55431e-15
0.0297473 0.555614 0.414639
0.266013 0.733987 0
0.50942 0.236446 0.254134
0.32165 0.214015 0.464335
0.749825 7.40776e-05 0.250101
0.0678014 0.358228 0.573971
0.240003 0.759997 0
0.140987 0.508183 0.350829
0.000102137 0.482686 0.517212
0.36396 0.63604 2.66454e-15
0.139418 0.610483 0.250099
4.87133e-06 0.100226 0.899769
0.106977 0.893023 0
0.0334547 0.510525 0.45602
0.431923 7.09297e-05 0.568006
0.892925 0.107075 0
6.02171e-05 0.61565 0.38429
0.524008 0.101525 0.374467
0.0343036 0.142292 0.823404
0.629387 0.370613 0
0.7322 0.2678 0
0.552777 0.447223 0
0.237533 0.48279 0.279677
0.240675 0.239332 0.519994
0.140019 0.0889468 0.771035
0.148567 0.407854 0.443579
0.863606 0.136394 0
0.482844 0.517156 0
0.333299 0.333288 0.333413
0.271175 0.0325359 0.696289
8.90769e-05 8.29418e-06 0.999903
9.7801e-05 0.999902 0
0.999901 9.87835e-05 0
0.138315 9.56453e-05 0.861589
0.517062 8.49111e-05 0.482853
0.185072 0.0746758 0.740253
0.0356679 0.714233 0.250099
0.253432 0.426294 0.320275
0.760053 0.239947 0
8.78923e-05 0.299787 0.700125
0.541358 0.208543 0.250099
0.577109 0.069242 0.353649
0.469587 0.0613393 0.469074
0.358438 0.391474 0.250088
0.34615 6.55551e-05 0.653785
0.44372 0.147758 0.408522
0.204232 0.544492 0.251276
0.435933 0.279503 0.284564
0.13893 0.32328 0.537789
0.387116 0.0692175 0.543667
0.172389 0.827611 0
0.826503 0.173497 0
0.169568 0.340479 0.489954
0.690901 0.309099 0
0.211958 0.138003 0.650039
0.690076 0.034504 0.27542
0.298425 0.701575 0
0.241403 4.486e-05 0.758552
0.428229 0.571771 0
0.0676388 0.205928 0.726433
0.104691 0.260585 0.634724
0.608993 0.139457 0.251549
0.609348 3.90807e-05 0.390613
0.299332 0.105962 0.594706
0.934721 0.0652793 0
4.21311e-05 0.379148 0.62081
0.262351 0.174023 0.563625
0.0617338 0.938266 0
0.066188 0.0308217 0.90299
0.239959 0.102474 0.657568
0.179926 0.199018 0.621056
0.0661751 0.601165 0.33266
0.482851 0.172637 0.344512
0.312798 0.348363 0.338839
0.285174 0.304219 0.410607
9.29857e-05 0.233716 0.766191
0.359563 0.244437 0.396
0.365973 0.37429 0.259737
0.363102 0.135727 0.501172
0.207354 0.408356 0.38429
0.0713902 0.429078 0.499532
0.159305 0.0333507 0.807344
8.112e-05 0.730017 0.269902
0.5832 0.4168 0
