0.000101983 0.379253 0.620645
0.103444 0.448275 0.448281
0.103335 0.379421 0.517244
0.799998 0.200002 0
0.241378 0.482763 0.275859
0.300001 0.699999 0
0.206894 0.379311 0.413794
0.86666 0.13334 0
0.137909 0.482771 0.37932
0.6 0.4 0
0.137922 0.241382 0.620696
0.551732 0.068952 0.379316
0.379312 0.137928 0.48276
0.310343 0.379313 0.310344
0.730765 0.269235 0
0.433333 0.566667 0
0.966667 0.0333333 0
0.413793 0.275862 0.310345
0.241383 0.137928 0.620689
0.73326 9.99861e-05 0.26664
0.0666764 0.933324 0
9.99858e-05 0.73326 0.26664
0.507948 0.140586 0.351466
0.464287 0.25 0.285713
0.105587 0.260892 0.633521
0.260868 0.105593 0.633539
0.178556 0.000102645 0.821342
0.482709 0.000103405 0.517188
0.409078 0.147736 0.443185
0.147728 0.409086 0.443185
0.633339 0.366661 0
0.892856 0.107144 0
0.615326 0.00010254 0.384571
0.068965 0.206902 0.724133
0.000103407 0.482709 0.517188
0.9999 9.99753e-05 0
0.000100994 0.629572 0.370327
9.99568e-05 0.9999 0
0.0685829 0.349107 0.58231
0.392858 0.607142 0
8.91696e-05 8.79241e-05 0.999823
0.310314 0.000103401 0.689582
0.233332 0.766668 0
0.00010194 0.319964 0.679934
9.99908e-05 0.233312 0.766588
0.000102478 0.178556 0.821342
0.0344742 0.0692088 0.896317
0.714283 0.0357168 0.25
0.579547 0.170453 0.25
0.142856 0.857144 0
0.240001 0.240001 0.519997
0.178562 0.464293 0.357145
0.125 0.125 0.749999
0.392855 0.357145 0.25
0.269227 0.730773 0
0.259025 0.444588 0.296387
0.76 0.24 0
0.10345 0.586201 0.31035
0.214285 0.535715 0.25
0.333335 0.333335 0.33333
0.517241 0.482759 0
0.306382 0.272346 0.421272
0.136364 0.613636 0.25
0.385994 0.0341115 0.579895
0.827583 0.172417 0
0.2 0.8 0
0.610757 0.101822 0.28742
0.689656 0.310344 0
0.321428 0.428571 0.25
0.103445 0.0344804 0.862075
0.0689615 0.517266 0.413772
0.000100006 0.42855 0.57135
0.461539 0.538461 0
0.333333 0.666667 0
0.0357182 0.714282 0.25
0.57143 0.42857 0
0.310349 0.172413 0.517238
0.544504 0.204193 0.251303
0.103448 0.103448 0.793105
0.206902 0.068965 0.724133
0.392864 0.214273 0.392863
0.178567 0.321424 0.500009
0.933335 0.0666652 0
0.206899 0.206899 0.586202
0.249997 0.35714 0.392863
0.0333309 0.966669 0
0.172411 0.172411 0.655178
0.65519 0.0344548 0.310355
0.345 0.10342 0.55158
9.98952e-05 0.56661 0.43329
0.533337 0.0333323 0.433331
0.0666424 2.9635e-05 0.933328
0.233312 9.98671e-05 0.766588
0.0689641 0.655177 0.275859
0.100003 0.899997 0
0.466028 0.0667471 0.467224
0.0667329 0.433093 0.500174
9.82188e-05 0.133313 0.866588
0.287832 0.24443 0.467738
0.357094 0.000101415 0.642805
