0.275863 0.379309 0.344828
0.310345 0.24138 0.448275
0.103441 0.275864 0.620695
0.866665 0.133335 0
0.482762 0.137924 0.379313
0.60714 0.39286 0
0.48 0.52 0
0.133346 0.866654 0
0.41375 0.000103416 0.586146
0.241378 0.44828 0.310343
0.269231 0.730769 0
0.0689478 0.344834 0.586218
0.137931 0.413794 0.448275
0.0333311 0.966669 0
0.733332 0.266668 0
0.137932 0.482756 0.379312
0.379337 0.0689625 0.5517
0.214281 0.321422 0.464297
0.586207 0.137931 0.275863
0.827586 0.172414 0
0.000103382 0.137909 0.861988
0.346117 0.000103205 0.65378
0.586144 0.000103396 0.413753
0.000103428 0.379271 0.620626
0.892858 0.107142 0
0.639942 0.000100986 0.359957
0.642857 0.357143 0
0.285715 0.285714 0.428571
0.107144 0.892856 0
0.000102191 0.749898 0.25
0.299463 0.187163 0.513374
0.310341 0.413796 0.275863
0.107292 0.0343345 0.858374
0.37037 0.62963 0
0.142856 0.214284 0.642861
0.0344811 0.689656 0.275863
0.13793 0.103449 0.758621
0.310345 0.310344 0.379311
9.3827e-05 8.06267e-05 0.999826
0.333333 0.333332 0.333334
0.712787 0.03564 0.251573
0.108806 0.311916 0.579278
0.517188 0.000103427 0.482709
0.000103303 0.517188 0.482709
0.9999 9.99404e-05 0
0.444445 0.148148 0.407407
0.175215 0.123924 0.700861
9.98955e-05 0.9999 0
0.25 0.5 0.25
0.24 0.76 0
0.392853 0.357147 0.25
0.000103359 0.241353 0.758543
0.103482 0.58607 0.310448
0.148148 0.444445 0.407407
0.250767 0.0681128 0.68112
0.500002 0.249998 0.25
0.00010117 0.607081 0.392818
0.448274 0.551726 0
0.749898 0.000102097 0.25
0.172415 0.827585 0
0.310343 0.689657 0
0.344831 0.172413 0.482756
0.576926 0.423074 0
0.37931 0.241379 0.37931
0.0689655 0.137931 0.793103
0.699999 0.300001 0
0.0683233 0.409939 0.521738
0.275865 0.137931 0.586204
0.543687 0.0679695 0.388344
0.136366 0.613634 0.25
0.517239 0.482761 0
0.23405 0.401211 0.364739
0.066652 9.21417e-05 0.933256
0.2069 0.172399 0.620701
0.0666648 0.933335 0
0.16666 9.98741e-05 0.83324
0.933336 0.0666642 0
0.0344777 0.275883 0.68964
0.206897 0.241379 0.551724
0.647732 0.102268 0.25
0.431875 0.100261 0.467864
0.620693 0.0689606 0.310346
0.464243 0.000100387 0.535657
0.172414 0.517241 0.310345
0.517242 0.172413 0.310345
0.0669804 0.502394 0.430626
0.214261 0.000102459 0.785637
0.103448 0.172412 0.724139
0.966667 0.0333333 0
0.033331 0.066662 0.900007
0.413795 0.275861 0.310344
0.200001 0.799999 0
0.275834 0.000103417 0.724063
0.137832 0.345307 0.516861
0.000103435 0.448229 0.551667
0.4 0.6 0
0.766666 0.233334 0
0.44828 0.206891 0.344829
0.000103362 0.655105 0.344792
0.310345 0.068964 0.620691
