0.275833 0.000103317 0.724064
0.199997 0.800003 0
0.800002 0.199998 0
0.103445 0.517244 0.379311
0.275836 0.448305 0.275859
0.310345 0.310345 0.37931
0.206893 0.413795 0.379312
0.133337 0.866663 0
0.86666 0.13334 0
0.275856 0.172413 0.551732
0.172411 0.275859 0.551729
0.480004 0.519996 0
9.99893e-05 0.166654 0.833246
0.730768 0.269232 0
0.0333124 0.966688 0
0.966679 0.0333207 0
0.000103394 0.655106 0.344791
0.100706 0.429341 0.469953
0.428577 0.321423 0.25
0.428568 0.142856 0.428576
0.000101897 0.214322 0.785576
0.00010224 0.749898 0.25
0.633337 0.366663 0
0.0343344 0.107297 0.858369
0.689655 0.310345 0
0.448276 0.551724 0
0.6 0.4 0
0.892857 0.107143 0
0.107151 0.892849 0
9.99582e-05 0.0666484 0.933252
0.370376 0.629624 0
0.214285 0.321426 0.464289
0.172407 0.551729 0.275864
0.240005 0.240005 0.519989
0.48276 0.172415 0.344825
0.103456 0.310283 0.58626
0.000103208 0.346117 0.65378
0.103437 0.00010337 0.89646
0.269239 0.730761 0
0.249996 0.500004 0.25
0.999901 9.92373e-05 0
0.344843 0.0689638 0.586193
0.148144 0.444432 0.407424
0.124769 0.168205 0.707026
0.379379 0.103417 0.517204
0.586187 0.103456 0.310357
0.760002 0.239998 0
0.285712 0.285712 0.428576
0.501197 0.0334079 0.465396
0.615326 0.000102489 0.384571
0.000103321 0.517186 0.48271
0.482709 0.000102879 0.517188
9.99333e-05 0.9999 0
0.103451 0.586198 0.310352
0.517237 0.482763 0
0.714288 0.0357118 0.25
0.24 0.76 0
0.333331 0.333331 0.333338
0.0344911 0.68965 0.275859
0.233357 9.99498e-05 0.766543
0.544507 0.20419 0.251303
0.178568 0.214278 0.607153
0.733261 9.91617e-05 0.26664
0.000101151 0.607081 0.392818
0.0338095 0.425127 0.541064
0.827585 0.172415 0
0.172419 0.827581 0
0.310308 0.689692 0
0.214287 0.142858 0.642856
0.379279 0.241441 0.37928
0.413793 0.275862 0.310345
0.137937 0.0689685 0.793094
0.655184 0.0344653 0.310351
0.379236 0.000103337 0.620661
0.297413 0.0334472 0.66914
0.296289 0.407416 0.296295
9.32694e-05 9.06485e-05 0.999816
0.0682562 0.249162 0.682582
0.521299 0.0683863 0.410315
0.571436 0.428564 0
0.13791 0.344927 0.517163
0.13636 0.61364 0.25
0.933332 0.066668 0
0.0666681 0.933332 0
0.172412 0.482763 0.344825
0.321501 0.178538 0.499961
0.613632 0.136368 0.25
0.0666922 0.500125 0.433183
0.103449 0.13793 0.758622
0.413809 0.0344588 0.551733
0.482757 0.24138 0.275863
0.166655 9.9567e-05 0.833246
0.357145 0.392855 0.25
0.206897 0.0689655 0.724138
0.250001 0.392859 0.35714
0.000103429 0.275833 0.724064
0.275862 0.103449 0.620689
0.000100823 0.392816 0.607083
0.344818 0.206888 0.448294
0.400001 0.599999 0
