0.275857 0.379313 0.34483
0.103448 0.275862 0.620691
0.2 0.8 0
0.310345 0.310345 0.37931
0.133338 0.866662 0
0.866664 0.133336 0
0.482762 0.137924 0.379313
0.137922 0.482764 0.379314
0.607141 0.392859 0
0.480005 0.519995 0
0.413749 0.000103392 0.586148
0.16665 9.99577e-05 0.83325
0.241378 0.448278 0.310344
0.0689551 0.344831 0.586214
0.269231 0.730769 0
0.586143 0.000103401 0.413754
0.137931 0.413792 0.448277
0.96667 0.0333299 0
0.0333318 0.966668 0
0.733331 0.266669 0
0.310355 0.241353 0.448292
0.647738 0.102261 0.250001
0.586198 0.137944 0.275858
0.51724 0.48276 0
0.214281 0.321423 0.464295
0.000103309 0.137925 0.861971
0.5 0.249999 0.250001
0.10346 0.58616 0.31038
0.000103431 0.379271 0.620626
0.0689662 0.137932 0.793101
0.639939 0.000101015 0.35996
0.142856 0.214285 0.642859
0.543693 0.0679734 0.388333
0.642851 0.357149 0
0.299458 0.187209 0.513334
0.37037 0.62963 0
9.83577e-05 8.42657e-05 0.999817
0.620694 0.0689593 0.310347
0.392851 0.357148 0.250001
0.108667 0.311967 0.579365
0.379339 0.0689623 0.551699
9.99687e-05 0.9999 0
0.9999 9.99844e-05 0
0.444444 0.148148 0.407408
0.107144 0.892856 0
0.333335 0.333335 0.33333
0.34612 0.000103212 0.653777
0.712792 0.0356334 0.251574
0.148148 0.444444 0.407407
0.234052 0.401211 0.364736
0.517187 0.000103437 0.482709
0.239993 0.760007 0
0.206895 0.172414 0.620691
0.399999 0.600001 0
0.892856 0.107144 0
0.000103367 0.241354 0.758543
0.766668 0.233332 0
0.17525 0.123752 0.700998
0.107294 0.034335 0.858371
0.000103438 0.517187 0.482709
0.000102246 0.749897 0.250001
0.25 0.499999 0.250001
0.0344899 0.68965 0.27586
0.448276 0.551724 0
0.000101137 0.60708 0.392819
0.749897 0.000102237 0.250001
0.172415 0.827585 0
0.310335 0.689665 0
0.827579 0.172421 0
0.576925 0.423075 0
0.250885 0.0680986 0.681016
0.379307 0.24138 0.379312
0.431895 0.100253 0.467852
0.700001 0.299999 0
0.0683225 0.409936 0.521742
0.214253 0.000102426 0.785645
0.136377 0.613622 0.250001
0.448271 0.2069 0.34483
0.0666629 4.86675e-05 0.933288
0.0666668 0.933333 0
0.46424 0.000100431 0.535659
0.0333331 0.0666662 0.900001
0.0344827 0.275874 0.689643
0.206901 0.241378 0.551721
0.172414 0.517241 0.310345
0.275863 0.137931 0.586206
0.517241 0.172414 0.310345
0.344828 0.172413 0.482758
0.285713 0.285713 0.428574
0.933333 0.066667 0
0.0669802 0.502389 0.43063
0.137929 0.103448 0.758623
0.310339 0.413802 0.275858
0.413816 0.275851 0.310333
0.275825 0.000103365 0.724072
0.000103435 0.655105 0.344792
0.137763 0.345623 0.516613
0.000103435 0.44823 0.551667
0.310346 0.0689615 0.620692
0.103447 0.172414 0.724139
