0.6 0.4 0
0.275864 0.172407 0.551729
0.2 0.8 0
0.1379 0.48282 0.37928
0.413794 0.310344 0.275862
0.866667 0.133333 0
0.10345 0.448266 0.448284
0.344833 0.206884 0.448283
0.00010325 0.41375 0.586146
0.517241 0.172414 0.310345
9.98936e-05 0.166655 0.833245
0.133335 0.866665 0
0.344829 0.0689625 0.586209
0.269227 0.730773 0
0.586146 0.000103382 0.41375
0.96667 0.0333298 0
0.0333319 0.966668 0
0.310342 0.275863 0.413795
0.0689619 0.379343 0.551695
0.137916 0.000103363 0.861981
0.607137 0.142863 0.25
0.103455 0.586181 0.310364
0.730772 0.269228 0
0.379271 0.000103338 0.620625
0.407406 0.185185 0.407409
0.535715 0.214285 0.25
0.000101908 0.749898 0.25
0.107148 0.892852 0
0.00010039 0.464239 0.53566
0.712787 0.0356386 0.251575
0.0343361 0.107297 0.858367
0.187411 0.299376 0.513213
0.148135 0.444493 0.407372
0.311938 0.108643 0.579419
0.9999 9.99694e-05 0
0.448273 0.551727 0
8.00061e-05 0.0666604 0.93326
0.000103431 0.517188 0.482709
0.482762 0.241378 0.27586
9.97912e-05 0.9999 0
0.25 0.5 0.25
0.273582 0.254246 0.472172
0.639936 0.000101021 0.359963
0.333335 0.333335 0.333331
0.172413 0.344826 0.482761
0.4 0.6 0
0.370371 0.629629 0
0.392853 0.357147 0.25
9.96221e-05 9.24747e-05 0.999808
0.413793 0.137931 0.448276
0.62963 0.37037 0
0.239996 0.760004 0
0.517241 0.482759 0
0.123893 0.175222 0.700885
0.0344925 0.689648 0.275859
0.766668 0.233332 0
0.0689652 0.310343 0.620692
0.517188 0.000103436 0.482709
0.241381 0.344822 0.413796
0.0666703 0.0333347 0.899995
0.241355 0.000102978 0.758542
0.000103231 0.346107 0.65379
0.214282 0.142855 0.642863
0.55167 0.103461 0.344869
0.172417 0.827583 0
0.310334 0.689666 0
0.749898 0.000102251 0.25
0.433233 0.0666784 0.500088
0.206896 0.0689654 0.724139
0.827587 0.172413 0
0.0681039 0.250861 0.681036
0.137929 0.0689635 0.793108
0.207086 0.413695 0.379219
0.136364 0.613636 0.25
0.134214 0.396823 0.468963
0.0666674 0.933333 0
0.933333 0.0666673 0
0.275864 0.0344789 0.689657
0.172414 0.517241 0.310345
0.249993 0.214281 0.535726
0.502394 0.0669851 0.430621
0.137931 0.275862 0.586208
0.285714 0.428571 0.285714
0.00010114 0.607075 0.392823
0.0669841 0.502393 0.430622
0.480004 0.519996 0
0.344854 0.137925 0.51722
0.689658 0.310342 0
0.379298 0.275867 0.344834
0.103446 0.137931 0.758622
0.27586 0.379312 0.344829
0.62069 0.0689647 0.310345
0.000102473 0.214268 0.785629
0.000103433 0.275834 0.724063
0.448264 0.206901 0.344835
0.44823 0.000103369 0.551667
0.892857 0.107143 0
0.172413 0.206897 0.62069
0.571429 0.428571 0
0.000103392 0.655105 0.344792
