0.482758 0.137931 0.379311
0.2 0.8 0
0.275862 0.172412 0.551726
0.137931 0.482758 0.379311
0.133333 0.866667 0
0.866666 0.133334 0
0.172413 0.344827 0.48276
0.103448 0.448276 0.448276
0.344828 0.206896 0.448276
0.275862 0.379311 0.344828
0.000103423 0.41375 0.586147
9.99715e-05 0.166656 0.833244
0.344828 0.0689649 0.586207
0.586146 0.000103401 0.41375
0.0333327 0.966667 0
0.966667 0.0333333 0
0.517241 0.172414 0.310345
0.0689655 0.310345 0.62069
0.000103397 0.655105 0.344792
0.392857 0.357143 0.25
0.274836 0.253809 0.471356
0.13791 0.00010333 0.861986
0.607141 0.142859 0.25
0.379271 0.00010342 0.620625
0.000102331 0.214264 0.785634
0.0666664 0.933334 0
0.000102159 0.749898 0.25
0.136364 0.613636 0.25
0.892858 0.107142 0
0.107142 0.892858 0
0.448275 0.551725 0
0.407406 0.185185 0.407409
0.0343347 0.107295 0.858371
0.370371 0.629629 0
0.62963 0.37037 0
0.269231 0.730769 0
0.517188 0.000103437 0.482709
0.31112 0.108772 0.580108
0.9999 9.99276e-05 0
0.25 0.214285 0.535715
0.480007 0.519993 0
0.0689631 0.37933 0.551707
0.766666 0.233334 0
0.00010342 0.517188 0.482709
0.0669851 0.502394 0.430621
9.53654e-05 9.91553e-05 0.999805
0.103442 0.586212 0.310347
0.333334 0.333333 0.333333
0.187223 0.299445 0.513333
0.482761 0.24138 0.275859
9.99728e-05 0.9999 0
0.639938 0.00010099 0.359961
0.12372 0.175256 0.701024
0.239997 0.760003 0
0.25 0.5 0.25
0.712791 0.0356387 0.251571
0.0344839 0.689657 0.275859
0.6 0.4 0
0.000103214 0.346118 0.653779
0.0681092 0.250806 0.681085
0.551709 0.103452 0.344839
0.214285 0.142856 0.642859
0.000101171 0.607079 0.39282
0.172414 0.827586 0
0.134031 0.396904 0.469065
0.749898 0.000102194 0.25
0.172413 0.206897 0.620691
0.432952 0.0667117 0.500336
0.827585 0.172415 0
0.103447 0.137929 0.758624
0.137928 0.0689642 0.793107
0.206897 0.413793 0.37931
0.448276 0.206897 0.344828
0.571432 0.428568 0
9.98448e-05 0.0666592 0.933241
0.620689 0.0689656 0.310345
0.933332 0.0666682 0
0.275868 0.0344813 0.689651
0.689656 0.310344 0
0.000100354 0.464239 0.53566
0.148137 0.444486 0.407377
0.502397 0.066982 0.430621
0.13793 0.275866 0.586204
0.535714 0.214286 0.25
0.517241 0.482759 0
0.241378 0.34483 0.413792
0.241354 0.00010336 0.758542
0.172412 0.103447 0.724141
0.310341 0.689659 0
0.285714 0.42857 0.285716
0.172413 0.517242 0.310345
0.344833 0.27586 0.379307
0.344836 0.137929 0.517235
0.0666665 0.0333332 0.9
0.413793 0.137931 0.448276
0.000103421 0.275832 0.724065
0.44823 0.000103351 0.551667
0.730769 0.269231 0
0.400001 0.599999 0
0.413793 0.275862 0.310345
