0.241377 0.310346 0.448277
0.800002 0.199998 0
0.310345 0.310345 0.37931
0.310342 0.379314 0.310343
0.482759 0.137931 0.37931
0.866666 0.133334 0
0.133334 0.866666 0
0.137931 0.482759 0.37931
0.392859 0.607141 0
0.448276 0.206895 0.344829
0.000103426 0.41375 0.586147
0.0689561 0.620696 0.310348
0.730768 0.269232 0
0.344828 0.0689644 0.586208
0.000103398 0.586147 0.41375
0.413794 0.137929 0.448277
0.966671 0.0333291 0
0.033334 0.966666 0
0.266668 0.733332 0
0.06896 0.37936 0.55168
0.827586 0.172414 0
0.519998 0.480002 0
0.3 0.7 0
0.749898 0.000102242 0.25
0.137914 0.000103341 0.861982
9.69239e-05 0.166645 0.833258
0.187213 0.299448 0.513339
0.62963 0.37037 0
0.311896 0.108871 0.579234
0.214285 0.142857 0.642858
8.80002e-05 9.99441e-05 0.999812
0.0343355 0.107291 0.858373
0.9999 9.98854e-05 0
0.689653 0.034486 0.275861
0.107139 0.892861 0
0.25 0.5 0.25
0.517188 0.000103437 0.482709
0.655105 0.000103407 0.344792
0.392854 0.357146 0.25
0.0679615 0.543697 0.388341
0.5 0.25 0.25
9.99899e-05 0.9999 0
0.48276 0.51724 0
0.760002 0.239998 0
0.379272 0.000103246 0.620625
0.000103374 0.517188 0.482709
0.123794 0.175236 0.700969
0.137931 0.586208 0.275862
0.586193 0.103452 0.310355
0.000103193 0.346126 0.653771
0.000101023 0.639946 0.359953
0.357148 0.642852 0
0.444444 0.148146 0.40741
0.241354 0.000103264 0.758543
0.32143 0.214287 0.464283
0.148147 0.444443 0.40741
0.233328 0.766672 0
0.892856 0.107144 0
0.000103257 0.275834 0.724063
0.0356434 0.712785 0.251571
0.000102462 0.214274 0.785624
0.55173 0.44827 0
0.409942 0.0683206 0.521738
0.607077 0.000101138 0.392822
0.000102246 0.749898 0.25
0.102275 0.647725 0.25
0.172413 0.827587 0
0.275861 0.0344816 0.689657
0.423078 0.576922 0
0.0681606 0.250238 0.681601
0.689658 0.310342 0
0.241374 0.379315 0.379311
0.137899 0.0689497 0.793151
0.333332 0.333332 0.333336
0.613637 0.136363 0.25
0.93333 0.0666697 0
0.401211 0.234045 0.364744
0.27586 0.103449 0.620691
7.40973e-05 0.0666443 0.933282
0.0666673 0.933333 0
0.241378 0.206902 0.55172
0.517243 0.172412 0.310346
0.172414 0.206897 0.62069
0.000100431 0.464236 0.535663
0.137931 0.275862 0.586207
0.172414 0.517242 0.310345
0.285706 0.428599 0.285695
0.172414 0.344827 0.482759
0.502388 0.0669916 0.43062
0.103449 0.13793 0.758622
0.285713 0.285713 0.428575
0.0666867 0.0333433 0.89997
0.100257 0.431868 0.467875
0.448275 0.275864 0.275861
0.6 0.4 0
0.34562 0.137765 0.516615
0.172413 0.103447 0.72414
0.448229 0.000103336 0.551667
0.206897 0.448274 0.344829
0.0689655 0.310345 0.62069
