0.448317 0.206848 0.344835
0.800001 0.199999 0
0.866665 0.133335 0
0.344826 0.172414 0.482759
0.448269 0.103443 0.448288
0.379308 0.275863 0.344829
0.519996 0.480004 0
0.172402 0.517249 0.310349
0.166647 9.78127e-05 0.833256
0.413748 0.000102889 0.586149
0.730772 0.269228 0
0.034479 0.551727 0.413794
0.172384 0.379308 0.448309
0.0333263 0.966674 0
0.310339 0.0689643 0.620696
0.254081 0.274054 0.471865
0.0333343 0.0666682 0.899997
0.482753 0.137933 0.379313
0.0344817 0.275866 0.689652
0.000103355 0.137902 0.861995
0.14286 0.607139 0.25
0.607082 0.00010113 0.392817
0.214274 0.000102261 0.785624
0.689653 0.0344907 0.275856
0.444454 0.148144 0.407402
0.551722 0.448278 0
0.749898 0.000101661 0.25
0.966671 0.0333292 0
0.107138 0.892862 0
0.000101016 0.63994 0.359959
0.585989 0.103503 0.310508
0.892847 0.107153 0
0.299464 0.187165 0.513371
0.629614 0.370386 0
0.428579 0.571421 0
0.0689589 0.344826 0.586215
0.5 0.25 0.25
0.185161 0.407351 0.407488
0.517233 0.172419 0.310349
0.370373 0.629627 0
0.000103033 0.517187 0.48271
0.142856 0.214284 0.64286
0.133337 0.866663 0
0.379293 0.0689638 0.551743
0.689657 0.310343 0
9.08745e-05 8.5808e-05 0.999823
0.999901 9.94922e-05 0
0.333326 0.333318 0.333356
9.93007e-05 0.999901 0
0.214271 0.535729 0.25
0.241378 0.482754 0.275868
0.0666634 0.933337 0
0.175233 0.123833 0.700933
0.269231 0.730769 0
0.137893 0.448303 0.413803
0.107305 0.0343417 0.858353
0.000100961 0.379281 0.620618
0.346123 0.000102873 0.653774
0.517187 0.000103294 0.48271
0.760001 0.239999 0
0.108643 0.311929 0.579427
0.482761 0.517239 0
0.000102751 0.241359 0.758538
0.20689 0.172413 0.620697
0.233334 0.766666 0
0.172414 0.827586 0
0.172411 0.275861 0.551728
0.0356406 0.712785 0.251574
0.103449 0.551723 0.344829
0.31034 0.68966 0
0.827586 0.172414 0
0.000102024 0.749898 0.25
0.6 0.4 0
0.0669861 0.430624 0.50239
0.655109 9.97745e-05 0.344791
0.250476 0.0681425 0.681381
0.0689672 0.137934 0.793099
0.413484 0.207489 0.379026
0.613636 0.136364 0.25
0.0666539 3.35366e-05 0.933313
0.4 0.6 0
0.933325 0.0666747 0
0.214269 0.25 0.535731
0.46425 0.0001004 0.535649
0.0666618 0.500032 0.433306
0.357162 0.392838 0.25
0.275874 0.137929 0.586197
0.344823 0.241384 0.413793
0.275835 0.000102369 0.724062
0.428568 0.285712 0.28572
0.502385 0.0669935 0.430622
0.275861 0.413792 0.310346
0.275869 0.344825 0.379306
0.137919 0.103451 0.75863
0.137514 0.34681 0.515676
0.2069 0.448265 0.344835
0.0689551 0.620702 0.310343
0.396879 0.134084 0.469037
0.000102293 0.448229 0.551669
0.103446 0.172409 0.724145
