0.26536 0.0310328 0.703608
0.3787 0.132498 0.488801
4.15262e-05 0.605639 0.394319
0.338272 0.119958 0.54177
0.370647 0.0628354 0.566518
0.0659898 0.120703 0.813307
0.457611 0.542389 0
0.496059 0.503941 0
0.205582 0.064164 0.730254
0.240176 0.27713 0.482694
0.0335018 1.2689e-06 0.966497
0.349223 0.283851 0.366927
0.518725 0.206274 0.275001
0.0607388 0.666535 0.272726
0.471699 0.131922 0.396379
0.259327 0.740673 0
0.835804 0.164196 0
0.638635 6.25226e-05 0.361302
0.143135 0.21622 0.640645
5.80123e-06 0.568072 0.431922
0.103169 0.595245 0.301586
0.304365 0.104487 0.591148
0.100718 0.46348 0.435802
0.0696112 0.350685 0.579704
2.19344e-06 0.214787 0.78521
0.898508 0.101492 0
0.240538 0.240554 0.518908
0.144299 0.427126 0.428576
0.357552 0.642448 0
7.09521e-05 0.433411 0.566518
0.624304 0.375696 0
6.85612e-05 0.999931 0
0.70071 7.37922e-05 0.299216
0.575114 0.140873 0.284013
8.46421e-05 0.517037 0.482878
0.552997 0.447003 0
0.346556 9.00601e-05 0.653354
0.517203 0.000103017 0.482694
0.106601 0.893399 0
8.75802e-05 0.653891 0.346021
0.321891 0.427827 0.250281
0.0702229 0.0707512 0.859026
0.760052 0.239948 0
0.706273 0.0351122 0.258615
0.333337 0.333341 0.333322
0.482762 0.517238 0
0.175072 0.123837 0.701092
0.299984 0.700016 0
3.61639e-05 8.1881e-05 0.999882
0.233323 0.766677 0
0.505156 0.244744 0.2501
0.24906 0.393481 0.357459
0.100523 0.207636 0.691841
0.167243 0.56841 0.264347
0.215457 4.631e-05 0.784497
0.27569 5.92564e-05 0.724251
0.0355341 0.712953 0.251513
0.42985 0.144312 0.425838
4.60038e-05 0.320027 0.679927
0.694184 0.305816 0
0.208385 0.203062 0.588553
0.314808 0.214512 0.47068
0.413245 0.0344242 0.552331
0.100817 2.16695e-05 0.899161
0.166478 0.833522 0
6.7673e-06 0.0986977 0.901296
0.421628 0.578372 0
0.447461 0.277347 0.275192
0.524491 0.102092 0.373417
0.03341 0.235451 0.731139
0.393154 0.250249 0.356597
0.276951 0.170344 0.552705
0.0659043 0.535908 0.398187
0.20834 0.340548 0.451112
0.101856 0.169176 0.728969
0.0667524 0.933248 0
0.252752 0.0650515 0.682197
0.387772 0.360795 0.251434
0.601814 0.100752 0.297434
0.180281 0.476659 0.34306
0.642494 0.107271 0.250235
7.76861e-05 0.704694 0.295228
0.999902 9.78907e-05 0
0.0678789 0.408971 0.523151
0.384686 0.104223 0.511091
0.0326891 0.468838 0.498473
0.947726 0.052274 0
0.135917 0.0697575 0.794326
0.73001 0.26999 0
0.569803 5.57839e-05 0.430141
0.10069 0.284233 0.615077
0.241347 0.476193 0.28246
0.0330225 0.966977 0
0.465365 9.26917e-05 0.534542
0.237975 0.133397 0.628629
0.485468 0.0678385 0.446694
0.204637 0.545128 0.250235
0.136434 0.365853 0.497713
0.686718 0.0627571 0.250524
0.0310269 0.164361 0.804612
