0.241371 0.310349 0.44828
0.275862 0.103448 0.62069
0.8 0.2 0
0.310345 0.310345 0.379311
0.310343 0.379314 0.310343
0.482756 0.137932 0.379313
0.19998 9.99825e-05 0.79992
0.866665 0.133335 0
0.133336 0.866664 0
0.137926 0.482762 0.379313
0.392858 0.607142 0
0.448272 0.206898 0.34483
0.519996 0.480004 0
8.2494e-05 0.166653 0.833265
0.0689646 0.620689 0.310346
0.344826 0.0689639 0.58621
0.000103421 0.586147 0.41375
0.966666 0.0333338 0
0.0333329 0.966667 0
0.413793 0.137931 0.448276
0.392857 0.357143 0.25
0.321426 0.214284 0.46429
0.0666667 0.933333 0
0.0689575 0.379382 0.551661
0.401211 0.234042 0.364747
0.137978 0.0344806 0.827541
0.379272 0.00010339 0.620625
0.448278 0.275861 0.275861
0.107142 0.892858 0
0.333331 0.333332 0.333337
0.148149 0.444443 0.407409
0.285714 0.285714 0.428572
0.000101017 0.639935 0.359964
0.444444 0.148148 0.407409
0.187175 0.299462 0.513363
0.357143 0.642857 0
0.586208 0.103447 0.310345
0.629629 0.370371 0
0.892854 0.107146 0
0.0343349 0.107297 0.858368
0.933328 0.0666716 0
0.311885 0.108903 0.579212
0.206894 0.448277 0.344829
0.517188 0.000103424 0.482709
0.409938 0.0683233 0.521739
0.25 0.5 0.25
0.730769 0.269231 0
0.241354 0.000103424 0.758542
0.9999 9.98106e-05 0
8.85206e-05 9.62468e-05 0.999815
9.76657e-05 0.0666586 0.933244
0.48276 0.51724 0
0.000103409 0.517188 0.482709
0.233328 0.766672 0
0.5 0.25 0.25
0.0356377 0.712789 0.251573
0.12393 0.175216 0.700854
0.000103401 0.41375 0.586146
0.749898 0.000102204 0.25
0.827587 0.172413 0
0.760002 0.239998 0
0.689654 0.0344845 0.275862
0.551724 0.448276 0
0.100258 0.431874 0.467869
0.000102471 0.214262 0.785635
0.607083 0.000101178 0.392816
0.689655 0.310345 0
0.172414 0.827586 0
0.423075 0.576925 0
0.613636 0.136364 0.25
0.000102112 0.749898 0.25
0.0681003 0.250897 0.681003
0.0999942 4.99391e-05 0.899956
9.9798e-05 0.9999 0
0.24137 0.379315 0.379315
0.300002 0.699998 0
0.0679599 0.54369 0.38835
0.172414 0.103447 0.724139
0.275873 0.0344819 0.689645
0.241377 0.206898 0.551725
0.44823 0.000103434 0.551667
0.103448 0.13793 0.758622
0.172414 0.206896 0.62069
0.102273 0.647727 0.25
0.000100425 0.464239 0.53566
0.517241 0.172414 0.310345
0.137912 0.27596 0.586127
0.000103215 0.346116 0.65378
0.172414 0.51724 0.310346
0.285714 0.428573 0.285713
0.655105 0.000103431 0.344792
0.172414 0.344827 0.482759
0.502394 0.0669776 0.430628
0.13793 0.58621 0.27586
0.00010337 0.275832 0.724064
0.344853 0.137928 0.517219
0.6 0.4 0
0.214286 0.142857 0.642857
0.0689654 0.310345 0.62069
0.266666 0.733334 0
