0.137928 0.482761 0.379311
0.800001 0.199999 0
0.133339 0.866661 0
0.866666 0.133334 0
0.206865 0.344841 0.448294
0.448291 0.103428 0.448281
0.379311 0.275862 0.344828
0.52 0.48 0
0.172411 0.517243 0.310346
0.166651 6.93791e-05 0.83328
0.483081 0.137846 0.379073
0.966668 0.0333318 0
0.310344 0.0689656 0.62069
0.344828 0.172414 0.482759
0.655105 0.000103183 0.344792
0.253812 0.274835 0.471354
0.10714 0.89286 0
0.357146 0.392854 0.25
0.000103068 0.137914 0.861983
0.428568 0.571432 0
0.586156 0.103461 0.310383
0.214309 0.000102364 0.785589
0.275892 0.137925 0.586182
0.000103299 0.379271 0.620625
0.185186 0.4074 0.407414
0.482759 0.517241 0
0.444439 0.148147 0.407414
0.275861 0.413795 0.310344
0.142874 0.607126 0.25
0.892863 0.107137 0
0.370373 0.629627 0
0.000100439 0.639913 0.359987
0.107291 0.0343409 0.858368
0.0689665 0.344816 0.586217
0.379368 0.0689591 0.551673
0.108658 0.311839 0.579503
0.000103411 0.517187 0.482709
0.172425 0.275816 0.551759
0.517187 0.000103345 0.482709
0.9999 9.98667e-05 0
0.275833 0.000103077 0.724064
9.29397e-05 9.97499e-05 0.999807
0.27586 0.34483 0.37931
9.99342e-05 0.9999 0
0.000103389 0.586134 0.413763
0.175192 0.124036 0.700771
0.689654 0.0344843 0.275862
0.502404 0.0669607 0.430635
0.5 0.25 0.25
0.0666624 5.63627e-05 0.933281
0.413749 0.000103304 0.586147
0.241379 0.482759 0.275862
0.346114 0.000103115 0.653783
0.399998 0.600002 0
0.629615 0.370385 0
0.23333 0.76667 0
0.0356282 0.712796 0.251576
0.551727 0.448273 0
0.000103381 0.241355 0.758541
0.730766 0.269234 0
0.103458 0.551706 0.344836
0.142851 0.214279 0.64287
0.760005 0.239995 0
0.827581 0.172419 0
0.0689646 0.137929 0.793106
0.689655 0.310345 0
0.000102243 0.749898 0.25
0.933333 0.066667 0
0.172416 0.827584 0
0.250807 0.068206 0.680987
0.749898 0.000102011 0.25
0.413719 0.207039 0.379242
0.0669911 0.5024 0.430609
0.0666662 0.933334 0
0.214258 0.250008 0.535734
0.0344821 0.275897 0.689621
0.310326 0.689674 0
0.464242 0.000100336 0.535658
0.214283 0.535717 0.25
0.0333286 0.966671 0
0.137928 0.103446 0.758626
0.344835 0.241362 0.413802
0.613636 0.136364 0.25
0.428567 0.285721 0.285712
0.299419 0.187297 0.513284
0.137928 0.413794 0.448277
0.517241 0.172414 0.310345
0.0667332 0.432761 0.500505
0.137847 0.345199 0.516955
0.0333355 0.066671 0.899993
0.206896 0.448276 0.344828
0.0689619 0.620692 0.310346
0.39687 0.134102 0.469028
0.000103384 0.448233 0.551663
0.333345 0.333325 0.33333
0.269231 0.730769 0
0.599993 0.400007 0
0.206897 0.172411 0.620691
0.60708 0.000101164 0.392819
0.0689622 0.206891 0.724147
