0.137844 0.482835 0.379321
0.400002 0.599998 0
0.172395 0.275868 0.551736
0.86666 0.13334 0
0.799997 0.200003 0
0.344785 0.172393 0.482822
0.133335 0.866665 0
0.448291 0.10343 0.44828
0.52 0.48 0
0.413748 0.000103047 0.586149
0.172408 0.517245 0.310347
0.0689625 0.344824 0.586214
0.730771 0.269229 0
0.966681 0.0333193 0
0.033331 0.966669 0
0.310342 0.068959 0.620699
0.655105 0.000103294 0.344791
0.379328 0.275831 0.34484
0.55174 0.44826 0
0.357159 0.392841 0.25
0.0669486 0.502462 0.430589
0.214303 0.000102118 0.785595
0.749898 0.000101584 0.25
0.444828 0.148047 0.407125
0.107138 0.892862 0
0.000100973 0.639918 0.359981
0.9999 9.98927e-05 0
0.206925 0.344795 0.44828
0.689714 0.0344762 0.27581
0.379358 0.0689594 0.551683
0.233316 0.766684 0
0.108669 0.311758 0.579573
0.299436 0.187156 0.513408
0.62963 0.37037 0
0.25415 0.273924 0.471926
0.000102537 0.137914 0.861983
0.241377 0.482762 0.275861
0.0356417 0.712788 0.25157
0.000103381 0.517188 0.482709
0.269228 0.730772 0
0.000103337 0.586144 0.413753
0.517188 0.000103249 0.482709
9.99137e-05 0.9999 0
0.482759 0.517241 0
0.206913 0.448233 0.344854
0.370374 0.629626 0
0.185169 0.407348 0.407482
0.175232 0.123842 0.700926
0.000103387 0.448231 0.551666
0.892858 0.107142 0
0.760003 0.239997 0
0.000102368 0.37926 0.620638
0.586207 0.103447 0.310345
0.333332 0.333331 0.333338
0.142832 0.607168 0.25
9.51973e-05 8.79031e-05 0.999817
0.689659 0.310341 0
0.346123 0.000102367 0.653775
0.0689584 0.206884 0.724157
0.103425 0.551737 0.344837
0.275863 0.413792 0.310344
0.482782 0.137897 0.379321
0.142857 0.214297 0.642846
0.310338 0.689662 0
0.607084 0.000101137 0.392815
0.137917 0.103445 0.758638
0.107306 0.0343396 0.858354
0.827583 0.172417 0
0.0669229 0.431158 0.501919
0.000102651 0.241353 0.758545
0.172414 0.827586 0
0.250923 0.0681185 0.680958
0.000102048 0.749898 0.25
0.428567 0.571433 0
0.413229 0.207983 0.378787
0.5 0.25 0.25
0.613629 0.136371 0.25
0.0666553 5.28217e-05 0.933292
0.066667 0.933333 0
0.464258 9.98584e-05 0.535642
0.933323 0.0666767 0
0.214278 0.250016 0.535706
0.0344699 0.275878 0.689652
0.27586 0.13793 0.58621
0.0689154 0.137833 0.793252
0.21426 0.53574 0.25
0.344811 0.241367 0.413822
0.428576 0.285717 0.285707
0.517238 0.172415 0.310347
0.27586 0.344835 0.379305
0.16664 9.44726e-05 0.833266
0.137926 0.413795 0.44828
0.137818 0.345423 0.516758
0.0333273 0.0665484 0.900124
0.0689642 0.620688 0.310348
0.275828 0.000103368 0.724069
0.396797 0.134252 0.46895
0.502335 0.0669763 0.430689
0.6 0.4 0
0.206883 0.172418 0.620699
