0.517245 0.103442 0.379312
0.20001 0.79999 0
0.800005 0.199995 0
0.275857 0.172414 0.551729
0.448287 0.241374 0.31034
0.1724 0.103446 0.724154
0.866664 0.133336 0
0.133332 0.866668 0
0.13792 0.241384 0.620696
0.4 0.6 0
0.275862 0.413793 0.310345
0.730769 0.269231 0
0.269231 0.730769 0
0.137916 0.448284 0.4138
0.966681 0.0333189 0
0.0333286 0.966671 0
0.655105 0.000103396 0.344792
0.431969 0.100237 0.467794
0.166675 0.0333352 0.79999
0.103448 0.551726 0.344827
0.315799 0.434201 0.25
0.310341 0.103448 0.58621
9.98777e-05 0.733245 0.266656
0.105581 0.260867 0.633551
0.13793 0.000103309 0.861967
0.147731 0.409092 0.443177
0.310343 0.689657 0
0.249845 0.357208 0.392947
0.749898 0.000102236 0.25
0.0344736 0.379463 0.586063
0.366667 0.633333 0
0.27603 0.27603 0.44794
0.000102497 0.615323 0.384575
0.428569 0.571431 0
9.98535e-05 0.0999911 0.899909
0.892851 0.107149 0
0.107142 0.892858 0
0.0343259 0.141763 0.823911
0.000103363 0.482711 0.517186
0.206898 0.379306 0.413797
0.586202 0.10345 0.310349
0.517188 0.000102804 0.482709
0.551722 0.448278 0
0.426742 0.0337195 0.539539
0.444444 0.14815 0.407406
0.346106 0.000103196 0.653791
0.206908 0.44827 0.344823
0.62963 0.37037 0
0.9999 9.99804e-05 0
9.03034e-05 8.14799e-05 0.999828
0.185179 0.0741083 0.740712
0.0357126 0.714287 0.25
0.482755 0.172421 0.344825
0.500001 0.249999 0.25
0.551725 0.172413 0.275862
0.240002 0.240002 0.519995
0.689644 0.0344986 0.275857
0.76 0.24 0
0.241358 0.000103381 0.758539
9.99317e-05 0.299945 0.699955
0.239996 0.760004 0
0.482758 0.517242 0
0.519997 0.480003 0
0.204196 0.544506 0.251298
0.321429 0.214286 0.464284
0.607071 0.000101174 0.392828
9.99593e-05 0.9999 0
0.137931 0.172411 0.689658
0.000101068 0.357103 0.642796
0.172427 0.827573 0
0.827584 0.172416 0
0.689676 0.310324 0
0.177734 0.324025 0.498241
0.0669934 0.430578 0.502428
0.407479 0.296192 0.296329
0.310341 0.310341 0.379319
0.613607 0.136393 0.25
0.206896 0.206896 0.586209
0.136364 0.613636 0.25
0.333332 0.333332 0.333335
0.241396 0.137927 0.620677
0.933337 0.0666626 0
0.0666662 0.933334 0
0.000103131 0.206878 0.793018
0.0689666 0.517234 0.4138
0.0666663 0.0333326 0.900001
0.103329 0.34551 0.551162
0.344929 0.13791 0.517161
0.502374 0.0669854 0.43064
0.275861 0.0344815 0.689658
0.17242 0.517224 0.310356
0.0344827 0.655172 0.310345
0.241371 0.482766 0.275863
0.103446 0.103446 0.793108
0.392863 0.357137 0.25
0.068965 0.206881 0.724154
0.379301 0.241383 0.379316
0.392819 0.000101116 0.60708
0.6 0.4 0
9.68469e-05 0.551466 0.448437
