0.800001 0.199999 0
0.200009 0.799991 0
0.103413 0.448295 0.448293
0.413779 0.206889 0.379332
0.206894 0.379313 0.413793
0.275862 0.172412 0.551727
0.172371 0.103444 0.724186
0.482746 0.137887 0.379368
0.862055 0.137945 0
0.133341 0.866659 0
0.137909 0.241394 0.620696
0.4 0.6 0
0.269253 0.730747 0
0.966668 0.0333324 0
0.0333332 0.966667 0
0.655094 0.000102181 0.344804
0.431415 0.100328 0.468256
9.99463e-05 0.733265 0.266635
0.551726 0.448274 0
0.103425 0.344971 0.551604
0.448307 0.275832 0.275862
0.315861 0.434139 0.25
0.0689064 0.517086 0.414007
0.586221 0.103432 0.310347
0.309061 0.103644 0.587295
0.13792 0.000103411 0.861977
0.749898 0.00010225 0.25
0.0344748 0.379449 0.586076
0.444447 0.14815 0.407403
0.366647 0.633353 0
0.32136 0.214242 0.464398
0.107134 0.892866 0
0.89286 0.10714 0
0.0689659 0.206897 0.724137
0.629609 0.370391 0
0.000103227 0.206875 0.793022
0.137935 0.482751 0.379313
0.0342848 0.142878 0.822837
0.24 0.24 0.52
0.0689626 0.655175 0.275863
0.517188 0.000103345 0.482709
0.0357159 0.714284 0.25
0.310338 0.689662 0
0.9999 9.99771e-05 0
0.760037 0.239963 0
9.99801e-05 0.9999 0
0.333329 0.333329 0.333342
0.105511 0.261392 0.633097
0.392855 0.357145 0.25
0.204204 0.544496 0.2513
0.48276 0.51724 0
0.147735 0.409093 0.443172
0.000100614 0.615328 0.384571
0.185179 0.0740993 0.740722
0.689655 0.0344833 0.275862
0.000101481 0.357107 0.642792
9.98974e-05 0.0999913 0.899909
0.240022 0.759978 0
9.85016e-05 9.47269e-05 0.999807
0.103449 0.586206 0.310346
0.241385 0.137928 0.620686
9.99739e-05 0.299973 0.699927
0.346118 0.000103091 0.653779
0.137931 0.172414 0.689655
0.607071 0.000100866 0.392828
0.425517 0.0337904 0.540692
0.000103359 0.482709 0.517188
0.178551 0.464274 0.357175
0.275863 0.0344817 0.689655
0.172416 0.827584 0
0.827585 0.172415 0
0.689691 0.310309 0
0.178456 0.321878 0.499665
0.241363 0.000103355 0.758533
0.407455 0.296313 0.296232
0.428575 0.571425 0
0.730754 0.269246 0
0.613634 0.136366 0.25
0.933334 0.0666659 0
0.345018 0.137882 0.5171
0.0666677 0.933332 0
0.250013 0.357111 0.392876
0.0666657 0.0333328 0.900002
0.51724 0.172414 0.310346
0.344832 0.275861 0.379307
0.392848 0.249977 0.357175
0.206895 0.206895 0.58621
0.166667 0.0333333 0.8
0.136365 0.613635 0.25
0.519981 0.480019 0
0.241384 0.482754 0.275863
0.500005 0.249995 0.25
0.498862 0.0668691 0.434269
0.103448 0.103448 0.793104
0.275856 0.275856 0.448289
0.392887 9.25806e-05 0.607021
0.600001 0.399999 0
0.066985 0.430622 0.502393
0.275843 0.41381 0.310347
9.98735e-05 0.551612 0.448289
