0.8 0.2 0
0.172414 0.275862 0.551724
0.310345 0.310345 0.37931
0.37931 0.206896 0.413793
0.241381 0.448275 0.310344
0.103447 0.172413 0.72414
0.133333 0.866667 0
0.866666 0.133334 0
0.241379 0.137931 0.62069
0.6 0.4 0
0.480002 0.519998 0
0.413793 0.275862 0.310345
0.730769 0.269231 0
0.033332 0.966668 0
0.966667 0.0333334 0
0.0333333 0.166667 0.8
0.10039 0.431125 0.468484
0.379423 0.0344777 0.586099
0.345098 0.103406 0.551496
0.0999907 9.98978e-05 0.899909
0.321442 0.17857 0.499989
0.103453 0.5862 0.310347
0.103448 0.310345 0.586207
0.260901 0.105586 0.633514
0.000103326 0.137919 0.861978
0.000102129 0.749898 0.25
9.97059e-05 9.97058e-05 0.999801
0.409089 0.147728 0.443183
0.633333 0.366667 0
0.517241 0.482759 0
0.892858 0.107142 0
0.107143 0.892857 0
0.357098 0.000101494 0.642801
0.615322 0.000102531 0.384576
0.142858 0.0342857 0.822856
0.551667 0.000103421 0.448229
0.370372 0.629628 0
0.000103392 0.517188 0.482709
0.172414 0.137931 0.689655
0.544502 0.20419 0.251308
0.206875 0.000103379 0.793022
0.448276 0.551724 0
0.00010109 0.392819 0.60708
0.434211 0.315789 0.25
9.99431e-05 0.9999 0
0.517242 0.172413 0.310345
0.103448 0.103448 0.793105
0.148148 0.444444 0.407408
0.000103389 0.655105 0.344792
0.517242 0.068965 0.413793
0.9999 9.99444e-05 0
0.103448 0.517242 0.37931
0.275862 0.275862 0.448276
0.0741058 0.185179 0.740715
0.333333 0.333333 0.333333
0.299969 9.97803e-05 0.699931
0.239999 0.760001 0
0.206897 0.206897 0.586207
0.760001 0.239999 0
0.482709 0.000103428 0.517187
0.034482 0.689662 0.275856
0.2 0.8 0
0.25 0.5 0.25
0.551723 0.103449 0.344827
0.24 0.24 0.52
0.241379 0.37931 0.37931
0.000103192 0.346122 0.653774
0.733268 9.99778e-05 0.266632
0.214286 0.321428 0.464286
0.448276 0.206897 0.344827
0.000101028 0.607081 0.392817
0.0337934 0.425509 0.540698
0.827584 0.172416 0
0.172414 0.827586 0
0.0669854 0.502393 0.430622
0.310344 0.689656 0
0.689656 0.310344 0
0.000103283 0.241356 0.75854
0.296289 0.407412 0.296299
0.0666675 0.933332 0
0.571428 0.428572 0
0.448276 0.137931 0.413793
0.137931 0.241379 0.62069
0.136364 0.613636 0.25
0.613633 0.136367 0.25
0.933331 0.0666686 0
0.172413 0.48276 0.344827
0.357145 0.249997 0.392858
0.0333336 0.0666672 0.899999
0.137922 0.344869 0.517209
0.0344828 0.275862 0.689655
0.269231 0.730769 0
0.655176 0.0689609 0.275863
0.482759 0.241379 0.275862
0.714285 0.0357145 0.25
0.4 0.6 0
0.357143 0.392857 0.25
0.206895 0.0689648 0.72414
0.172415 0.551722 0.275863
0.430621 0.0669862 0.502393
