0.0684058 0.448789 0.482805
0.86215 0.13785 0
0.518946 0.20617 0.274885
0.309641 0.379619 0.31074
0.200007 0.799993 0
0.379308 0.310327 0.310364
0.310361 0.275721 0.413919
0.133337 0.866663 0
0.80001 0.19999 0
0.6071 0.3929 0
0.137794 0.517345 0.34486
0.166644 9.97488e-05 0.833256
0.62077 0.0688657 0.310365
0.269229 0.730771 0
0.482803 8.34811e-05 0.517114
0.586146 0.000102066 0.413752
0.966674 0.0333264 0
0.033327 0.966673 0
0.206881 0.172279 0.62084
0.448274 0.551726 0
0.500064 0.249936 0.25
0.357152 0.392848 0.25
0.0001034 0.241355 0.758541
0.214256 0.321383 0.464361
0.103479 0.586146 0.310375
0.0669881 0.502395 0.430617
0.214281 0.000102311 0.785617
0.000100798 0.370338 0.629561
0.640748 7.17221e-05 0.35918
9.63397e-05 7.44159e-05 0.999829
0.370369 0.629631 0
0.517187 0.000103413 0.482709
0.107141 0.892859 0
0.27699 0.103732 0.619278
0.9999 9.98792e-05 0
0.172416 0.827584 0
0.346136 0.00010321 0.653761
0.392745 0.0339138 0.573341
0.000103293 0.517187 0.482709
0.51723 0.48277 0
0.0344867 0.689722 0.275791
0.333341 0.333341 0.333317
9.99697e-05 0.9999 0
0.175233 0.123798 0.700969
0.571419 0.142852 0.285729
0.467229 0.0675775 0.465193
0.44692 0.142623 0.410456
0.239985 0.760015 0
0.892859 0.107141 0
0.76673 0.23327 0
0.239821 0.0686412 0.691538
0.642846 0.357154 0
0.301167 0.188778 0.510055
0.148145 0.444428 0.407427
0.137912 0.103432 0.758656
0.112355 0.310584 0.577061
0.381389 0.163252 0.455359
0.139975 0.215555 0.64447
0.25 0.5 0.25
0.000101057 0.607035 0.392864
0.749898 0.000102227 0.25
0.833335 0.166665 0
0.310337 0.689663 0
0.576921 0.423079 0
0.0344737 0.310317 0.65521
0.356956 0.250232 0.392812
0.0689643 0.137929 0.793107
0.543575 0.068028 0.388397
0.699993 0.300007 0
0.066864 0.401505 0.531631
0.136377 0.613623 0.25
0.214291 0.428582 0.357128
0.275806 9.69568e-05 0.724097
0.0666484 8.34819e-05 0.933268
0.066666 0.933334 0
0.39788 0.103705 0.498415
0.933334 0.0666665 0
0.647713 0.102287 0.25
0.241413 0.206805 0.551782
0.000102162 0.749898 0.25
0.0675865 0.239316 0.693098
0.428596 0.285675 0.285729
0.482704 0.172436 0.34486
0.172326 0.551753 0.27592
0.00010332 0.137918 0.861979
0.27579 0.344882 0.379328
0.480073 0.519927 0
0.400001 0.599999 0
0.310034 0.137985 0.551981
0.172395 0.241453 0.586152
0.0333263 0.0666527 0.900021
0.712838 0.0356395 0.251523
9.86263e-05 0.433344 0.566558
0.274868 0.242379 0.482753
0.275806 0.448267 0.275927
0.137545 0.412988 0.449467
0.73332 0.26668 0
0.172416 0.344832 0.482753
0.10728 0.0343368 0.858383
0.00010264 0.655076 0.344822
