0.0333185 3.02338e-05 0.966651
0.137916 0.241364 0.62072
0.482762 0.241381 0.275857
0.103442 0.448279 0.448279
0.241376 0.482767 0.275857
0.310345 0.379307 0.310348
0.241367 0.413783 0.34485
0.300001 0.699999 0
0.206891 0.379314 0.413795
0.137931 0.37931 0.482759
0.137929 0.482752 0.379319
0.799998 0.200002 0
0.607142 0.392858 0
0.656112 0.0687772 0.275111
0.433334 0.566666 0
0.966667 0.0333328 0
0.733336 0.266664 0
0.310338 0.275867 0.413795
0.0689621 0.655181 0.275857
0.0666686 0.933331 0
0.103485 0.586059 0.310456
0.298422 0.105236 0.596342
0.392868 0.357132 0.25
0.105564 0.261051 0.633385
0.137919 0.000103259 0.861978
0.147727 0.40909 0.443183
0.428568 0.142857 0.428575
0.275867 0.172398 0.551735
0.392855 0.607145 0
0.76667 0.23333 0
0.275857 0.344824 0.379319
0.321423 0.428577 0.25
9.9772e-05 0.9999 0
0.0342644 0.143016 0.82272
6.88379e-05 9.78153e-05 0.999833
0.142857 0.857143 0
0.100006 0.899994 0
0.9999 9.98457e-05 0
0.03447 0.379526 0.586004
0.392843 0.250007 0.357151
0.346147 0.000103199 0.65375
0.64285 0.35715 0
0.000103425 0.482709 0.517188
0.517242 0.482758 0
0.517188 0.000103421 0.482709
0.653781 0.00010311 0.346116
9.97716e-05 0.299977 0.699923
0.240002 0.240002 0.519996
0.185145 0.0742727 0.740582
9.98095e-05 0.566605 0.433295
0.035706 0.714294 0.25
0.269228 0.730772 0
0.712784 0.0356412 0.251575
0.433282 9.98272e-05 0.566618
0.586193 0.103452 0.310355
0.214286 0.535714 0.25
0.33333 0.33333 0.33334
0.259265 0.444467 0.296267
0.000100992 0.629564 0.370335
0.545465 0.204535 0.25
0.388957 0.0678942 0.543149
9.92882e-05 0.733267 0.266634
0.068959 0.206881 0.72416
0.833333 0.166667 0
0.576926 0.423074 0
0.214285 0.321431 0.464285
0.241368 0.000103351 0.758528
0.0689494 0.517354 0.413697
0.461536 0.538464 0
0.699996 0.300004 0
9.56322e-05 0.0999896 0.899915
0.333333 0.666667 0
0.137934 0.172418 0.689648
0.749898 0.000102109 0.25
0.89286 0.10714 0
0.32143 0.214285 0.464285
0.0333314 0.966669 0
0.538116 0.0672652 0.394619
0.487931 0.174249 0.33782
0.933333 0.066667 0
0.000103267 0.206874 0.793023
0.206897 0.206897 0.586205
0.0666674 0.0333337 0.899999
0.103463 0.344803 0.551735
0.178553 0.464296 0.357151
0.136364 0.613636 0.25
0.613639 0.136361 0.25
0.464288 0.285712 0.25
0.344826 0.137917 0.517257
0.241551 0.06895 0.689499
0.24137 0.137897 0.620734
0.103447 0.103447 0.793107
0.000101472 0.357101 0.642797
0.200004 0.799996 0
0.586146 0.000103391 0.413751
0.172399 0.275866 0.551735
0.233324 0.766676 0
0.0669871 0.430583 0.50243
0.448275 0.0689656 0.482759
0.166674 0.0333349 0.799991
