0.310345 0.241378 0.448278
0.103442 0.275864 0.620694
0.200005 0.799995 0
0.137948 0.482736 0.379316
0.133335 0.866665 0
0.866663 0.133337 0
0.607143 0.392857 0
0.480004 0.519996 0
0.41375 0.000103293 0.586147
0.166655 9.98983e-05 0.833245
0.62069 0.0689644 0.310345
0.068966 0.344824 0.58621
0.275846 0.379284 0.34487
0.241389 0.44827 0.310341
0.26923 0.73077 0
0.586138 0.000103305 0.413758
0.966678 0.033322 0
0.033333 0.966667 0
0.733332 0.266668 0
0.392846 0.357154 0.25
0.310345 0.310345 0.37931
0.448283 0.206884 0.344833
0.379314 0.0689676 0.551719
0.586216 0.137928 0.275856
0.482759 0.13793 0.379311
0.25 0.5 0.25
0.827579 0.172421 0
0.214283 0.000102314 0.785615
0.107144 0.892856 0
0.00010317 0.379271 0.620625
0.172414 0.517241 0.310345
0.517239 0.172415 0.310346
0.000102169 0.749898 0.25
0.250783 0.0681103 0.681107
0.148148 0.444444 0.407409
0.464247 0.000100418 0.535653
0.142853 0.21428 0.642867
0.639939 0.000100971 0.35996
0.214285 0.321428 0.464287
0.275869 0.13793 0.586201
0.299433 0.187217 0.513351
0.0344788 0.689691 0.27583
0.107288 0.0343342 0.858378
0.370382 0.629618 0
0.642853 0.357147 0
0.103447 0.586208 0.310345
0.108643 0.311986 0.579371
0.000103436 0.517188 0.482709
0.24 0.76 0
0.500002 0.249998 0.25
0.9999 9.99971e-05 0
8.30762e-05 9.98943e-05 0.999817
9.99872e-05 0.9999 0
0.379316 0.241369 0.379315
0.517188 0.000103359 0.482709
0.137931 0.413792 0.448278
0.175222 0.123901 0.700877
0.000102961 0.241354 0.758543
0.517237 0.482763 0
0.766669 0.233331 0
0.333332 0.333332 0.333335
0.71279 0.035628 0.251582
0.310351 0.0689521 0.620697
0.000103379 0.137914 0.861983
0.346104 0.000103059 0.653793
0.448273 0.551727 0
0.0683207 0.409945 0.521735
0.00010104 0.607057 0.392842
0.749898 0.00010218 0.25
0.172415 0.827585 0
0.0666651 0.933335 0
0.576923 0.423077 0
0.0333386 0.0666773 0.899984
0.700006 0.299994 0
0.0689643 0.137929 0.793107
0.10344 0.172411 0.724149
0.543703 0.0679653 0.388332
0.136373 0.613627 0.25
0.444443 0.148146 0.407411
0.234011 0.40123 0.364759
0.06668 9.99132e-05 0.93322
0.933333 0.0666667 0
0.206897 0.17241 0.620692
0.647729 0.102271 0.25
0.0344759 0.275878 0.689646
0.206897 0.241385 0.551719
0.344837 0.172416 0.482747
0.066968 0.502391 0.430641
0.137931 0.103447 0.758622
0.310318 0.413842 0.275839
0.285706 0.285706 0.428587
0.413822 0.275848 0.31033
0.431902 0.100248 0.46785
0.275817 0.000103393 0.72408
0.137636 0.346239 0.516125
0.892861 0.107139 0
0.0001034 0.44823 0.551666
0.310339 0.689661 0
0.4 0.6 0
0.000103425 0.655105 0.344792
