0.137922 0.482764 0.379314
0.482788 0.137923 0.379289
0.866661 0.133339 0
0.133339 0.866661 0
0.206897 0.344827 0.448276
0.379294 0.275869 0.344837
0.519998 0.480002 0
0.41375 0.000103423 0.586147
0.166649 9.6993e-05 0.833254
0.344828 0.172414 0.482758
0.0689653 0.344828 0.586207
0.73077 0.26923 0
0.000103292 0.586147 0.41375
0.96667 0.0333301 0
0.0333316 0.966668 0
0.655105 0.000103431 0.344792
0.310345 0.0689653 0.62069
0.357145 0.392855 0.25
0.551728 0.448272 0
0.214261 0.000102434 0.785636
0.379387 0.0689546 0.551658
9.99902e-05 0.9999 0
0.253996 0.2743 0.471704
0.185181 0.407403 0.407416
0.000103311 0.37927 0.620626
0.107143 0.892857 0
0.689646 0.0344942 0.27586
0.749898 0.000102207 0.25
0.600003 0.399997 0
0.370369 0.629631 0
0.142857 0.607143 0.25
0.000103364 0.517188 0.482709
0.299435 0.187248 0.513317
0.000103325 0.137912 0.861984
0.275862 0.413793 0.310345
0.892854 0.107146 0
0.000100964 0.639928 0.359971
0.517242 0.172413 0.310345
0.107281 0.0343363 0.858383
0.629626 0.370374 0
0.760003 0.239997 0
0.108666 0.311779 0.579555
0.9999 9.95529e-05 0
0.517188 0.000103406 0.482709
0.23333 0.76667 0
0.5 0.25 0.25
0.250633 0.0681273 0.68124
0.27586 0.344833 0.379307
0.482758 0.517242 0
0.172409 0.517244 0.310347
0.000103337 0.241359 0.758538
0.586157 0.103461 0.310382
0.4 0.6 0
0.206894 0.172413 0.620693
9.50544e-05 9.71278e-05 0.999808
0.0356421 0.712789 0.251569
0.333334 0.333334 0.333332
0.068966 0.137932 0.793102
0.346118 0.000103194 0.653779
0.103475 0.551606 0.344918
0.175213 0.123927 0.700859
0.0344814 0.275877 0.689642
0.241379 0.482758 0.275862
0.142848 0.214272 0.642879
0.0666638 3.33255e-05 0.933303
0.310327 0.689673 0
0.607077 0.000101131 0.392822
0.103446 0.17241 0.724144
0.827586 0.172414 0
0.689661 0.310339 0
0.000102117 0.749898 0.25
0.0666683 0.433324 0.500007
0.172415 0.827585 0
0.413792 0.206899 0.379309
0.613637 0.136363 0.25
0.269231 0.730769 0
0.428567 0.571433 0
0.46424 0.000100423 0.53566
0.933332 0.0666679 0
0.0666628 0.933337 0
0.214289 0.249989 0.535722
0.172406 0.275865 0.551729
0.0669861 0.502399 0.430615
0.275864 0.137931 0.586205
0.214286 0.535714 0.25
0.344823 0.241383 0.413795
0.137927 0.413795 0.448278
0.428574 0.285713 0.285713
0.502384 0.0670006 0.430615
0.8 0.2 0
0.13793 0.103444 0.758626
0.137932 0.34483 0.517237
0.0333356 0.0666713 0.899993
0.444439 0.148145 0.407416
0.206907 0.448249 0.344844
0.0689672 0.620681 0.310352
0.396682 0.134512 0.468806
0.448283 0.103433 0.448283
0.275832 0.000103411 0.724064
0.000103433 0.44823 0.551667
