0.204464 0.349627 0.445909
0.103443 0.103443 0.793114
0.103429 0.275865 0.620705
0.4 0.6 0
0.8 0.2 0
0.344913 0.137852 0.517236
0.133381 0.866619 0
0.379307 0.275856 0.344836
0.519992 0.480008 0
0.241389 0.1724 0.586211
5.2424e-05 0.333513 0.666434
0.172415 0.517255 0.310329
0.730763 0.269237 0
0.0689648 0.344828 0.586207
0.966665 0.0333348 0
0.0333336 0.966666 0
9.07528e-05 0.599965 0.399944
0.35819 0.0329086 0.608901
0.655105 0.000103307 0.344792
0.428659 0.285774 0.285567
0.551725 0.448275 0
0.269227 0.730773 0
9.96712e-05 0.9999 0
0.379493 0.068945 0.551562
0.214225 9.54002e-05 0.785679
0.000101123 0.379345 0.620553
0.185067 0.407139 0.407794
0.444443 0.148148 0.407409
0.749898 0.000102219 0.25
0.107137 0.892863 0
0.333337 0.333337 0.333326
0.299447 0.187337 0.513216
0.254244 0.273907 0.471849
0.107219 0.0343451 0.858436
0.175193 0.123727 0.70108
0.629626 0.370374 0
0.214194 0.249985 0.535822
0.108774 0.311199 0.580027
0.000100591 0.639943 0.359956
0.9999 9.96382e-05 0
0.142846 0.607154 0.25
0.000101601 0.137727 0.862171
7.58957e-05 9.07493e-05 0.999833
0.892858 0.107142 0
0.482759 0.517241 0
0.370374 0.629626 0
0.607083 0.000101139 0.392815
0.866661 0.133339 0
0.760013 0.239987 0
0.233332 0.766668 0
0.586219 0.103444 0.310337
0.689714 0.0344764 0.275809
0.0356359 0.71279 0.251574
0.241381 0.482758 0.275861
9.76126e-05 0.241422 0.75848
0.346122 0.000103161 0.653775
0.274931 0.345827 0.379242
0.1381 0.482155 0.379745
0.066647 0.433022 0.500331
0.500009 0.249991 0.25
0.517187 0.000103425 0.482709
0.103375 0.551775 0.34485
0.142858 0.214287 0.642856
0.310296 0.689704 0
0.827587 0.172413 0
0.166653 9.2649e-05 0.833254
0.689657 0.310343 0
0.000101773 0.749898 0.25
0.172435 0.827565 0
0.250915 0.0680954 0.680989
0.0692998 0.137586 0.793114
8.96334e-05 0.448206 0.551704
0.411963 0.210418 0.377619
0.613637 0.136363 0.25
0.428538 0.571462 0
0.502395 0.0669851 0.43062
0.0666534 9.61572e-05 0.93325
0.482723 0.172403 0.344874
0.0666658 0.933334 0
0.068911 0.655229 0.27586
0.0344762 0.275895 0.689629
0.464393 0.000100391 0.535506
0.0670785 0.502432 0.43049
0.27961 0.137229 0.58316
0.206852 0.4483 0.344848
0.357143 0.392857 0.25
0.344769 0.241329 0.413902
0.000103428 0.517187 0.482709
0.551717 0.172423 0.27586
0.44754 0.0687337 0.483726
0.213747 0.536253 0.25
0.137463 0.346812 0.515725
0.0317965 0.066564 0.901639
0.275806 9.57303e-05 0.724098
0.599999 0.400001 0
0.396513 0.134823 0.468664
0.275897 0.413845 0.310257
0.137769 0.41453 0.447701
0.933347 0.066653 0
0.0999121 0.200266 0.699822
