0.103447 0.275859 0.620694
0.2 0.8 0
0.310345 0.310344 0.379311
0.137929 0.48276 0.379311
8.69423e-05 0.200141 0.799772
0.866667 0.133333 0
0.480011 0.519989 0
0.16665 9.9396e-05 0.833251
0.620689 0.0689656 0.310345
0.269232 0.730768 0
0.0689606 0.344829 0.58621
0.586146 0.000103427 0.413751
0.137931 0.413793 0.448276
0.0333339 0.966666 0
0.966668 0.0333322 0
0.379311 0.0689658 0.551724
0.137932 0.103443 0.758625
0.214285 0.321428 0.464287
0.749898 0.000102115 0.25
0.58621 0.13793 0.27586
0.103486 0.586056 0.310457
0.214268 0.000102416 0.78563
0.034482 0.137928 0.82759
0.344828 0.172414 0.482758
0.14815 0.444449 0.407401
0.464254 0.000100417 0.535645
0.310348 0.241373 0.448279
0.275861 0.137931 0.586208
0.142857 0.214285 0.642858
0.133336 0.866664 0
0.639921 0.000101035 0.359978
0.107145 0.892855 0
0.172414 0.517241 0.310345
0.107297 0.0343378 0.858366
0.4 0.6 0
0.9999 9.99862e-05 0
0.000103439 0.517188 0.482709
0.5 0.25 0.25
0.108994 0.311859 0.579148
9.43164e-05 9.25029e-05 0.999813
0.000103341 0.379271 0.620626
0.333333 0.333332 0.333336
0.517188 0.000103416 0.482709
0.432311 0.10018 0.467509
9.99335e-05 0.9999 0
0.428576 0.285717 0.285708
0.357143 0.392857 0.25
0.000103419 0.44823 0.551666
0.517236 0.482764 0
0.206888 0.448279 0.344832
0.239991 0.760009 0
0.000102167 0.749898 0.25
0.766665 0.233335 0
0.285715 0.285714 0.428572
0.370371 0.629629 0
0.000103366 0.241355 0.758542
0.607142 0.392858 0
0.0344824 0.689658 0.275859
0.379309 0.310348 0.310343
0.543709 0.0679633 0.388327
0.34612 0.000102994 0.653777
0.642852 0.357148 0
0.299457 0.187218 0.513325
0.25 0.5 0.25
0.482775 0.137913 0.379312
0.448277 0.551723 0
0.000101113 0.607081 0.392818
0.0666598 9.90715e-05 0.933241
0.172416 0.827584 0
0.310345 0.689655 0
0.827586 0.172414 0
0.444436 0.148142 0.407422
0.576925 0.423075 0
0.250773 0.068117 0.68111
0.448273 0.206895 0.344832
9.9923e-05 0.100032 0.899868
0.699997 0.300003 0
0.41375 0.000103374 0.586147
0.0683362 0.40995 0.521714
0.136377 0.613623 0.25
0.892858 0.107142 0
0.234045 0.401216 0.364739
0.0666661 0.933334 0
0.933334 0.0666659 0
0.0344772 0.275864 0.689659
0.712788 0.0356411 0.251571
0.206896 0.241381 0.551723
0.175221 0.123888 0.700891
0.647727 0.102273 0.25
0.517242 0.172412 0.310346
0.0669893 0.502383 0.430628
0.103431 0.172408 0.724161
0.275834 0.000103353 0.724063
0.275859 0.448281 0.275859
0.379309 0.24138 0.379311
0.137833 0.345293 0.516874
0.206897 0.172413 0.62069
0.000103371 0.655104 0.344792
0.310349 0.0689526 0.620698
0.733333 0.266667 0
