0.137922 0.241388 0.62069
0.517243 0.103449 0.379309
0.448286 0.275856 0.275857
0.8 0.2 0
0.199996 0.800004 0
0.275862 0.172414 0.551724
0.206867 0.379323 0.41381
0.172412 0.103448 0.72414
0.866653 0.133347 0
0.133339 0.866661 0
0.0669869 0.430591 0.502422
0.519999 0.480001 0
0.310303 0.275887 0.41381
0.275872 0.413808 0.310319
0.269231 0.730769 0
0.730765 0.269235 0
0.137877 0.448313 0.413809
0.0333338 0.966666 0
0.966668 0.0333324 0
0.65511 0.000100312 0.344789
0.166668 0.0333335 0.799999
0.0344813 0.379335 0.586183
0.136364 0.613635 0.25
9.97847e-05 0.0999906 0.89991
0.629608 0.370392 0
0.309688 0.103546 0.586766
0.137919 0.000103384 0.861977
0.147727 0.40909 0.443183
0.315795 0.434205 0.25
0.444439 0.148148 0.407413
0.366649 0.633351 0
0.0666664 0.0333332 0.9
0.107143 0.892857 0
0.000101003 0.615347 0.384552
0.0343301 0.141742 0.823928
0.101339 0.358248 0.540413
0.239999 0.239999 0.520001
9.99078e-05 0.733263 0.266637
0.9999 9.99396e-05 0
0.000103374 0.482709 0.517188
0.749898 0.000102255 0.25
0.48276 0.51724 0
9.99595e-05 0.9999 0
0.240002 0.759998 0
0.517188 0.000103353 0.482709
0.204219 0.544522 0.251259
0.333333 0.333333 0.333333
9.613e-05 9.80834e-05 0.999806
0.613588 0.136412 0.25
0.185183 0.0740846 0.740732
0.035714 0.714286 0.25
0.827584 0.172416 0
0.760032 0.239968 0
0.892857 0.107143 0
0.344886 0.137972 0.517141
0.689803 0.0344664 0.275731
0.241379 0.137931 0.62069
0.105566 0.261035 0.633398
0.321428 0.214286 0.464286
9.97446e-05 0.299967 0.699934
0.0689651 0.655173 0.275862
0.346117 0.00010322 0.65378
0.5 0.25 0.25
0.607077 0.000100553 0.392823
0.379285 0.241387 0.379329
0.137931 0.172415 0.689655
0.172413 0.827587 0
0.689667 0.310333 0
0.206991 0.448287 0.344722
0.310342 0.689658 0
0.502392 0.0669949 0.430613
0.214286 0.321428 0.464286
0.42536 0.0338074 0.540833
0.241354 0.000103332 0.758542
0.586184 0.103454 0.310362
0.428557 0.571443 0
0.933335 0.0666651 0
0.000103424 0.206876 0.793021
0.068954 0.517252 0.413794
0.103452 0.551718 0.344831
0.482759 0.172413 0.344828
0.408044 0.295201 0.296755
0.172411 0.275864 0.551725
0.275862 0.0344813 0.689656
0.241374 0.482763 0.275862
0.103448 0.103448 0.793103
0.55171 0.44829 0
0.392866 0.357134 0.25
0.4 0.6 0
0.206896 0.206896 0.586208
0.0689655 0.206895 0.72414
0.000101214 0.357105 0.642794
0.551725 0.172412 0.275862
0.0666721 0.933328 0
0.392851 0.000100486 0.607048
0.6 0.4 0
0.172405 0.517269 0.310326
0.033397 0.501179 0.465424
0.275874 0.344821 0.379305
0.428659 0.100833 0.470508
