0.232 0.00974727 0.758253
0.470827 0.181134 0.348039
0.0668531 0.588636 0.344511
0.0149035 0.324908 0.660189
0.497533 0.14402 0.358447
0.0226593 0.493989 0.483351
0.261906 0.129766 0.608328
0.0833624 0.100218 0.81642
0.350833 0.390449 0.258718
0.347744 0.131981 0.520275
0.378431 0.0347466 0.586822
0.0643052 8.53246e-07 0.935694
0.19948 5.29028e-06 0.800515
0.101929 0.388369 0.509702
0.0235001 0.410619 0.565881
0.413969 0.204986 0.381045
0.175775 0.312908 0.511317
0.155074 0.574194 0.270731
0.103023 0.206372 0.690605
0.38926 0.252294 0.358446
0.237641 0.0675793 0.694779
0.245877 5.26904e-05 0.75407
0.102123 0.647765 0.250112
8.49998e-05 0.310041 0.689874
0.147538 4.52624e-05 0.852417
0.0667771 0.933223 0
0.105579 0.412711 0.48171
0.104399 0.58453 0.311071
0.301576 0.104733 0.593691
0.284449 0.284432 0.431119
0.392198 0.357632 0.25017
0.0341832 0.10296 0.862856
0.0356375 0.714109 0.250253
0.143516 0.446967 0.409517
0.422675 0.14679 0.430535
0.892939 0.107061 0
0.164232 0.239499 0.59627
0.346154 0.653846 0
2.92191e-06 0.733771 0.266226
6.75616e-05 0.629928 0.370005
0.766861 0.233139 0
0.201284 0.0572079 0.741508
0.145101 0.854899 0
9.17927e-05 5.06085e-05 0.999858
0.51719 7.08865e-05 0.48274
0.626643 0.122857 0.2505
0.0688512 0.344327 0.586822
0.517247 0.482753 0
0.999903 9.66237e-05 0
0.333334 0.333318 0.333348
0.167412 0.124823 0.707766
0.000101003 0.482714 0.517185
0.202681 0.797319 0
0.580145 0.102269 0.317585
9.71597e-05 0.999903 0
0.642513 0.357487 0
0.269214 0.730786 0
0.653219 8.80861e-05 0.346693
0.240163 0.240149 0.519687
0.214111 0.535642 0.250247
0.206689 0.375469 0.417842
9.56167e-05 0.233216 0.766688
0.346369 9.82533e-05 0.653533
0.250684 0.390773 0.358543
0.479152 0.241961 0.278886
0.135608 0.212318 0.652074
0.832955 0.167045 0
0.172193 0.336896 0.490911
0.60703 0.39297 0
0.577137 0.422863 0
0.489329 0.510671 0
0.699939 0.300061 0
0.524766 0.0682506 0.406984
0.543478 0.206269 0.250253
0.739036 9.80604e-06 0.260954
0.381691 0.0687703 0.549539
0.137211 0.0686201 0.794169
0.0329139 0.54245 0.424636
4.2313e-05 0.0668018 0.933156
0.344818 0.172442 0.48274
0.296111 0.451802 0.252087
0.0688912 0.17488 0.756228
0.969342 0.0306583 0
7.70314e-05 0.383901 0.616022
0.167971 0.381885 0.450145
0.328691 0.214656 0.456653
0.241548 0.173433 0.585019
0.70215 0.0332726 0.264577
0.44817 0.0337219 0.518108
0.10108 5.56237e-05 0.898865
0.48108 0.160474 0.358447
3.71277e-05 0.167448 0.832515
0.298948 0.701052 0
0.10671 0.285418 0.607871
0.58215 7.72437e-06 0.417842
0.736126 0.263874 0
0.0336765 0.966323 0
0.808919 0.191081 0
0.411465 0.243491 0.345044
0.065323 0.615583 0.319094
