0.517251 0.103445 0.379304
0.172395 0.275793 0.551813
0.800001 0.199999 0
0.206786 0.344848 0.448365
0.866666 0.133334 0
0.137934 0.862066 0
0.379314 0.275856 0.34483
0.520002 0.479998 0
0.413644 9.82983e-05 0.586258
0.166491 5.60565e-05 0.833453
0.0689233 0.344822 0.586255
0.730772 0.269228 0
0.379264 0.172372 0.448365
5.24652e-05 0.333623 0.666324
0.000102904 0.58614 0.413757
0.966665 0.0333347 0
0.0333312 0.966669 0
0.413868 0.103434 0.482698
0.655104 0.000103208 0.344793
0.275852 0.413783 0.310365
0.254574 0.272681 0.472745
9.94005e-05 0.999901 0
0.357177 0.392823 0.25
0.066744 0.432707 0.500549
0.585917 0.103521 0.310562
0.344719 0.241322 0.413959
0.379443 0.0689492 0.551608
0.185157 0.40736 0.407483
0.446149 0.14769 0.406161
0.000103341 0.379276 0.620621
0.142867 0.607133 0.25
0.107145 0.892855 0
0.000100641 0.639968 0.359931
0.892853 0.107147 0
0.551726 0.448274 0
0.107343 0.0343521 0.858305
0.629629 0.370371 0
0.10865 0.311973 0.579377
0.37034 0.62966 0
0.517185 0.000103323 0.482711
0.5 0.25 0.25
0.175262 0.123719 0.701019
9.79597e-05 9.15404e-05 0.99981
0.428567 0.285712 0.28572
9.23651e-05 0.241375 0.758533
0.749898 0.000102204 0.25
0.33333 0.333331 0.333339
0.9999 9.98436e-05 0
0.299472 0.187163 0.513365
0.689663 0.0344818 0.275855
0.482764 0.517236 0
0.599999 0.400001 0
0.76 0.24 0
0.214209 5.11447e-05 0.78574
0.000103292 0.517186 0.48271
0.0356423 0.712783 0.251574
0.233334 0.766666 0
0.0668053 1.89691e-05 0.933176
0.241397 0.482749 0.275854
0.142852 0.214283 0.642865
0.310346 0.689654 0
0.137899 0.413735 0.448365
0.607073 0.000101035 0.392826
0.827584 0.172416 0
0.689664 0.310336 0
0.000102224 0.749898 0.25
0.172416 0.517238 0.310346
0.172435 0.827565 0
0.241354 0.1724 0.586246
6.31597e-06 0.137818 0.862176
0.068929 0.137873 0.793198
0.346122 0.000103196 0.653775
0.241559 0.0690169 0.689424
0.413726 0.206949 0.379325
0.0666639 0.933336 0
0.613641 0.136359 0.25
0.464246 9.96561e-05 0.535654
0.428542 0.571458 0
0.933328 0.0666716 0
0.0344121 0.275882 0.689706
0.214282 0.250002 0.535717
0.275883 0.103441 0.620676
0.399996 0.600004 0
0.000100281 0.448262 0.551638
0.0669244 0.502442 0.430633
0.214285 0.535715 0.25
0.360256 0.135352 0.504392
0.275875 0.344822 0.379304
0.10361 0.550729 0.345662
0.502382 0.0669914 0.430626
0.55168 0.172431 0.275889
0.135958 0.101731 0.762311
0.136919 0.349635 0.513446
9.17196e-06 0.0666056 0.933385
0.20691 0.448245 0.344845
0.27572 5.31201e-05 0.724227
0.482754 0.17242 0.344826
0.068953 0.62078 0.310267
0.269231 0.730769 0
0.103421 0.172383 0.724196
