0.640111 0.359889 0
0.448232 0.103414 0.448355
0.379314 0.10343 0.517256
0.200001 0.799999 0
0.482779 0.24137 0.275851
0.379307 0.310352 0.310342
0.699996 0.300004 0
0.133345 0.866655 0
0.399997 0.600003 0
0.13793 0.24138 0.620691
0.241379 0.137931 0.62069
0.0689654 0.551727 0.379308
0.269239 0.730761 0
0.482736 0.137925 0.379339
0.566662 0.433338 0
0.766667 0.233333 0
0.0333318 0.966668 0
0.966667 0.0333332 0
0.275861 0.413797 0.310341
0.655177 0.0689613 0.275862
0.933333 0.0666674 0
0.14067 0.507777 0.351552
0.585098 0.103723 0.311179
9.99534e-05 0.73326 0.26664
0.178553 0.000102643 0.821344
0.24 0.76 0
0.409091 0.147728 0.443181
0.0357139 0.714286 0.25
0.0691042 0.0344778 0.896418
0.137934 0.379293 0.482773
0.172883 0.311192 0.515925
0.607145 0.392855 0
0.107144 0.892856 0
0.321419 0.178578 0.500004
0.85714 0.14286 0
0.24 0.24 0.52
0.9999 9.9944e-05 0
0.000102244 0.615321 0.384577
9.99705e-05 0.9999 0
0.204205 0.544506 0.251289
0.444596 0.259007 0.296397
0.000102601 0.178553 0.821344
0.105578 0.260951 0.633471
0.333334 0.333334 0.333333
0.730774 0.269226 0
0.517079 0.0689868 0.413935
0.535717 0.214283 0.25
0.103448 0.103448 0.793104
0.357141 0.392859 0.25
0.000103379 0.482709 0.517188
0.366659 0.633341 0
0.482759 0.517241 0
0.260969 0.105576 0.633455
0.147728 0.40909 0.443181
0.125 0.125 0.750001
0.714287 0.0357132 0.25
0.357041 0.249554 0.393405
0.482709 0.000103433 0.517188
0.319963 0.000101912 0.679935
0.03409 0.386357 0.579553
0.103303 0.34575 0.550947
0.000103245 0.310318 0.689579
0.349316 0.0684932 0.582191
0.73326 9.98362e-05 0.26664
0.17242 0.82758 0
0.272343 0.306346 0.421311
0.799999 0.200001 0
0.102031 0.610619 0.28735
0.310327 0.689673 0
0.566579 9.95923e-05 0.433321
0.538458 0.461542 0
0.666667 0.333333 0
0.629562 0.000100665 0.370337
0.172414 0.172414 0.655173
0.250002 0.464292 0.285705
0.0344818 0.103446 0.862072
0.20694 0.0689616 0.724098
0.42857 0.57143 0
0.433317 0.0666721 0.500011
0.0689619 0.206938 0.7241
0.0666666 0.933333 0
0.206897 0.206897 0.586207
9.86684e-05 9.87201e-05 0.999803
0.464329 0.178516 0.357155
0.613637 0.136363 0.25
0.21427 0.392871 0.39286
0.428529 0.000100791 0.57137
0.428589 0.321411 0.25
0.23331 9.98819e-05 0.76659
9.96094e-05 0.0666587 0.933242
9.99631e-05 0.23331 0.76659
0.0344766 0.655182 0.310342
0.0666647 0.466668 0.466667
0.0333209 0.53335 0.433329
0.899986 0.100014 0
0.133323 7.34586e-05 0.866604
0.170441 0.579559 0.25
0.371419 8.73589e-05 0.628493
0.237537 0.289773 0.47269
0.000101476 0.357092 0.642806
