0.241378 0.310343 0.448279
0.310348 0.379308 0.310343
0.310345 0.310345 0.37931
0.482753 0.137933 0.379314
0.133337 0.866663 0
0.866666 0.133334 0
0.137931 0.482759 0.37931
0.392857 0.607143 0
0.000103395 0.41375 0.586146
9.97766e-05 0.166657 0.833243
0.0689535 0.620698 0.310349
0.73077 0.26923 0
0.00010331 0.586143 0.413754
0.413791 0.13793 0.448279
0.0333323 0.966668 0
0.26667 0.73333 0
0.0689637 0.379323 0.551714
0.58615 0.103463 0.310387
0.0679685 0.543689 0.388343
0.148142 0.444447 0.407411
0.12443 0.175114 0.700456
0.444442 0.148147 0.407411
0.214285 0.142857 0.642858
0.137933 0.586205 0.275862
0.749898 0.000102201 0.25
0.35715 0.64285 0
0.89286 0.10714 0
0.000102451 0.214264 0.785634
0.448281 0.206887 0.344832
0.0343353 0.107295 0.85837
0.966667 0.0333326 0
0.000100953 0.639934 0.359965
0.629626 0.370374 0
0.0681249 0.250632 0.681243
0.311963 0.108694 0.579343
0.379272 0.00010325 0.620625
0.172414 0.103446 0.72414
0.187258 0.299432 0.51331
0.0689628 0.310346 0.620691
0.517188 0.000103347 0.482709
0.5 0.25 0.25
0.9999 9.99895e-05 0
0.482759 0.517241 0
0.333335 0.333335 0.33333
0.344826 0.0689656 0.586208
9.71017e-05 9.94778e-05 0.999803
0.137898 0.00010342 0.861998
0.000103413 0.517188 0.482709
0.000100298 0.464252 0.535647
0.760001 0.239999 0
0.241355 0.00010324 0.758542
0.233333 0.766667 0
0.448229 0.000103427 0.551667
0.689646 0.0344949 0.275859
0.0356384 0.712789 0.251572
0.6 0.4 0
0.799998 0.200002 0
0.392856 0.357144 0.25
0.25 0.5 0.25
9.99704e-05 0.9999 0
0.68966 0.31034 0
0.000103149 0.346126 0.653771
0.551724 0.448276 0
0.607077 0.000101083 0.392822
0.000102207 0.749898 0.25
0.275862 0.103447 0.62069
0.827586 0.172414 0
0.107142 0.892858 0
0.172413 0.827587 0
0.321433 0.214288 0.464279
0.423077 0.576923 0
0.241376 0.379314 0.379311
0.137931 0.0689653 0.793104
0.40121 0.23405 0.36474
0.300004 0.699996 0
0.613627 0.136373 0.25
4.47677e-05 0.0666637 0.933292
0.0666694 0.933331 0
0.933335 0.0666645 0
0.409943 0.0683198 0.521737
0.275869 0.0344826 0.689648
0.519994 0.480006 0
0.241378 0.2069 0.551722
0.102274 0.647726 0.25
0.517241 0.172414 0.310345
0.448291 0.275854 0.275855
0.137931 0.275862 0.586207
0.172407 0.517245 0.310347
0.172414 0.344827 0.482759
0.50239 0.0669841 0.430626
0.103445 0.137928 0.758627
0.0666694 0.0333347 0.899996
0.100258 0.431864 0.467878
0.285709 0.42857 0.285721
0.000103293 0.275833 0.724064
0.206891 0.448279 0.34483
0.345104 0.137873 0.517023
0.285708 0.285708 0.428585
0.172413 0.206897 0.620691
0.655105 0.000103402 0.344792
