0.599997 0.400003 0
0.200002 0.799998 0
0.275862 0.172414 0.551724
0.413798 0.310346 0.275856
0.172411 0.344829 0.48276
0.133336 0.866664 0
0.103444 0.448279 0.448278
0.480012 0.519988 0
0.000103082 0.413752 0.586145
0.517241 0.172413 0.310345
9.99091e-05 0.166651 0.833249
0.344827 0.0689634 0.586209
0.269231 0.730769 0
0.586145 0.000103163 0.413752
0.0333291 0.966671 0
0.310352 0.275848 0.4138
0.000103313 0.655105 0.344792
0.966664 0.0333365 0
0.392856 0.357144 0.25
0.607123 0.142877 0.25
0.000102173 0.214246 0.785652
0.407417 0.185165 0.407418
0.370372 0.629628 0
0.137915 0.000101708 0.861984
0.103472 0.586113 0.310415
0.000102208 0.749898 0.25
0.62963 0.37037 0
0.639925 0.000100326 0.359974
0.712775 0.0356419 0.251584
0.274303 0.253995 0.471703
0.517188 0.000103391 0.482708
0.9999 9.95566e-05 0
0.275849 0.0344788 0.689673
0.000103414 0.517171 0.482726
0.241356 0.000103294 0.758541
0.333334 0.333334 0.333332
0.107142 0.892858 0
0.344838 0.137925 0.517238
0.448277 0.551723 0
0.123745 0.175252 0.701003
0.137928 0.482751 0.379321
0.0343314 0.107287 0.858382
0.51724 0.48276 0
0.239991 0.760009 0
0.172414 0.517238 0.310348
0.311833 0.108659 0.579508
0.0344848 0.689659 0.275856
0.000102725 0.346127 0.65377
0.275852 0.379319 0.344829
0.379272 0.000103027 0.620625
0.766672 0.233328 0
0.482764 0.24138 0.275856
0.892858 0.107142 0
0.285709 0.428562 0.285729
0.249997 0.500003 0.25
0.551577 0.103481 0.344942
0.214284 0.142858 0.642858
0.172415 0.827585 0
0.000101151 0.607055 0.392844
0.344829 0.206894 0.448277
0.310344 0.689656 0
0.749898 0.000101729 0.25
0.431732 0.0668547 0.501413
0.827583 0.172417 0
0.0689538 0.379415 0.551631
0.0681533 0.250331 0.681516
0.571431 0.428569 0
0.137932 0.0689656 0.793102
8.75512e-05 9.91386e-05 0.999813
0.137933 0.275874 0.586192
0.207711 0.413366 0.378923
0.136382 0.613618 0.25
0.0666622 0.0333082 0.90003
8.68486e-05 0.066648 0.933265
0.933336 0.0666639 0
0.000100174 0.464242 0.535657
0.06667 0.93333 0
0.148128 0.444521 0.407351
0.249991 0.214281 0.535728
0.689663 0.310337 0
0.535723 0.214273 0.250004
0.866665 0.133335 0
0.241374 0.34483 0.413795
0.0669879 0.502394 0.430618
0.187119 0.299399 0.513483
0.379308 0.275863 0.344829
0.103448 0.137929 0.758623
0.502395 0.0669862 0.430618
0.620719 0.0689326 0.310348
0.000103021 0.275847 0.72405
0.448255 0.206904 0.34484
0.730778 0.269222 0
0.44823 0.000103308 0.551667
0.135167 0.396383 0.468451
0.413793 0.13793 0.448277
0.400001 0.599999 0
0.172415 0.206887 0.620698
9.98234e-05 0.9999 0
0.172407 0.103443 0.72415
0.0689594 0.310318 0.620723
