0.241368 0.310353 0.448279
0.799995 0.200005 0
0.310338 0.310344 0.379318
0.27587 0.10345 0.620681
0.866667 0.133333 0
0.133334 0.866666 0
0.137866 0.482808 0.379326
0.392865 0.607135 0
0.519998 0.480002 0
9.37785e-05 0.413738 0.586168
0.517252 0.137919 0.34483
9.86732e-05 0.166649 0.833252
0.0689613 0.620693 0.310345
0.344823 0.0689566 0.58622
0.966668 0.0333322 0
0.0333327 0.966667 0
0.413791 0.13793 0.448279
0.266668 0.733332 0
0.214296 0.142858 0.642845
0.321424 0.214283 0.464293
0.655105 0.000103337 0.344792
0.000102449 0.214265 0.785632
0.250004 0.499996 0.25
0.148148 0.444444 0.407408
0.428543 0.214272 0.357185
0.749898 0.000102157 0.25
0.35715 0.64285 0
0.187173 0.299458 0.513369
0.0343345 0.107295 0.85837
0.0689495 0.379393 0.551658
0.448311 0.241359 0.31033
0.629622 0.370378 0
0.311633 0.109636 0.578732
0.0689618 0.31035 0.620688
0.444444 0.148148 0.407408
0.00010339 0.517188 0.482709
0.137917 0.586223 0.27586
9.99784e-05 0.9999 0
0.137917 0.000103375 0.861979
0.107143 0.892857 0
0.760001 0.239999 0
0.517188 0.000103346 0.482709
0.689661 0.310339 0
0.357141 0.392859 0.25
0.9999 9.99864e-05 0
0.482759 0.517241 0
0.12411 0.175178 0.700712
0.333332 0.333332 0.333335
0.379346 0.241315 0.379339
0.233321 0.766679 0
0.000100593 0.639913 0.359987
0.000103163 0.346118 0.653779
0.689656 0.0344838 0.27586
0.172374 0.206886 0.62074
9.86915e-05 9.97067e-05 0.999802
0.892857 0.107143 0
0.241354 0.000103408 0.758542
0.379276 0.000102927 0.620621
0.5 0.25 0.25
0.551731 0.448269 0
0.607078 0.000101073 0.392821
0.000102231 0.749898 0.25
0.502394 0.0669848 0.430621
0.172391 0.827609 0
0.102273 0.647727 0.25
0.241389 0.379298 0.379313
0.42307 0.57693 0
0.068102 0.250912 0.680986
0.137911 0.0689556 0.793133
0.300005 0.699995 0
0.035637 0.712774 0.251589
0.409943 0.0683551 0.521702
0.172418 0.344826 0.482756
0.613635 0.136365 0.25
0.933333 0.0666665 0
1.50178e-05 0.0666645 0.93332
0.0666646 0.933335 0
0.585869 0.103533 0.310598
0.275931 0.0344724 0.689596
0.241405 0.206893 0.551702
0.000100067 0.464275 0.535625
0.137927 0.275904 0.58617
0.448235 0.000102662 0.551663
0.172418 0.517213 0.310369
0.0679779 0.543812 0.38821
0.551729 0.172427 0.275845
0.417695 0.303833 0.278472
0.28571 0.28571 0.428579
0.827586 0.172414 0
0.0666537 0.0333323 0.900014
0.275865 0.413791 0.310344
0.100253 0.431932 0.467816
0.730767 0.269233 0
9.77303e-05 0.275821 0.724081
0.344946 0.137908 0.517146
0.000103233 0.586117 0.413779
0.6 0.4 0
0.206896 0.448274 0.34483
0.103446 0.137928 0.758626
0.206848 0.0689494 0.724202
