0.137919 0.482784 0.379297
0.800005 0.199995 0
0.172374 0.275821 0.551804
0.486198 0.137013 0.376789
0.133324 0.866676 0
0.344825 0.172412 0.482763
0.379315 0.275855 0.34483
0.519993 0.480007 0
0.4 0.6 0
0.413736 0.000103248 0.586161
0.172412 0.517241 0.310347
0.730767 0.269233 0
0.000103165 0.586138 0.413759
0.0333287 0.966671 0
0.96667 0.0333298 0
0.655105 0.000103389 0.344792
0.275862 0.413793 0.310345
0.551723 0.448277 0
0.357156 0.392844 0.25
0.107307 0.0343322 0.858361
0.448265 0.103449 0.448286
0.379502 0.0689439 0.551554
0.000102833 0.379271 0.620626
0.214273 0.000102392 0.785624
0.444464 0.148153 0.407384
0.749898 0.000102253 0.25
0.107146 0.892854 0
0.9999 9.99871e-05 0
0.166642 7.60232e-05 0.833282
0.892856 0.107144 0
0.586204 0.103449 0.310347
0.370369 0.629631 0
0.108756 0.311255 0.579989
0.5 0.25 0.25
0.000100963 0.639925 0.359974
9.99867e-05 0.9999 0
0.428571 0.285711 0.285718
0.000103339 0.137911 0.861986
0.517187 0.000103421 0.482709
0.333335 0.333335 0.333329
0.241373 0.482772 0.275855
6.88083e-05 9.48804e-05 0.999836
0.482764 0.517236 0
0.299185 0.187929 0.512887
0.346118 0.000103206 0.653779
0.175119 0.124424 0.700456
0.185172 0.407368 0.40746
0.689669 0.0344773 0.275853
0.233318 0.766682 0
0.629616 0.370384 0
0.000103437 0.517187 0.482709
0.82757 0.17243 0
0.760002 0.239998 0
0.866654 0.133346 0
0.142895 0.607105 0.25
0.137928 0.413786 0.448286
0.613636 0.136363 0.25
0.0356323 0.712794 0.251573
0.214286 0.535714 0.25
0.25405 0.274159 0.471791
0.000103341 0.241386 0.758511
0.0689596 0.344834 0.586206
0.103474 0.551615 0.344911
0.137931 0.103447 0.758622
0.14286 0.21429 0.642851
0.310344 0.689656 0
0.607076 0.000101109 0.392823
0.0666323 1.27581e-05 0.933355
0.689665 0.310335 0
0.066835 0.431907 0.501258
0.000103345 0.448249 0.551648
0.172418 0.827582 0
0.933334 0.0666662 0
0.249807 0.0681996 0.681994
0.275863 0.137932 0.586205
0.0689626 0.137933 0.793104
0.413774 0.206934 0.379291
0.428559 0.571441 0
0.275862 0.344837 0.3793
0.0666691 0.933331 0
0.0333335 0.0666707 0.899996
0.214289 0.25 0.535711
0.0344621 0.275902 0.689636
0.46425 0.000100375 0.53565
0.0669849 0.502397 0.430618
0.344829 0.241378 0.413793
0.517242 0.172412 0.310345
0.502389 0.0669927 0.430618
0.137932 0.344829 0.51724
0.206899 0.448271 0.34483
0.206893 0.344821 0.448286
0.0688873 0.620743 0.31037
0.275829 0.000103162 0.724068
0.31033 0.0689621 0.620708
0.396878 0.134024 0.469098
0.000102058 0.749898 0.25
0.600003 0.399997 0
0.269226 0.730774 0
0.206893 0.172401 0.620706
0.103444 0.172407 0.724149
