0.356955 0.167741 0.475304
0.40541 0.270257 0.324333
0.331108 0.300992 0.3679
0.331219 0.414007 0.254774
0.123044 0.292335 0.58462
0.0988568 0.485949 0.415195
0.652175 0.0978245 0.25
0.499999 0.25 0.25
0.183673 0.489795 0.326531
0.733322 0.266678 0
0.266671 0.733329 0
0.200004 0.300007 0.499989
0.101072 0.224781 0.674147
0.60001 0.39999 0
0.4 0.6 0
0.199983 0.800017 0
0.157894 0.842106 0
0.158997 0.300365 0.540637
0.505711 0.133084 0.361204
0.2 0.4 0.4
0.205047 0.220827 0.574126
0.275861 0.172403 0.551737
0.399999 0.2 0.4
0.0307346 0.139466 0.829799
0.3125 0.6875 0
0.257139 0.37143 0.37143
0.131865 0.510649 0.357486
0.111121 0.111121 0.777757
0.37932 0.310338 0.310342
0.0504448 0.316514 0.633041
0.235295 0.764705 0
0.904752 0.0952483 0
0.642855 0.357145 0
0.357142 0.642858 0
0.0255541 0.708695 0.265751
0.246548 0.287028 0.466423
0.144232 0.605768 0.25
0.420374 0.0891901 0.490436
1 0 0
0.475538 0.167822 0.35664
0.285716 0.464284 0.25
0.0952428 0.904757 0
0.724137 0.0258624 0.25
0.6 0.15 0.25
0.283529 0.0530713 0.6634
0 1 0
0.333332 0.333332 0.333336
0.0626906 0.216313 0.720997
0.556709 0.0721514 0.371139
0.17266 0.551559 0.275781
0.0441185 0.573526 0.382356
0.0416746 0.0416746 0.916651
0.176359 0.187189 0.636452
0 0 1
0.0891692 0.420391 0.49044
0.138538 0.0307668 0.830696
0.632919 0.0506274 0.316453
0.47826 0.239131 0.282609
0.227273 0.454544 0.318183
0.305555 0.083331 0.611114
0.764704 0.235296 0
0.842107 0.157893 0
0.267041 0.347217 0.385742
0.571427 0.428573 0
0.155012 0.0704344 0.774554
0.399998 0.350002 0.25
0.323703 0.231208 0.445089
0.961543 0.0384573 0
0.382537 0.044103 0.57336
0.5 0.5 0
0.165866 0.113745 0.720389
0.301009 0.367898 0.331093
0.454545 0.295455 0.25
0.240975 0.132484 0.626541
0.135659 0.254217 0.610123
0.342862 0.142858 0.51428
0.235282 0.509808 0.25491
0.687501 0.312499 0
0.339614 0.377373 0.283013
0.491228 0.0175436 0.491228
0.37145 0.25712 0.37143
0.0680766 0.387342 0.544582
0.27848 0.41772 0.303801
0.527955 0.155286 0.316758
0.132205 0.162703 0.705092
0.142882 0.428562 0.428556
0.0833103 0.666689 0.25
0.428583 0.142861 0.428556
0.1767 0.352104 0.471196
0.428572 0.571428 0
0.0384588 0.961541 0
0.0175436 0.491228 0.491228
0.3038 0.27848 0.417719
0.559322 0.186442 0.254237
0.259811 0.222058 0.51813
0.584618 0.12307 0.292313
0.079747 0.122775 0.797478
0.0833311 0.6111 0.305568
0.445522 0.207925 0.346553
0.8 0.2 0
