0.200002 0.799998 0
0.206898 0.413791 0.379311
0.310345 0.310345 0.379311
0.866659 0.133341 0
0.27586 0.172413 0.551727
0.166683 0.10001 0.733307
0.6 0.4 0
0.172393 0.275869 0.551738
0.480005 0.519995 0
9.983e-05 0.166651 0.833249
0.269231 0.730769 0
0.730771 0.269229 0
0.413793 0.275862 0.310345
0.966677 0.0333225 0
0.0333295 0.966671 0
0.000103151 0.655105 0.344792
0.100536 0.430311 0.469153
0.310318 0.000103405 0.689579
0.448277 0.551723 0
0.148144 0.44443 0.407426
0.428575 0.321425 0.25
0.000103386 0.517185 0.482712
0.285714 0.285714 0.428573
0.586207 0.103448 0.310345
0.034484 0.689654 0.275862
0.000102463 0.214263 0.785634
0.13793 0.241378 0.620692
0.000103265 0.275823 0.724074
0.214285 0.321427 0.464288
0.103443 0.310356 0.586201
0.000101044 0.392817 0.607082
0.633336 0.366664 0
0.344834 0.068965 0.586201
0.107145 0.892855 0
0.0343343 0.10731 0.858356
0.24 0.24 0.52
0.482709 0.000103384 0.517188
0.892855 0.107145 0
0.250002 0.499998 0.25
0.344821 0.206894 0.448284
0.103445 0.58621 0.310345
0.4 0.6 0
9.99436e-05 0.9999 0
0.544524 0.204201 0.251275
0.333334 0.333334 0.333332
9.99707e-05 7.41995e-05 0.999826
0.233316 9.98902e-05 0.766584
0.124777 0.168147 0.707076
0.136358 0.613642 0.25
0.133355 0.866645 0
0.714306 0.0356937 0.25
0.800001 0.199999 0
0.9999 9.97941e-05 0
0.240001 0.759999 0
0.482775 0.241357 0.275868
0.275864 0.448274 0.275862
0.759999 0.240001 0
0.51724 0.48276 0
0.000103212 0.34612 0.653777
0.73326 9.97552e-05 0.26664
0.214289 0.142857 0.642855
0.000101103 0.607061 0.392838
0.0337684 0.42589 0.540342
0.172413 0.827587 0
0.827587 0.172413 0
0.310325 0.689675 0
0.379274 0.241452 0.379273
0.137945 0.0689637 0.793091
0.689659 0.310341 0
0.321436 0.178562 0.500002
0.0684935 0.246573 0.684934
0.296246 0.407436 0.296318
0.520699 0.0684724 0.410829
0.571434 0.428566 0
0.379272 0.000103279 0.620624
0.482764 0.172418 0.344818
0.0666624 0.933338 0
0.933343 0.0666572 0
0.172401 0.4828 0.3448
0.413792 0.0344808 0.551727
0.37938 0.103432 0.517188
1.99939e-05 0.0666637 0.933316
0.370373 0.629627 0
0.357137 0.392863 0.25
0.178566 0.214282 0.607151
0.428567 0.142865 0.428569
0.613635 0.136365 0.25
0.103441 0.137923 0.758636
0.137929 0.344836 0.517235
0.0669701 0.502399 0.43063
0.241385 0.0689564 0.689658
0.000101945 0.749898 0.25
0.166651 9.94758e-05 0.833249
0.615331 0.000102381 0.384567
0.501169 0.0334171 0.465414
0.249997 0.392864 0.357139
0.103428 0.000103102 0.896469
0.655173 0.0344816 0.310345
0.27586 0.103447 0.620693
0.172405 0.55173 0.275865
