0.103446 0.275855 0.620699
0.200001 0.799999 0
0.310339 0.241394 0.448268
0.310346 0.310341 0.379312
0.137931 0.482759 0.37931
8.31567e-05 0.199983 0.799934
0.866659 0.133341 0
0.482768 0.137916 0.379316
0.607139 0.392861 0
0.206889 0.448292 0.344819
0.41375 0.00010342 0.586147
0.166671 9.98677e-05 0.833229
0.620697 0.0689539 0.310349
0.0689303 0.344834 0.586236
0.586148 0.000103417 0.413748
0.137928 0.413805 0.448268
0.966664 0.0333359 0
0.379324 0.0689639 0.551712
0.379299 0.310365 0.310336
0.214289 0.32143 0.464281
0.0344809 0.137945 0.827574
0.214292 0.000102353 0.785605
0.0683255 0.409951 0.521723
0.000102995 0.379271 0.620626
0.27588 0.137937 0.586183
0.250233 0.0681634 0.681604
0.444439 0.148146 0.407415
0.639933 0.000100923 0.359966
0.586235 0.137924 0.275842
0.299443 0.187156 0.5134
0.892856 0.107144 0
0.733333 0.266667 0
0.107138 0.892862 0
0.10729 0.0343403 0.85837
0.103486 0.586056 0.310458
0.0344978 0.689644 0.275858
0.148146 0.444438 0.407416
0.480011 0.519989 0
0.370379 0.629621 0
0.9999 9.97548e-05 0
0.576924 0.423076 0
9.9969e-05 0.9999 0
0.000102863 0.517181 0.482717
9.99067e-05 7.94652e-05 0.999821
0.000103378 0.241353 0.758543
0.543708 0.067957 0.388335
0.000102003 0.749898 0.25
0.33334 0.333335 0.333325
0.239994 0.760006 0
0.448271 0.551729 0
0.517242 0.482758 0
0.142848 0.21427 0.642883
0.517181 0.000103371 0.482715
0.766673 0.233327 0
0.346112 0.000102799 0.653785
0.0666703 0.93333 0
0.269233 0.730767 0
0.5 0.25 0.25
0.206892 0.172415 0.620693
0.712779 0.035654 0.251567
0.642848 0.357152 0
0.175122 0.124387 0.700491
0.2857 0.285695 0.428606
0.249999 0.500001 0.25
0.000100776 0.607079 0.39282
0.344827 0.172414 0.482759
0.357152 0.392848 0.25
0.749898 0.000101895 0.25
0.172415 0.827585 0
0.310329 0.689671 0
0.827583 0.172417 0
9.98435e-05 0.10001 0.89989
0.234078 0.401203 0.36472
0.379302 0.241382 0.379315
0.7 0.3 0
0.136368 0.613632 0.25
0.933328 0.0666725 0
0.0344802 0.275864 0.689656
0.206901 0.241387 0.551712
0.000103207 0.655104 0.344792
0.0666625 5.63926e-05 0.933281
0.137922 0.103449 0.75863
0.647726 0.102274 0.25
0.46424 0.000100358 0.535659
0.133338 0.866662 0
0.172414 0.517241 0.310345
0.517242 0.172413 0.310345
0.0669727 0.502398 0.43063
0.428558 0.285712 0.285731
0.103442 0.172408 0.72415
0.431869 0.100262 0.467868
0.275796 0.000102925 0.724101
0.108964 0.311858 0.579178
0.275856 0.448287 0.275857
0.137713 0.345904 0.516383
0.000103365 0.44823 0.551667
0.033318 0.966682 0
0.400002 0.599998 0
0.448331 0.20685 0.34482
0.310345 0.0689634 0.620691
