0.275518 0.379474 0.345008
0.310362 0.241337 0.448301
0.103452 0.275845 0.620703
0.200004 0.799996 0
0.137922 0.482764 0.379314
0.866667 0.133333 0
0.133333 0.866667 0
0.60714 0.39286 0
0.480042 0.519958 0
0.413747 0.000102586 0.58615
0.166647 9.99648e-05 0.833253
0.620712 0.0689394 0.310349
0.241385 0.448274 0.310341
0.068966 0.344823 0.586211
0.269232 0.730768 0
0.586136 0.000103208 0.413761
0.966668 0.0333315 0
0.0333327 0.966667 0
0.137917 0.413788 0.448295
0.733334 0.266666 0
0.392848 0.357152 0.25
0.586233 0.137921 0.275846
0.214261 0.000102382 0.785637
0.517232 0.172417 0.310351
0.103449 0.586203 0.310348
0.172424 0.517213 0.310363
0.000103428 0.379271 0.620625
0.0666673 0.933333 0
0.444442 0.148146 0.407412
0.000102187 0.749898 0.25
0.175232 0.123853 0.700916
0.892857 0.107143 0
0.749898 0.000102155 0.25
0.37037 0.62963 0
0.10869 0.311961 0.579349
0.107141 0.892859 0
0.9999 9.97332e-05 0
9.99405e-05 0.9999 0
0.379312 0.0689648 0.551723
0.0666559 8.78359e-05 0.933256
0.64286 0.35714 0
0.206887 0.241381 0.551732
0.148142 0.444445 0.407413
0.333334 0.333334 0.333333
0.000103417 0.517188 0.482709
0.107296 0.0343342 0.85837
5.81894e-05 9.80052e-05 0.999844
0.034485 0.689659 0.275856
0.000100795 0.607084 0.392815
0.500009 0.249991 0.25
0.346119 0.000103213 0.653778
0.639932 0.000100659 0.359967
0.344829 0.172406 0.482765
0.000103417 0.241353 0.758544
0.517241 0.482759 0
0.517188 0.000103434 0.482709
0.239979 0.760021 0
0.214285 0.321427 0.464287
0.647717 0.102283 0.25
0.766668 0.233332 0
0.712784 0.0356455 0.251571
0.25 0.5 0.25
0.413812 0.275849 0.310339
0.172416 0.827584 0
0.310349 0.413796 0.275855
0.31034 0.68966 0
0.827582 0.172418 0
0.44827 0.55173 0
0.0669772 0.502411 0.430612
0.576926 0.423074 0
0.482759 0.13793 0.379312
0.137931 0.103448 0.758621
0.310358 0.0689331 0.620709
0.250895 0.0681083 0.680997
0.379318 0.241366 0.379316
0.0689665 0.137933 0.793101
0.700004 0.299996 0
0.142849 0.214335 0.642816
0.0682884 0.409955 0.521757
0.310344 0.310344 0.379311
0.543805 0.0679805 0.388215
0.136376 0.613624 0.25
0.234039 0.401212 0.364749
0.933333 0.0666667 0
0.0344728 0.275888 0.689639
0.464244 0.000100317 0.535656
0.000103332 0.137913 0.861984
0.275833 0.000103405 0.724064
0.299419 0.1873 0.513282
0.27587 0.137928 0.586203
0.285714 0.285714 0.428573
0.033334 0.066668 0.899998
0.431886 0.100253 0.467862
0.137904 0.344932 0.517163
0.000103166 0.448241 0.551656
0.4 0.6 0
0.448291 0.206896 0.344813
0.20689 0.172411 0.620699
0.0689522 0.206892 0.724156
0.000103339 0.655112 0.344784
