0.800002 0.199998 0
0.2 0.8 0
0.310345 0.310345 0.37931
0.17241 0.275863 0.551727
0.379304 0.206899 0.413797
0.866667 0.133333 0
0.133334 0.866666 0
0.241386 0.137924 0.62069
0.6 0.4 0
0.413793 0.275862 0.310345
0.730762 0.269238 0
0.26923 0.73077 0
0.44828 0.137923 0.413797
0.480001 0.519999 0
0.0333352 0.966665 0
0.000103424 0.655104 0.344792
0.100337 0.431419 0.468243
0.551662 0.000103402 0.448234
0.73326 9.99673e-05 0.26664
0.103449 0.586206 0.310346
0.260862 0.105594 0.633544
0.103446 0.517243 0.379311
0.0666983 0.499777 0.433524
0.000103418 0.137925 0.861972
0.966668 0.0333321 0
0.409073 0.147737 0.443189
0.241375 0.448284 0.310341
0.613642 0.136358 0.25
0.892856 0.107144 0
0.370374 0.629626 0
0.275862 0.275862 0.448276
0.615324 0.000102544 0.384574
0.240002 0.240002 0.519995
0.103478 0.310154 0.586368
0.137929 0.241381 0.62069
0.482709 0.000103421 0.517187
0.136365 0.613635 0.25
0.148149 0.444443 0.407408
0.517241 0.482759 0
0.357144 0.249995 0.392861
9.98399e-05 0.9999 0
9.81333e-05 8.20458e-05 0.99982
0.0344846 0.689654 0.275861
0.633337 0.366663 0
0.000103376 0.241355 0.758541
0.206897 0.206897 0.586207
0.0742015 0.185163 0.740636
0.000103381 0.517187 0.482709
0.333333 0.333333 0.333335
0.9999 9.99516e-05 0
0.544504 0.204196 0.2513
0.379868 0.0344517 0.58568
0.172413 0.827587 0
0.714287 0.035713 0.25
0.107142 0.892858 0
0.551725 0.10345 0.344826
0.000103183 0.346128 0.653769
0.68966 0.31034 0
0.29997 9.99615e-05 0.69993
0.25 0.5 0.25
0.103448 0.172405 0.724147
0.214278 0.321416 0.464306
0.000101167 0.607081 0.392818
0.0338114 0.425133 0.541055
0.0999899 9.99682e-05 0.89991
0.172414 0.137932 0.689655
0.517247 0.172405 0.310348
0.827579 0.172421 0
0.310341 0.689659 0
0.655177 0.0689597 0.275864
0.448274 0.206899 0.344826
0.321436 0.178572 0.499992
0.448279 0.551721 0
0.296286 0.407417 0.296298
0.143007 0.0342795 0.822713
0.206877 0.000103324 0.79302
0.571437 0.428563 0
0.24 0.76 0
0.933334 0.0666663 0
0.0666674 0.933333 0
0.517263 0.0689453 0.413791
0.172412 0.482764 0.344824
0.0333335 0.0666671 0.899999
0.137908 0.344939 0.517154
0.482762 0.241374 0.275864
0.000102257 0.749898 0.25
0.0344827 0.275861 0.689656
0.345478 0.103347 0.551175
0.172418 0.551714 0.275868
0.103447 0.103447 0.793106
0.759995 0.240005 0
0.357145 0.392855 0.25
0.434207 0.315793 0.25
0.206889 0.0689639 0.724147
0.241382 0.379305 0.379312
0.357108 0.000101338 0.642791
0.000101153 0.39282 0.607079
0.4 0.6 0
0.430608 0.0669885 0.502403
0.0333332 0.16667 0.799997
