0.352154 0.239221 0.408625
0.105348 0.610748 0.283905
0.660966 0.0289475 0.310086
0.0326919 0.264194 0.703114
0.616437 0.00714624 0.376417
0.211187 0.43947 0.349343
0.0976927 0.440019 0.462289
0.0997799 0.90022 0
0.368477 0.168596 0.462927
0.281439 0.199069 0.519492
0.204743 0.473076 0.322181
0.243257 0.506208 0.250535
0.270412 2.69078e-05 0.729561
0.271952 0.376994 0.351055
0.0304498 0.546407 0.423143
0.0170664 0.0278129 0.955121
0.130325 0.372632 0.497043
0.712195 0.287805 0
0.136129 0.242215 0.621656
0.639204 0.0956339 0.265162
0.0305664 0.660707 0.308726
0.103645 0.589637 0.306719
8.81884e-05 0.34621 0.653702
0.551551 0.448449 0
0.236589 0.45626 0.30715
0.185014 8.92448e-05 0.814897
0.653627 6.02522e-05 0.346313
0.142904 0.428495 0.4286
0.111509 0.888491 0
0.442897 0.148479 0.408625
0.030293 0.969707 0
4.9414e-05 0.596571 0.40338
0.35735 0.64265 0
0.629226 0.370774 0
0.0999505 9.94573e-06 0.90004
0.071374 0.0714078 0.857218
0.43739 6.87686e-06 0.562603
0.240235 0.240273 0.519492
4.29058e-05 0.215574 0.784383
8.60825e-05 0.517015 0.482899
0.482981 0.517019 0
0.449512 0.299992 0.250496
0.0355623 0.70143 0.263008
0.140771 0.49993 0.359299
8.69398e-05 9.25269e-05 0.999821
0.203223 0.546242 0.250535
0.303149 0.696851 0
0.999901 9.94966e-05 0
0.333308 0.333269 0.333422
8.28233e-05 0.999917 0
5.80731e-05 0.29178 0.708162
0.892857 0.107143 0
0.517174 9.7513e-05 0.482728
0.284984 0.284234 0.430782
0.321704 0.428115 0.250181
0.500234 0.249604 0.250162
0.307886 0.13608 0.556034
0.760112 0.239888 0
0.10408 0.307179 0.58874
0.701588 0.0350904 0.263321
0.350701 0.0682863 0.581013
0.357742 0.247167 0.39509
0.233253 0.766747 0
0.549844 0.106215 0.343942
0.2499 0.106885 0.643215
0.319827 3.32146e-05 0.68014
0.827298 0.172702 0
0.687848 0.312152 0
0.933142 0.0668578 0
8.513e-06 0.102777 0.897215
0.254392 0.412231 0.333377
0.411223 0.588777 0
0.585493 9.37403e-06 0.414498
0.170435 0.339621 0.489944
0.0327019 0.168201 0.799097
0.172581 0.069064 0.758355
0.440216 0.0684999 0.491285
0.611921 0.136712 0.251367
0.0651889 0.935176 4.65329e-05
0.730649 7.27044e-05 0.269278
0.411736 0.290743 0.297522
0.193148 0.806852 0
0.123632 0.175575 0.700793
0.17831 0.213303 0.608387
0.0595964 0.449686 0.490717
7.51677e-05 0.37767 0.622255
0.0660549 0.251622 0.682323
0.124416 0.625224 0.25036
0.395484 0.13276 0.471756
0.0973645 0.102105 0.800531
0.249074 0.344104 0.406821
0.0649177 0.563256 0.371827
0.466717 0.169588 0.363695
0.314506 0.213739 0.471756
0.233315 0.0319804 0.734704
0.734013 0.015806 0.250181
0.378543 0.34329 0.278166
0.969085 0.0309148 0
0.381002 3.79122e-05 0.61896
0.852535 0.147465 0
