0.4 0.6 0
0.800005 0.199995 0
0.172407 0.275865 0.551727
0.482752 0.137929 0.37932
0.862057 0.137943 0
0.133342 0.866658 0
0.344814 0.137919 0.517267
0.206896 0.344826 0.448278
0.519996 0.480004 0
0.172399 0.517251 0.31035
0.166658 1.44058e-05 0.833328
0.0689539 0.344775 0.586271
0.730771 0.269229 0
0.000102839 0.586135 0.413762
0.0333247 0.966675 0
0.966668 0.0333323 0
0.310345 0.068965 0.62069
0.655105 0.0001032 0.344792
0.253903 0.274576 0.471521
6.43384e-05 9.4906e-05 0.999841
0.000103272 0.137917 0.86198
0.413747 0.000103273 0.58615
0.142854 0.607146 0.25
0.37037 0.62963 0
0.586093 0.103477 0.310431
0.275833 0.000102842 0.724064
0.444575 0.148113 0.407312
0.107147 0.892853 0
0.551723 0.448277 0
0.000100911 0.639961 0.359938
0.379323 0.0689583 0.551719
0.107319 0.0343341 0.858347
0.000102797 0.379272 0.620625
0.000103125 0.51718 0.482717
0.108689 0.311637 0.579674
0.241382 0.48276 0.275859
0.214263 0.000102292 0.785635
0.0333334 0.0666663 0.9
0.51718 0.000103327 0.482717
0.760002 0.239998 0
0.18518 0.407396 0.407424
0.21427 0.249986 0.535744
0.299369 0.187436 0.513195
0.428586 0.285722 0.285693
9.84408e-05 0.999902 0
0.233335 0.766665 0
0.137856 0.345185 0.516959
0.357155 0.392845 0.25
0.9999 9.95753e-05 0
0.62962 0.37038 0
0.502399 0.0669762 0.430625
0.379315 0.275833 0.344853
0.689659 0.0344824 0.275859
0.172413 0.827587 0
0.482762 0.517238 0
0.0344797 0.275858 0.689662
0.892852 0.107148 0
0.428568 0.571432 0
0.346124 0.000102363 0.653773
0.413715 0.207046 0.379239
0.175149 0.124255 0.700596
0.933332 0.0666677 0
0.000103407 0.241355 0.758542
0.00010133 0.749899 0.25
0.5 0.25 0.25
0.142851 0.214276 0.642872
0.0666651 0.933335 0
0.310339 0.689661 0
0.333341 0.333341 0.333318
0.689658 0.310342 0
0.827578 0.172422 0
0.0356492 0.712765 0.251586
0.0669272 0.431127 0.501946
0.250814 0.0681071 0.681079
0.448291 0.10343 0.44828
0.0689521 0.137903 0.793145
0.613637 0.136363 0.25
0.0666601 9.34993e-05 0.933246
0.464248 0.000100003 0.535652
0.275867 0.344843 0.37929
0.0669802 0.50239 0.43063
0.275881 0.137929 0.58619
0.214279 0.535721 0.25
0.103447 0.551718 0.344836
0.344825 0.241373 0.413802
0.137919 0.413801 0.44828
0.517242 0.172414 0.310345
0.137931 0.103448 0.758621
0.206907 0.448255 0.344838
0.137908 0.482772 0.37932
0.600002 0.399998 0
0.607074 0.000101083 0.392825
0.068965 0.620689 0.310346
0.396671 0.134528 0.4688
0.00010341 0.44823 0.551667
0.269239 0.730761 0
0.103441 0.172401 0.724159
0.749898 0.000101809 0.25
0.206893 0.172416 0.620692
0.275862 0.413793 0.310345
