0.866667 0.133333 0
0.0332765 4.94236e-05 0.966674
0.482776 0.241371 0.275853
0.10343 0.448277 0.448293
0.31037 0.379292 0.310338
0.310334 0.310334 0.379332
0.300044 0.699956 0
0.137925 0.379312 0.482763
0.310324 0.241383 0.448293
0.137932 0.482777 0.379291
0.799993 0.200007 0
0.607139 0.392861 0
0.43334 0.56666 0
0.660437 0.0679073 0.271656
0.233334 0.766666 0
0.966673 0.0333269 0
0.0333316 0.966668 0
0.733334 0.266666 0
0.0689666 0.655167 0.275866
0.166674 0.0333348 0.799991
0.0344416 0.380047 0.585511
9.98932e-05 0.0999902 0.89991
0.0666678 0.933332 0
0.103529 0.585921 0.31055
0.29871 0.10519 0.596101
0.105589 0.260878 0.633533
0.147708 0.409173 0.443119
0.275857 0.172414 0.551729
0.892858 0.107142 0
0.000100757 0.629564 0.370335
0.392847 0.607153 0
0.613654 0.136346 0.25
0.64285 0.35715 0
0.0343047 0.142415 0.82328
0.586177 0.103451 0.310372
0.000103382 0.482709 0.517188
0.142861 0.857139 0
0.586139 0.000103263 0.413757
0.517188 0.000103348 0.482709
0.653768 0.000103096 0.346129
0.9999 9.99806e-05 0
0.214286 0.535714 0.25
0.275863 0.0344827 0.689655
0.392783 0.250036 0.357181
9.54669e-05 8.01187e-05 0.999824
0.517241 0.482759 0
0.185164 0.0741821 0.740654
0.392854 0.357146 0.25
0.137967 0.241362 0.62067
0.333334 0.333334 0.333333
0.0357096 0.71429 0.25
9.98934e-05 0.9999 0
0.269231 0.730769 0
0.712767 0.0356721 0.251561
0.766669 0.233331 0
9.97711e-05 0.299964 0.699936
0.749898 0.000102252 0.25
0.137934 0.00010332 0.861963
0.428577 0.142859 0.428565
0.448276 0.0689652 0.482759
0.545519 0.204481 0.25
0.461536 0.538464 0
0.258938 0.444632 0.29643
9.99296e-05 0.733263 0.266638
0.241373 0.000103425 0.758524
0.346123 0.000103125 0.653773
0.390016 0.0677766 0.542208
0.136366 0.613634 0.25
0.137931 0.172415 0.689655
0.199996 0.800004 0
0.833333 0.166667 0
0.933333 0.0666671 0
0.241379 0.482764 0.275857
0.576927 0.423073 0
0.214273 0.321439 0.464288
0.0689647 0.517239 0.413796
0.239998 0.239998 0.520004
0.333333 0.666667 0
0.487849 0.174228 0.337922
0.344611 0.172471 0.482918
0.538098 0.0672621 0.39464
0.464313 0.285687 0.25
0.0689635 0.206891 0.724145
0.000103125 0.206876 0.793021
0.206919 0.206919 0.586163
0.0666634 0.0333325 0.900004
0.433276 9.77598e-05 0.566626
0.103417 0.345017 0.551566
0.178517 0.464312 0.357171
0.285713 0.285713 0.428575
0.24135 0.103439 0.655212
0.103448 0.103448 0.793103
0.172372 0.275867 0.551761
0.699996 0.300004 0
0.32143 0.42857 0.25
0.241366 0.379295 0.379339
9.99349e-05 0.566556 0.433345
0.000101497 0.357083 0.642815
0.100005 0.899995 0
0.0669857 0.430623 0.502392
