0.200001 0.799999 0
0.103442 0.448282 0.448276
0.448237 0.241412 0.310351
0.866666 0.133334 0
0.133335 0.866665 0
0.310327 0.379346 0.310327
0.4 0.6 0
0.52 0.48 0
0.137921 0.482763 0.379315
0.310376 0.275825 0.413799
0.730768 0.269232 0
0.0333307 0.966669 0
0.966667 0.0333329 0
0.655105 0.000103293 0.344792
0.0689509 0.241346 0.689703
0.430559 0.100488 0.468953
0.171954 0.0343946 0.793652
0.551726 0.448274 0
0.0689486 0.172443 0.758609
0.315783 0.434217 0.25
0.000103423 0.482709 0.517188
0.136363 0.613637 0.25
0.749898 0.000102154 0.25
0.1726 0.515524 0.311876
0.14771 0.409131 0.443159
0.172282 0.275934 0.551784
0.107143 0.892857 0
0.269232 0.730768 0
0.310343 0.103449 0.586209
9.99753e-05 0.73326 0.26664
0.344843 0.137928 0.517229
0.444437 0.148147 0.407415
0.892856 0.107144 0
0.500001 0.249999 0.25
0.000102347 0.615318 0.38458
0.000102053 0.142911 0.856987
0.366664 0.633336 0
0.629617 0.370383 0
0.333333 0.333333 0.333333
0.9999 9.99384e-05 0
0.20419 0.544505 0.251305
0.10346 0.344861 0.551679
0.689655 0.0344836 0.275861
0.105456 0.261809 0.632735
0.214283 0.321424 0.464293
9.99482e-05 0.9999 0
0.482758 0.517242 0
0.240002 0.759998 0
9.8326e-05 0.299926 0.699976
8.07584e-05 9.90928e-05 0.99982
0.103384 0.551824 0.344792
0.517188 0.00010338 0.482709
0.185188 0.0740765 0.740735
0.035714 0.714286 0.25
9.7166e-05 0.233542 0.766361
0.80229 0.19771 0
0.239998 0.239998 0.520004
0.76 0.24 0
0.0344527 0.379572 0.585976
0.346127 0.000103114 0.65377
0.321429 0.214286 0.464285
0.607073 0.000101142 0.392826
0.425856 0.033772 0.540372
0.172415 0.827585 0
0.827583 0.172417 0
0.21429 0.178557 0.607154
0.689654 0.310346 0
0.241013 0.1378 0.621186
0.214756 0.426998 0.358247
0.137935 0.379356 0.482709
0.0669924 0.430607 0.5024
0.0333178 0.0666361 0.900046
0.310345 0.689655 0
0.933332 0.0666682 0
0.241355 0.000102193 0.758543
0.407419 0.296304 0.296278
0.482777 0.172408 0.344815
0.428571 0.571429 0
0.613634 0.136366 0.25
0.0666658 0.933334 0
0.0689308 0.517259 0.41381
0.241957 0.0689158 0.689127
0.241378 0.482761 0.275861
0.137914 0.137914 0.724171
0.502388 0.0669909 0.430621
0.0689604 0.655176 0.275864
0.275844 0.34484 0.379316
0.585863 0.103534 0.310603
0.392858 0.357142 0.25
0.379306 0.241378 0.379315
0.137996 0.000103396 0.861901
0.100009 0.100009 0.799981
0.000101306 0.357027 0.642871
0.0666537 7.43657e-05 0.933272
0.137831 0.206747 0.655422
0.6 0.4 0
0.551727 0.172412 0.275861
0.392816 0.000101167 0.607083
0.275863 0.17241 0.551727
9.99794e-05 0.551654 0.448246
