9.18686e-05 0.033324 0.966584
0.241378 0.482761 0.275861
0.44827 0.103444 0.448285
0.413799 0.241364 0.344838
0.379316 0.31034 0.310344
0.699988 0.300012 0
0.379313 0.137923 0.482763
0.199998 0.800002 0
0.392858 0.607142 0
0.48276 0.241379 0.275861
0.0689566 0.655217 0.275827
0.566663 0.433337 0
0.966671 0.0333289 0
0.0333333 0.966667 0
0.266673 0.733327 0
0.172407 0.275864 0.551729
0.275864 0.31034 0.413796
0.655178 0.0689571 0.275864
0.103449 0.586206 0.310346
0.0740754 0.185173 0.740752
0.73077 0.26923 0
0.933331 0.0666688 0
0.105059 0.299618 0.595323
0.482767 0.137919 0.379314
0.068941 0.448288 0.482771
0.0999897 9.98116e-05 0.89991
0.260887 0.105592 0.633521
0.107143 0.892857 0
0.000103425 0.137929 0.861967
0.142895 0.428565 0.428541
0.409297 0.147676 0.443026
0.379836 0.0344519 0.585712
0.607136 0.392864 0
0.357151 0.642849 0
0.857119 0.142881 0
0.142051 0.0343163 0.823633
0.000103013 0.65378 0.346117
0.0344801 0.275863 0.689657
0.482709 0.000103434 0.517188
0.000103399 0.241358 0.758539
9.99361e-05 0.9999 0
9.3303e-05 9.64051e-05 0.99981
0.357146 0.392854 0.25
0.9999 9.98456e-05 0
0.299968 9.997e-05 0.699932
0.344832 0.275854 0.379314
0.629574 0.000100974 0.370325
0.240009 0.240009 0.519982
0.321431 0.21427 0.464299
0.333335 0.333335 0.333331
0.206895 0.0689481 0.724157
0.586204 0.103449 0.310347
0.214292 0.321408 0.4643
0.0356412 0.712787 0.251572
0.206874 0.000103404 0.793023
0.482759 0.517241 0
0.000103405 0.517182 0.482715
0.250031 0.392781 0.357188
0.275864 0.172401 0.551735
0.24136 0.137917 0.620723
0.613636 0.136364 0.25
0.714292 0.0357076 0.25
0.20454 0.54546 0.25
0.17242 0.13793 0.68965
0.103447 0.103447 0.793106
0.000103157 0.346112 0.653785
0.76666 0.23334 0
0.0679699 0.388347 0.543683
0.166666 0.833334 0
0.517299 0.0689503 0.41375
0.538453 0.461547 0
0.3 0.7 0
0.233329 0.766671 0
0.666668 0.333332 0
0.535715 0.214285 0.25
0.000102197 0.749898 0.25
0.733282 9.99448e-05 0.266618
0.0672597 0.538119 0.394621
0.174249 0.48793 0.337821
0.0666667 0.933333 0
0.206898 0.206898 0.586203
0.0333335 0.0666565 0.90001
0.379321 0.206881 0.413799
0.344983 0.103423 0.551594
0.464309 0.178535 0.357156
0.136369 0.613631 0.25
0.444422 0.259226 0.296352
0.103448 0.241378 0.655174
0.285702 0.464298 0.25
0.137928 0.344828 0.517245
0.423074 0.576926 0
0.428589 0.321411 0.25
0.566621 9.99167e-05 0.433279
0.357111 0.000101463 0.642788
0.89999 0.10001 0
0.799991 0.200009 0
0.000103367 0.586144 0.413752
0.430616 0.0669861 0.502398
9.99407e-05 0.433274 0.566626
0.033334 0.166671 0.799995
