0.333299 9.1294e-05 0.66661
0.3793 0.275867 0.344833
0.241374 0.31035 0.448276
0.275858 0.103443 0.620699
0.800001 0.199999 0
0.482759 0.13793 0.37931
0.133336 0.866664 0
0.137916 0.482767 0.379317
0.39287 0.60713 0
0.000103248 0.41375 0.586147
9.99877e-05 0.166653 0.833247
0.0689675 0.620679 0.310354
0.448275 0.24138 0.310345
0.730761 0.269239 0
0.000103247 0.586145 0.413752
0.413793 0.137931 0.448276
0.0333321 0.966668 0
0.966666 0.0333336 0
0.321427 0.214284 0.464289
0.266673 0.733327 0
0.137933 0.0344827 0.827585
0.379271 0.000103427 0.620626
0.586195 0.103451 0.310354
0.0679614 0.543705 0.388333
0.310345 0.310345 0.37931
0.148144 0.444436 0.407419
0.444437 0.148146 0.407417
0.749898 0.000102217 0.25
0.000101034 0.639919 0.35998
0.866666 0.133334 0
0.000102433 0.214267 0.785631
0.892857 0.107143 0
0.107142 0.892858 0
0.187175 0.299465 0.513359
0.0343334 0.107295 0.858372
0.62963 0.37037 0
0.689656 0.310344 0
0.31195 0.108719 0.579332
0.137929 0.586212 0.275858
9.9955e-05 0.9999 0
0.9999 9.99899e-05 0
0.357159 0.392841 0.25
0.333334 0.333334 0.333332
0.000103429 0.517188 0.482709
0.607083 0.000101139 0.392815
9.8697e-05 9.96475e-05 0.999802
0.689662 0.034482 0.275856
0.357155 0.642845 0
0.123808 0.175239 0.700954
0.0689242 0.379682 0.551394
0.76 0.24 0
0.48276 0.51724 0
0.517241 0.172414 0.310345
0.250001 0.499999 0.25
0.0356373 0.712792 0.251571
0.233332 0.766668 0
0.241354 0.000103436 0.758542
0.068103 0.250864 0.681033
0.519982 0.480018 0
0.000103077 0.346121 0.653776
0.214292 0.142861 0.642847
0.499995 0.250005 0.25
0.55172 0.44828 0
0.000102257 0.749898 0.25
0.827584 0.172416 0
0.172415 0.827585 0
0.423077 0.576923 0
0.0999885 6.52812e-05 0.899946
0.172416 0.344829 0.482755
0.241379 0.37931 0.379311
0.502371 0.0669844 0.430645
0.30001 0.69999 0
0.410011 0.068336 0.521653
0.613635 0.136365 0.25
0.517188 0.000103368 0.482709
0.401204 0.234044 0.364752
0.933334 0.0666659 0
0.0666623 0.933338 0
0.27585 0.0344781 0.689672
0.345555 0.137784 0.516661
0.44823 0.000103388 0.551667
9.90996e-05 0.066655 0.933246
0.285712 0.285712 0.428577
0.103448 0.137931 0.758621
0.102278 0.647722 0.25
0.000100296 0.464243 0.535656
0.34483 0.068954 0.586216
0.137932 0.275863 0.586205
0.172413 0.517242 0.310345
0.206817 0.068939 0.724244
0.241381 0.206895 0.551725
0.413791 0.310351 0.275859
0.275867 0.41379 0.310343
0.6 0.4 0
0.100256 0.43188 0.467863
0.655104 0.000103185 0.344792
0.000103408 0.275827 0.72407
0.206891 0.448279 0.34483
0.172413 0.206895 0.620692
0.0689615 0.310346 0.620692
