9.84715e-05 0.3333 0.666601
0.275864 0.379309 0.344827
0.103448 0.275862 0.62069
0.200001 0.799999 0
0.310345 0.310345 0.37931
0.866665 0.133335 0
0.607143 0.392857 0
0.480001 0.519999 0
0.41375 0.000103371 0.586147
0.16665 9.94149e-05 0.83325
0.620692 0.0689625 0.310346
0.241379 0.448276 0.310345
0.0689657 0.344826 0.586209
0.269229 0.730771 0
0.133334 0.866666 0
0.586146 0.000103409 0.41375
0.482755 0.137932 0.379313
0.966667 0.0333329 0
0.0333334 0.966667 0
0.137931 0.413793 0.448276
0.392857 0.357143 0.25
0.148148 0.444444 0.407408
0.234045 0.401214 0.364741
0.000102057 0.749898 0.25
0.639935 0.000101039 0.359964
0.892857 0.107143 0
0.933334 0.0666664 0
0.444444 0.148148 0.407408
0.108736 0.311942 0.579322
0.642857 0.357143 0
0.344827 0.172414 0.482759
0.107143 0.892857 0
0.299465 0.187167 0.513368
0.370372 0.629628 0
0.103449 0.586205 0.310347
0.9999 9.97943e-05 0
0.107298 0.0343349 0.858367
0.517188 0.00010341 0.482709
0.0344835 0.689655 0.275862
0.448277 0.551723 0
9.98831e-05 0.9999 0
0.647728 0.102272 0.25
0.333335 0.333335 0.333331
0.000103264 0.517188 0.482709
0.310346 0.241376 0.448278
0.413794 0.275862 0.310344
0.25 0.5 0.25
9.98958e-05 9.64509e-05 0.999804
0.517241 0.482759 0
0.5 0.25 0.25
0.346118 0.000103217 0.653778
0.175201 0.123996 0.700803
0.000103358 0.241354 0.758542
0.142857 0.214285 0.642858
0.24 0.76 0
0.76667 0.23333 0
0.543689 0.0679632 0.388348
0.034479 0.138023 0.827498
0.712788 0.03564 0.251572
0.448279 0.206894 0.344827
0.000101158 0.607081 0.392818
0.749898 0.000102254 0.25
0.172415 0.827585 0
0.310344 0.689656 0
0.0689654 0.206896 0.724139
0.827583 0.172417 0
0.379312 0.0689654 0.551723
0.517241 0.172414 0.310345
0.576923 0.423077 0
0.586206 0.137933 0.275861
0.250758 0.0681128 0.681129
9.96469e-05 0.0999935 0.899907
0.379311 0.241379 0.379311
0.7 0.3 0
0.136364 0.613636 0.25
0.0666668 0.933333 0
0.214267 0.000102453 0.785631
0.0344827 0.275864 0.689653
0.206896 0.241382 0.551722
0.0683251 0.409944 0.521731
0.0666613 5.88898e-05 0.93328
0.13793 0.103448 0.758621
0.275871 0.137929 0.5862
0.172414 0.517241 0.310345
0.46424 0.000100421 0.535659
0.0669845 0.502396 0.43062
0.00010342 0.379272 0.620625
0.310345 0.413794 0.275862
0.285714 0.285714 0.428573
0.431914 0.100251 0.467834
0.275832 0.000103386 0.724065
0.137887 0.345039 0.517075
0.000103422 0.44823 0.551667
0.4 0.6 0
0.206895 0.172414 0.620691
0.000103416 0.655105 0.344791
0.214287 0.32143 0.464284
0.310345 0.0689654 0.62069
0.137931 0.482757 0.379311
0.733334 0.266666 0
