0.0333318 9.99612e-06 0.966658
0.137927 0.241372 0.620701
0.482768 0.241375 0.275857
0.103427 0.448233 0.44834
0.241379 0.482759 0.275862
0.310346 0.37931 0.310344
0.300001 0.699999 0
0.241373 0.413808 0.344819
0.137932 0.379308 0.48276
0.13794 0.482749 0.37931
0.799999 0.200001 0
0.60714 0.39286 0
0.433337 0.566663 0
0.233332 0.766668 0
0.275861 0.172414 0.551725
0.733332 0.266668 0
0.0689653 0.655173 0.275862
0.298355 0.105246 0.596399
0.392856 0.357144 0.25
0.105581 0.260922 0.633497
0.137921 0.000102969 0.861976
0.000103343 0.206875 0.793022
0.206858 0.37933 0.413812
0.653781 0.000103225 0.346116
0.428573 0.142862 0.428565
0.0666668 0.933333 0
0.39286 0.60714 0
0.642852 0.357148 0
0.0669856 0.430595 0.502419
0.0342794 0.143036 0.822685
0.185172 0.0740752 0.740752
9.93365e-05 0.0999901 0.899911
0.966667 0.0333329 0
0.321426 0.428574 0.25
0.0333326 0.966667 0
0.517188 0.00010342 0.482709
0.240002 0.240002 0.519996
0.517241 0.482759 0
0.448276 0.0689655 0.482759
0.0344552 0.379807 0.585738
0.712787 0.0356394 0.251574
0.178262 0.46446 0.357278
0.346121 0.000103135 0.653776
0.21428 0.53572 0.25
9.72532e-05 9.94324e-05 0.999803
0.147727 0.409097 0.443176
0.333333 0.333333 0.333334
0.103448 0.586208 0.310344
0.392785 0.249957 0.357258
0.000103425 0.482709 0.517188
9.99815e-05 0.9999 0
0.766668 0.233332 0
0.0357139 0.714286 0.25
0.269229 0.730771 0
0.142857 0.857143 0
0.200001 0.799999 0
9.99167e-05 0.299956 0.699944
0.9999 9.99591e-05 0
0.25911 0.444534 0.296357
0.388696 0.0679229 0.543381
9.98622e-05 0.733261 0.266639
0.00010118 0.357107 0.642792
0.137931 0.172414 0.689655
0.699999 0.300001 0
0.833333 0.166667 0
0.333333 0.666667 0
0.892857 0.107143 0
0.576923 0.423077 0
0.214272 0.321442 0.464286
0.0689518 0.517335 0.413713
0.461536 0.538464 0
0.586202 0.10345 0.310349
0.241364 0.000103067 0.758533
0.103447 0.103447 0.793107
0.749898 0.000102193 0.25
0.321429 0.214284 0.464286
0.545455 0.204545 0.25
0.538108 0.0672633 0.394629
0.487931 0.174259 0.33781
0.206896 0.206896 0.586209
0.0666673 0.033334 0.899999
0.103448 0.344831 0.551721
0.000100961 0.629565 0.370334
0.433283 9.99686e-05 0.566618
0.933334 0.0666655 0
0.136366 0.613634 0.25
0.613634 0.136366 0.25
0.46431 0.28569 0.25
0.655719 0.0688561 0.275425
0.241379 0.103449 0.655172
0.275862 0.344827 0.37931
0.344828 0.137931 0.517241
0.0689646 0.206913 0.724123
0.310324 0.275868 0.413808
9.98559e-05 0.566611 0.433289
0.275862 0.0344826 0.689656
0.1 0.9 0
0.586146 0.000103358 0.41375
0.172412 0.275863 0.551726
0.16667 0.033334 0.799996
