0.571332 9.82242e-05 0.42857
0.133338 0.866662 0
0.27582 0.000102678 0.724077
0.241376 0.482765 0.275859
0.448291 0.241373 0.310336
0.137931 0.206897 0.655172
0.310345 0.310345 0.37931
0.379307 0.172411 0.448282
0.699997 0.300003 0
0.199997 0.800003 0
0.413798 0.0344724 0.551729
0.0689418 0.655286 0.275772
0.766666 0.233334 0
0.966668 0.0333324 0
0.033333 0.966667 0
0.448289 0.0689401 0.482771
0.266668 0.733332 0
0.413791 0.310348 0.275861
0.10346 0.586162 0.310379
0.933331 0.0666695 0
0.103401 0.000103228 0.896496
0.357146 0.392854 0.25
0.000102399 0.214265 0.785633
0.538461 0.461539 0
0.428571 0.142858 0.428571
0.107143 0.892857 0
0.607145 0.392855 0
0.0343428 0.107292 0.858365
0.379267 0.000103266 0.620629
0.357148 0.642852 0
0.29999 0.0333312 0.666679
0.482709 0.000103292 0.517187
0.233334 0.766666 0
0.730769 0.269231 0
0.857142 0.142858 0
0.14286 0.42857 0.42857
0.310345 0.206897 0.482759
0.000103435 0.517188 0.482709
9.9231e-05 9.92548e-05 0.999802
0.629566 0.000100827 0.370333
0.000102225 0.749898 0.25
0.240003 0.240004 0.519993
0.9999 9.99876e-05 0
0.34483 0.0689663 0.586203
0.000103215 0.346116 0.653781
0.586184 0.103454 0.310362
9.99134e-05 0.9999 0
0.0679246 0.388675 0.5434
0.482758 0.517242 0
0.124755 0.16829 0.706955
0.285714 0.285714 0.428571
0.000103049 0.653765 0.346131
0.714286 0.0357144 0.25
0.166662 0.833338 0
0.333328 0.333328 0.333344
0.0356406 0.712776 0.251583
7.95572e-05 0.166647 0.833274
0.733271 9.9525e-05 0.26663
0.233309 9.99807e-05 0.766591
0.249996 0.392851 0.357154
0.204546 0.545454 0.25
5.19051e-05 0.066676 0.933272
0.392843 0.250004 0.357154
0.423061 0.576939 0
0.799991 0.200009 0
0.137932 0.0689658 0.793102
0.300009 0.699991 0
0.533378 0.0333097 0.433312
0.214262 0.142842 0.642896
0.103444 0.137931 0.758625
0.464285 0.285715 0.25
0.0689546 0.2415 0.689546
0.535714 0.214286 0.25
0.174257 0.487931 0.337812
0.214275 0.321413 0.464313
0.655175 0.0689626 0.275863
0.0666667 0.933333 0
0.482698 0.172437 0.344866
0.0672658 0.53812 0.394614
0.379276 0.103468 0.517256
0.56666 0.43334 0
9.99792e-05 0.433288 0.566612
0.613641 0.136359 0.25
0.136366 0.613634 0.25
0.666667 0.333333 0
0.285714 0.464286 0.25
0.275863 0.172407 0.551729
0.639998 0.360002 0
0.172405 0.241417 0.586178
0.105242 0.298394 0.596364
0.13792 0.344832 0.517248
0.0689668 0.448265 0.482768
0.166654 7.2331e-05 0.833274
0.000103417 0.275813 0.724084
0.206791 0.068922 0.724287
0.517238 0.103452 0.37931
0.900003 0.0999973 0
0.392861 0.607139 0
0.000103272 0.586146 0.413751
0.275863 0.103447 0.62069
