0.00138145 0.240574 0.758044
0.414114 0.111032 0.474854
0.091863 0.56237 0.345767
0.376572 0.200596 0.422832
0.058414 0.662756 0.27883
0.0758176 0.241195 0.682988
0.67097 0.32903 0
0.524998 0.0619301 0.413072
0.801975 0.198025 0
0.0538275 0.305377 0.640796
0.535462 0.131569 0.332969
0.832008 0.167992 0
0.431751 0.289002 0.279246
6.57692e-05 0.43198 0.567955
0.314654 0.379964 0.305382
0.0269643 0.252046 0.72099
0.303356 0.697004 4.571e-05
0.652501 0.069579 0.27792
0.412998 0.206295 0.380707
0.0660998 0.467748 0.466153
0.392901 0.252442 0.354657
0.21632 0.106905 0.676775
0.216873 0.172122 0.611005
0.348172 0.0696913 0.582137
0.390456 0.359437 0.250107
0.250372 0.391973 0.357655
6.38478e-05 0.178526 0.82141
0.749779 2.40889e-05 0.250197
0.177286 3.14011e-05 0.822682
0.0698903 0.0699293 0.86018
0.633387 0.366613 0
0.102817 0.586797 0.310386
0.670156 2.15308e-05 0.329822
0.392777 0.607223 0
0.417273 0.028319 0.554408
0.0670067 0.932993 0
0.551428 1.77163e-05 0.448554
0.143919 0.856081 0
8.75522e-05 0.482791 0.517121
9.58309e-05 0.629428 0.370476
0.892713 0.107287 0
0.33335 0.333341 0.333308
0.241384 0.239254 0.519362
9.97884e-05 0.9999 0
0.170552 0.0289146 0.800534
0.261638 0.0634146 0.674947
0.212246 0.305063 0.48269
0.999909 9.14547e-05 0
0.934052 0.0659479 0
0.51724 0.48276 0
0.559889 0.0710757 0.369035
0.100725 0.486089 0.413186
9.27206e-05 8.27053e-05 0.999825
0.486427 0.242973 0.2706
0.0357035 0.714191 0.250105
0.0673342 6.427e-05 0.932602
0.714245 0.0347706 0.250984
0.482776 0.000103216 0.517121
0.269011 0.730989 0
0.759682 0.240318 0
0.132627 0.616389 0.250984
4.63774e-05 0.304612 0.695341
0.214288 0.535705 0.250007
0.418309 0.145515 0.436176
0.544718 0.205177 0.250105
0.0689012 0.376633 0.554465
0.822301 0.177699 0
0.19935 0.80065 0
0.690318 0.309682 0
0.461283 0.538717 0
0.136504 0.386991 0.476505
0.613467 0.134695 0.251838
0.332808 0.667192 0
0.0333291 0.543839 0.422832
0.103579 0.266787 0.629634
0.571954 0.428046 0
0.0677094 0.206755 0.725536
0.232715 0.767285 0
0.125018 0.125479 0.749503
0.282577 0.458801 0.258622
0.314458 0.209038 0.476505
0.308919 6.02058e-05 0.691021
0.48878 0.17183 0.33939
5.77872e-05 0.379553 0.620389
0.171695 0.242733 0.585572
0.0329258 0.0664384 0.900636
0.149689 0.407239 0.443072
0.290358 0.276237 0.433404
0.105211 0.894789 0
0.18067 0.502964 0.316366
0.463521 0.0694185 0.467061
0.100084 0.099515 0.800401
0.382247 0.102488 0.515265
0.162737 0.135747 0.701516
0.58563 0.103798 0.310572
0.862302 0.137698 0
0.0332466 0.966753 0
0.9666 0.0334 0
0.0322046 0.657686 0.310109
0.431294 0.568706 0
