0.200003 0.799997 0
0.517239 0.103449 0.379313
0.448276 0.275862 0.275862
0.310345 0.310345 0.37931
0.413795 0.206894 0.379312
0.866666 0.133334 0
0.133336 0.866664 0
0.100001 0.166669 0.73333
0.4 0.6 0
0.27586 0.172413 0.551728
0.519992 0.480008 0
0.166653 9.97341e-05 0.833247
0.269231 0.730769 0
0.730764 0.269236 0
0.275862 0.413793 0.310345
0.966671 0.0333288 0
0.033332 0.966668 0
0.655105 0.000103434 0.344792
0.321425 0.214284 0.464291
0.607075 0.000101171 0.392824
0.551725 0.448275 0
0.000103427 0.310313 0.689584
0.137929 0.103447 0.758624
0.321428 0.428572 0.25
0.0344813 0.413791 0.551728
0.58567 0.103583 0.310748
0.142858 0.42857 0.428572
0.93333 0.0666695 0
0.310344 0.103448 0.586208
0.214278 0.000102279 0.78562
0.444439 0.148146 0.407415
0.827581 0.172419 0
0.366666 0.633334 0
0.103449 0.379307 0.517244
0.068963 0.344845 0.586192
0.107141 0.892859 0
0.749898 0.000102094 0.25
0.551723 0.172414 0.275863
0.892856 0.107144 0
0.431877 0.100256 0.467868
0.000102412 0.61533 0.384568
0.629627 0.370373 0
0.482761 0.517239 0
0.517185 0.000103382 0.482711
0.000103344 0.482709 0.517188
0.00010339 0.103434 0.896463
0.333331 0.333331 0.333339
0.9999 9.98557e-05 0
0.107296 0.0343346 0.858369
0.103451 0.586203 0.310346
0.500003 0.249997 0.25
0.167812 0.124826 0.707361
9.97526e-05 0.9999 0
0.689655 0.0344828 0.275862
0.20419 0.544506 0.251304
0.76 0.24 0
0.240003 0.759997 0
0.0357151 0.714285 0.25
0.346117 0.00010321 0.65378
9.46595e-05 9.9737e-05 0.999806
9.99632e-05 0.233317 0.766583
0.0689636 0.137927 0.793109
9.98671e-05 0.733263 0.266637
0.142855 0.214282 0.642863
0.172413 0.48276 0.344827
0.428571 0.571429 0
0.240002 0.240002 0.519997
0.172414 0.827586 0
0.689657 0.310343 0
0.241405 0.379298 0.379298
0.310344 0.689656 0
0.178559 0.321462 0.499979
0.425145 0.0338077 0.541047
0.249407 0.0682355 0.682358
0.407662 0.295856 0.296482
0.068559 0.520083 0.411358
0.613635 0.136365 0.25
0.275815 0.000103409 0.724082
0.214287 0.178566 0.607146
0.482758 0.172415 0.344827
0.136361 0.613639 0.25
0.392859 0.357141 0.25
0.103448 0.275862 0.620689
0.0666665 0.933333 0
0.344829 0.137931 0.51724
0.500005 0.066666 0.433329
0.0689634 0.241377 0.68966
0.241392 0.482732 0.275876
0.799997 0.200003 0
9.99864e-05 0.166653 0.833247
0.0666519 8.80119e-05 0.93326
0.392857 0.249998 0.357145
0.0344817 0.655174 0.310345
0.172411 0.275862 0.551728
0.000103433 0.37927 0.620627
0.392818 0.000101162 0.607081
0.206894 0.344824 0.448282
0.0334068 0.501183 0.465411
0.285714 0.285714 0.428572
0.599999 0.400001 0
