0.333301 7.89875e-05 0.66662
0.199989 0.800011 0
0.137484 0.484434 0.378082
0.866647 0.133353 0
0.137934 0.344829 0.517238
0.275823 0.379332 0.344845
0.480012 0.519988 0
0.000103345 0.413747 0.58615
0.517245 0.172408 0.310347
9.96085e-05 0.166662 0.833239
0.269249 0.730751 0
0.6 0.4 0
0.172408 0.379309 0.448283
0.551723 0.0344781 0.413799
0.3793 0.172408 0.448292
0.966674 0.0333258 0
0.033333 0.966667 0
0.0689642 0.310345 0.620691
0.000103118 0.655107 0.34479
0.0689601 0.379358 0.551682
0.37927 0.000103298 0.620626
0.275864 0.172404 0.551732
0.407398 0.185182 0.407421
0.607134 0.142864 0.250002
0.000102219 0.749896 0.250002
0.89287 0.10713 0
0.172367 0.517269 0.310364
0.639937 0.000100017 0.359963
0.629628 0.370372 0
0.187217 0.299452 0.513331
0.0343334 0.107288 0.858378
0.344839 0.275862 0.379299
0.37037 0.62963 0
0.207036 0.41372 0.379243
0.311301 0.108743 0.579956
0.000103236 0.517172 0.482725
0.9999 9.97437e-05 0
0.44828 0.137925 0.413795
0.448279 0.551721 0
0.249979 0.500019 0.250002
9.99532e-05 0.9999 0
0.517159 0.000103298 0.482738
0.206895 0.0689622 0.724143
0.482761 0.24138 0.275859
0.55168 0.103459 0.344861
0.333335 0.333334 0.333331
0.766669 0.233331 0
9.34432e-05 6.39224e-05 0.999843
0.392858 0.357141 0.250002
0.517241 0.482759 0
0.10715 0.89285 0
0.345376 0.137818 0.516806
0.000102049 0.214271 0.785627
0.241354 0.000103338 0.758543
0.12408 0.175184 0.700736
0.34483 0.0689647 0.586206
0.000102668 0.346123 0.653774
0.271797 0.254872 0.47333
0.827591 0.172409 0
0.413793 0.275862 0.310344
0.133337 0.866663 0
0.239998 0.760002 0
0.148116 0.444555 0.407328
0.137917 0.000103213 0.86198
0.0344835 0.689655 0.275862
0.172414 0.827586 0
0.712788 0.0356459 0.251566
0.136362 0.613636 0.250002
0.214285 0.142857 0.642858
0.0666087 0.0333227 0.900069
0.000101163 0.607082 0.392817
0.310336 0.689664 0
0.749897 0.000100914 0.250002
0.137927 0.0689635 0.793109
0.430629 0.0669865 0.502385
0.068106 0.250868 0.681026
0.10387 0.584519 0.311611
8.4364e-05 0.0666545 0.933261
0.066664 0.933336 0
9.98853e-05 0.46424 0.53566
0.571428 0.428572 0
0.933341 0.0666593 0
0.275882 0.0344788 0.689639
0.249993 0.214279 0.535727
0.103444 0.137922 0.758634
0.499843 0.0666878 0.43347
0.620715 0.0689299 0.310355
0.137896 0.276063 0.586041
0.689661 0.310339 0
0.535721 0.214278 0.250002
0.285712 0.428572 0.285716
0.241387 0.344814 0.413799
0.0669741 0.502407 0.430619
0.448278 0.206893 0.344828
0.000103436 0.275832 0.724065
0.448233 0.000102581 0.551664
0.730765 0.269235 0
0.100471 0.397176 0.502353
0.399998 0.600002 0
0.172408 0.206899 0.620693
