0.413794 0.310345 0.275861
0.133335 0.866665 0
0.866661 0.133339 0
0.103444 0.448273 0.448282
0.275866 0.379302 0.344832
0.480002 0.519998 0
0.517247 0.172407 0.310346
9.98393e-05 0.166653 0.833247
0.269232 0.730768 0
0.586145 0.000103293 0.413751
0.966666 0.0333344 0
0.0333331 0.966667 0
0.275862 0.172413 0.551725
0.310331 0.27587 0.413799
0.448272 0.551728 0
0.0689647 0.379316 0.551719
0.607142 0.142858 0.25
0.103448 0.586207 0.310345
0.000103299 0.655105 0.344792
0.37927 0.000103404 0.620626
0.000102223 0.749898 0.25
0.000103392 0.517188 0.482709
0.639932 0.000101006 0.359967
0.107142 0.892858 0
0.0689655 0.310345 0.62069
0.892859 0.107141 0
0.6 0.4 0
0.0343361 0.107295 0.858369
0.241353 0.00010333 0.758544
0.311089 0.108779 0.580132
0.517188 0.000103433 0.482709
0.413793 0.137925 0.448282
0.137917 0.000103322 0.861979
9.4361e-05 7.59914e-05 0.99983
0.274189 0.254036 0.471775
0.333334 0.333331 0.333334
0.000102392 0.214263 0.785634
9.99272e-05 0.9999 0
0.766675 0.233325 0
0.31034 0.68966 0
0.51724 0.48276 0
0.000103208 0.346114 0.653783
0.392843 0.357156 0.25
0.123717 0.175256 0.701027
0.239999 0.760001 0
0.344823 0.206894 0.448282
0.407403 0.185186 0.407411
0.148144 0.444461 0.407395
0.0344868 0.689652 0.275861
0.103447 0.13793 0.758623
0.629634 0.370366 0
0.172414 0.344827 0.482759
0.712786 0.035644 0.25157
0.482759 0.241379 0.275862
0.000103348 0.41375 0.586147
0.25 0.5 0.25
0.551696 0.103455 0.344849
0.137927 0.482774 0.3793
0.5024 0.0669865 0.430613
0.214282 0.142854 0.642864
0.689662 0.310338 0
0.535718 0.214282 0.25
0.344827 0.0689642 0.586209
0.000101116 0.607076 0.392823
0.344893 0.137917 0.517189
0.172415 0.827585 0
0.749898 0.000102218 0.25
0.433334 0.06667 0.499996
0.827587 0.172413 0
0.0681261 0.250622 0.681252
0.620692 0.0689625 0.310346
0.137928 0.0689638 0.793108
0.207072 0.413702 0.379226
0.136364 0.613636 0.25
0.448277 0.206895 0.344828
0.571429 0.428571 0
9.98364e-05 0.0666604 0.93324
0.0669831 0.502393 0.430624
0.0666668 0.933333 0
0.000100435 0.464239 0.535661
0.933333 0.0666667 0
0.249999 0.214286 0.535715
0.275869 0.0344734 0.689657
0.4 0.6 0
0.137913 0.275955 0.586132
0.24138 0.344825 0.413795
0.2 0.8 0
0.285714 0.428571 0.285715
0.370376 0.629624 0
0.172414 0.51724 0.310346
0.379308 0.275863 0.344829
0.0666578 0.0333103 0.900032
0.000103391 0.275833 0.724064
0.134051 0.396893 0.469055
0.187162 0.299464 0.513374
0.44823 0.000103393 0.551667
0.730772 0.269228 0
0.172414 0.206895 0.620691
0.9999 9.99213e-05 0
0.172413 0.103448 0.724138
