0.600001 0.399999 0
0.199991 0.800009 0
0.137689 0.483673 0.378639
0.413796 0.310348 0.275856
0.137928 0.344831 0.517241
0.133336 0.866664 0
0.103421 0.448299 0.44828
0.206948 0.4482 0.344852
0.275868 0.3793 0.344832
0.344879 0.206843 0.448278
0.480006 0.519994 0
9.95865e-05 0.166656 0.833244
0.269223 0.730777 0
0.344837 0.0689406 0.586222
0.586145 0.000101915 0.413753
0.966669 0.0333311 0
0.0333324 0.966668 0
0.310336 0.275863 0.413801
0.000103138 0.655106 0.344791
0.44828 0.55172 0
0.392851 0.357149 0.25
0.137921 0.0001029 0.861976
0.0689646 0.379318 0.551718
0.766685 0.233315 0
0.103451 0.586196 0.310353
0.00010235 0.214266 0.785631
0.172414 0.206887 0.6207
0.000103184 0.413741 0.586156
0.379272 0.000103346 0.620624
0.407373 0.185195 0.407432
0.249998 0.500002 0.25
0.148143 0.44444 0.407417
0.63994 0.000100858 0.359959
0.827585 0.172415 0
0.629624 0.370376 0
0.000102139 0.749898 0.25
0.689659 0.310341 0
0.0343339 0.107291 0.858375
0.000102987 0.27584 0.724057
0.107146 0.892854 0
0.370372 0.629628 0
0.000102808 0.346131 0.653766
0.275837 0.17242 0.551742
0.000103281 0.517178 0.482719
0.517241 0.482759 0
0.137911 0.275966 0.586123
0.892853 0.107147 0
0.413791 0.13793 0.448278
0.482759 0.241379 0.275862
0.9999 9.99704e-05 0
0.136367 0.613633 0.25
9.98005e-05 0.9999 0
9.86181e-05 9.76403e-05 0.999804
0.333331 0.333337 0.333331
0.123757 0.175253 0.700991
0.187167 0.299468 0.513366
0.432646 0.0667479 0.500606
0.712782 0.0356376 0.25158
0.241374 0.344826 0.413801
0.0344868 0.689652 0.275861
0.551694 0.103455 0.344851
0.241363 0.000103361 0.758534
0.214262 0.142841 0.642897
0.172422 0.827578 0
0.448229 0.000103273 0.551668
0.310341 0.689659 0
0.620697 0.0689551 0.310348
0.239995 0.760005 0
0.749898 0.000102247 0.25
0.0681644 0.250261 0.681575
0.730767 0.269233 0
0.517189 0.000103167 0.482708
0.137906 0.0689531 0.793141
0.207536 0.413469 0.378995
0.571428 0.428572 0
6.21809e-05 0.0666597 0.933278
0.310557 0.108862 0.580581
0.933334 0.0666657 0
0.535714 0.214286 0.25
0.0666673 0.933333 0
0.502401 0.066973 0.430626
0.272209 0.254741 0.47305
0.275863 0.0344802 0.689657
0.250001 0.214281 0.535718
0.607119 0.142881 0.25
0.000100349 0.464243 0.535657
0.20689 0.0689633 0.724146
0.172414 0.517241 0.310345
0.379281 0.275869 0.34485
0.134737 0.396579 0.468684
0.866665 0.133335 0
0.0669828 0.502392 0.430625
0.103452 0.137925 0.758622
0.344828 0.137931 0.517241
0.0666711 0.0333355 0.899993
0.464307 0.178534 0.357159
0.285714 0.42857 0.285716
0.400001 0.599999 0
0.000101133 0.60708 0.392819
0.0689647 0.310345 0.620691
