0.241366 0.310357 0.448277
0.275862 0.103447 0.620691
0.8 0.2 0
0.482759 0.13793 0.379311
0.199987 9.5186e-05 0.799917
0.866663 0.133337 0
0.133335 0.866665 0
0.137931 0.482759 0.37931
0.392862 0.607138 0
0.448283 0.206888 0.344829
0.519999 0.480001 0
0.000103436 0.41375 0.586147
7.97374e-05 0.166653 0.833267
0.730768 0.269232 0
0.344828 0.0689635 0.586208
0.000103288 0.586146 0.413751
0.966669 0.0333315 0
0.0333332 0.966667 0
0.214284 0.142856 0.64286
0.0689598 0.379361 0.551679
0.749898 0.000102213 0.25
0.0999889 9.93885e-05 0.899912
0.137931 0.586207 0.275862
0.137936 0.0344825 0.827582
0.444445 0.148148 0.407407
0.357145 0.642855 0
0.187172 0.299463 0.513364
0.206897 0.448276 0.344827
0.0343349 0.1073 0.858366
0.000103394 0.517188 0.482709
0.000102474 0.21426 0.785638
0.000103189 0.346122 0.653775
0.827582 0.172418 0
0.392857 0.357143 0.25
0.000100997 0.639936 0.359963
0.241379 0.206898 0.551723
0.379271 0.0001034 0.620625
0.517188 0.000103427 0.482709
0.933333 0.0666671 0
0.0689637 0.620691 0.310345
0.148148 0.444445 0.407407
9.76691e-05 9.90412e-05 0.999803
0.100183 0.432295 0.467522
9.99857e-05 0.9999 0
0.892857 0.107143 0
0.655105 0.000103377 0.344792
0.241355 0.000103391 0.758542
0.0356398 0.712788 0.251572
0.333334 0.333334 0.333333
0.311918 0.108807 0.579275
0.482759 0.517241 0
0.124023 0.175195 0.700782
0.233334 0.766666 0
0.9999 9.99704e-05 0
0.6 0.4 0
0.689661 0.0344822 0.275857
0.629629 0.370371 0
0.5 0.25 0.25
0.102271 0.647729 0.25
0.413792 0.137931 0.448277
0.25 0.5 0.25
0.551722 0.448278 0
0.607077 0.000101156 0.392822
0.000101955 0.749898 0.25
0.689657 0.310343 0
0.172414 0.827586 0
0.423075 0.576925 0
0.0681084 0.250805 0.681087
0.285715 0.428571 0.285714
0.321427 0.214285 0.464288
0.241381 0.379307 0.379312
0.300002 0.699998 0
0.585896 0.103526 0.310578
0.409939 0.0683232 0.521738
0.0679622 0.543689 0.388349
0.613634 0.136366 0.25
0.401213 0.234043 0.364744
0.44823 0.000103389 0.551667
0.107143 0.892857 0
0.0666686 0.933331 0
8.38515e-05 0.0666557 0.93326
0.103448 0.137931 0.758621
0.275858 0.034482 0.68966
0.000100433 0.464241 0.535658
0.310345 0.379311 0.310345
0.517241 0.172414 0.310345
0.137929 0.275874 0.586198
0.172414 0.344828 0.482759
0.50239 0.0669854 0.430624
0.172415 0.517238 0.310347
0.172413 0.103448 0.724139
0.0689651 0.310345 0.62069
0.285711 0.285711 0.428577
0.310345 0.310345 0.37931
0.000103432 0.275833 0.724063
0.448278 0.275861 0.275861
0.345235 0.137851 0.516914
0.760001 0.239999 0
0.172414 0.206895 0.620691
0.266671 0.733329 0
