0.37931 0.275861 0.344829
0.241379 0.310345 0.448276
0.275862 0.103448 0.62069
0.800002 0.199998 0
0.482759 0.137931 0.37931
0.866666 0.133334 0
0.133334 0.866666 0
0.39286 0.60714 0
0.000103394 0.41375 0.586146
9.9818e-05 0.16665 0.83325
0.0689557 0.620696 0.310348
0.344828 0.0689641 0.586208
0.730768 0.269232 0
0.000103259 0.586145 0.413751
0.0333292 0.966671 0
0.413793 0.137931 0.448276
0.266667 0.733333 0
0.214284 0.142856 0.642861
0.321428 0.214285 0.464286
0.827584 0.172416 0
0.137914 0.000103195 0.861983
0.137936 0.586204 0.275861
0.000102457 0.214263 0.785634
0.357145 0.392855 0.25
0.344865 0.137923 0.517212
0.379271 0.000103415 0.620625
0.749898 0.000102251 0.25
0.107143 0.892857 0
0.586193 0.103452 0.310355
0.892854 0.107146 0
0.310345 0.310345 0.37931
0.444444 0.148148 0.407408
0.966674 0.033326 0
0.172414 0.206897 0.62069
0.187163 0.299461 0.513376
9.98819e-05 0.9999 0
0.517188 0.000103278 0.482709
0.100231 0.432023 0.467746
0.689654 0.0344844 0.275862
0.655105 0.000103435 0.344792
0.9999 9.99023e-05 0
0.206897 0.448274 0.344828
0.5 0.25 0.25
0.311974 0.108642 0.579384
0.448284 0.241376 0.310341
0.000103432 0.517188 0.482709
9.99567e-05 8.19836e-05 0.999818
0.0689647 0.379313 0.551722
0.0666674 0.933333 0
0.482759 0.517241 0
0.000100964 0.639935 0.359964
0.12375 0.17525 0.701
0.629629 0.370371 0
0.76 0.24 0
0.25 0.5 0.25
0.0356383 0.712789 0.251572
0.000103111 0.346122 0.653775
0.551723 0.448277 0
0.137931 0.0689655 0.793104
0.00010224 0.749898 0.25
0.689657 0.310343 0
0.172414 0.827586 0
0.423076 0.576924 0
0.333333 0.333333 0.333334
0.0681109 0.250853 0.681036
0.233329 0.766671 0
0.24138 0.379308 0.379312
0.3 0.7 0
0.241379 0.206896 0.551724
0.409941 0.0683223 0.521736
0.137932 0.482756 0.379312
0.0679604 0.54369 0.388349
0.613633 0.136367 0.25
0.401217 0.234042 0.364741
9.94844e-05 0.0666599 0.933241
0.933334 0.0666663 0
0.172414 0.344827 0.482759
0.275867 0.0344828 0.68965
0.357143 0.642857 0
0.102275 0.647725 0.25
0.0666673 0.0333337 0.899999
0.000100427 0.46424 0.53566
0.0343349 0.107297 0.858368
0.517241 0.172414 0.310345
0.137931 0.275862 0.586207
0.607081 0.000101177 0.392818
0.172413 0.517242 0.310345
0.519999 0.480001 0
0.0689641 0.310346 0.62069
0.502393 0.0669841 0.430622
0.6 0.4 0
0.103448 0.13793 0.758621
0.241356 0.000103383 0.758541
0.413809 0.310336 0.275854
0.285714 0.285714 0.428572
0.275863 0.413793 0.310345
0.000103357 0.275834 0.724063
0.148148 0.444445 0.407408
0.44823 0.000103396 0.551667
0.206895 0.068965 0.72414
