0.48276 0.137929 0.379311
0.600001 0.399999 0
0.200001 0.799999 0
0.275866 0.172395 0.551739
0.137888 0.482919 0.379192
0.133334 0.866666 0
0.866666 0.133334 0
0.172414 0.344827 0.482759
0.103443 0.448282 0.448275
0.275862 0.37931 0.344828
0.344828 0.206898 0.448275
0.48 0.52 0
0.000103366 0.41375 0.586146
9.74853e-05 0.166648 0.833254
0.344831 0.0689576 0.586212
0.269232 0.730768 0
0.586146 0.000103424 0.413751
0.966671 0.0333288 0
0.0333337 0.966666 0
0.000103421 0.655105 0.344792
0.0689652 0.310344 0.620691
0.271933 0.254823 0.473244
0.629631 0.370369 0
0.068952 0.379428 0.55162
0.892858 0.107142 0
0.407406 0.185182 0.407412
0.000103328 0.275834 0.724063
0.148139 0.444479 0.407382
0.137918 0.000102911 0.861979
0.607143 0.142857 0.25
0.000102159 0.749898 0.25
0.639935 0.000101032 0.359964
0.107143 0.892857 0
0.0343357 0.107295 0.858369
0.392859 0.357141 0.25
9.99311e-05 0.9999 0
0.311851 0.108655 0.579493
0.000103434 0.517188 0.482709
0.333333 0.333334 0.333333
0.275863 0.0344805 0.689657
0.9999 9.97486e-05 0
0.123738 0.175251 0.701011
0.827586 0.172414 0
0.370371 0.629629 0
0.239998 0.760002 0
0.379271 0.000103426 0.620626
0.241354 0.00010333 0.758543
0.187183 0.299459 0.513358
9.90046e-05 9.79173e-05 0.999803
0.517241 0.482759 0
0.766666 0.233334 0
0.0344821 0.689661 0.275857
0.206897 0.413793 0.37931
0.517188 0.000103407 0.482709
0.000103156 0.346118 0.653779
0.25 0.5 0.25
0.551708 0.103452 0.34484
0.712789 0.0356394 0.251572
0.214281 0.142853 0.642866
0.689656 0.310344 0
0.000101175 0.607069 0.39283
0.172416 0.827584 0
0.310341 0.689659 0
0.749898 0.000102257 0.25
0.285714 0.428572 0.285714
0.433324 0.0666678 0.500008
0.517241 0.172414 0.310345
0.134272 0.396792 0.468936
0.0681486 0.250366 0.681485
0.137931 0.0689657 0.793103
0.136363 0.613637 0.25
0.730769 0.269231 0
0.57143 0.42857 0
7.50878e-05 0.066647 0.933278
0.066667 0.933333 0
0.933333 0.0666672 0
0.249998 0.214284 0.535717
0.103448 0.137928 0.758624
0.502395 0.066985 0.43062
0.000100291 0.464239 0.535661
0.13793 0.275866 0.586204
0.535714 0.214286 0.25
0.24138 0.344828 0.413792
0.344837 0.27586 0.379303
0.172414 0.517241 0.310345
0.0669854 0.502395 0.43062
0.344834 0.13793 0.517236
0.103462 0.586151 0.310387
0.0666659 0.033333 0.900001
0.413794 0.275862 0.310345
0.448278 0.206893 0.344829
0.448276 0.551724 0
0.620691 0.0689634 0.310345
0.448229 0.00010322 0.551667
0.4 0.6 0
0.482759 0.241379 0.275862
0.172415 0.206893 0.620693
0.206896 0.0689652 0.724139
0.000102445 0.214265 0.785633
0.413794 0.137931 0.448275
