0.133346 0.866654 0
0.241334 0.482857 0.275809
0.482754 0.241417 0.275829
0.379313 0.172401 0.448286
0.310345 0.310345 0.379311
0.699999 0.300001 0
0.166637 0.100003 0.73336
0.137924 0.206884 0.655192
0.200004 0.799996 0
0.392898 0.607102 0
0.135195 0.324078 0.540727
9.40491e-05 0.166648 0.833257
0.448288 0.0689397 0.482772
0.0689425 0.655287 0.275771
0.566672 0.433328 0
0.000102943 0.413755 0.586143
0.0333184 0.966682 0
0.966675 0.0333251 0
0.266667 0.733333 0
0.250003 0.39285 0.357146
0.000102528 0.65377 0.346127
0.0666631 0.933337 0
0.142874 0.428563 0.428563
0.0689511 0.241515 0.689534
0.107137 0.892863 0
0.517244 0.103444 0.379312
0.344837 0.0689642 0.586199
0.62957 0.000100779 0.370329
0.10345 0.586219 0.310331
0.0343355 0.107295 0.85837
0.428572 0.142856 0.428572
0.000103153 0.346124 0.653773
0.103448 0.448272 0.448279
0.103439 0.137917 0.758645
0.310315 0.000103239 0.689582
0.482759 0.517241 0
0.000102351 0.214268 0.78563
0.357147 0.642853 0
0.0689649 0.379313 0.551722
0.482726 0.000103387 0.51717
0.999902 9.79897e-05 0
0.857136 0.142864 0
0.666666 0.333334 0
0.357149 0.392851 0.25
0.000101843 0.517183 0.482715
0.607139 0.392861 0
0.104651 0.302334 0.593015
0.464283 0.285717 0.25
0.0356219 0.712801 0.251577
0.103416 0.000103199 0.896481
0.333336 0.333336 0.333328
8.66989e-05 9.78806e-05 0.999815
0.233306 9.97711e-05 0.766594
0.53846 0.46154 0
9.97574e-05 0.9999 0
0.204554 0.545446 0.25
0.124745 0.168317 0.706938
0.233331 0.766669 0
0.423059 0.576941 0
0.730779 0.269221 0
0.933323 0.0666769 0
0.240005 0.240005 0.51999
0.392832 0.250023 0.357145
0.214287 0.142853 0.64286
0.535721 0.214279 0.25
0.733263 9.98948e-05 0.266637
0.714302 0.0356981 0.25
0.000103295 0.275804 0.724093
0.586216 0.103453 0.310331
0.310329 0.206948 0.482723
0.0335304 0.429944 0.536525
0.137934 0.0689663 0.7931
0.166667 0.833333 0
0.899993 0.100007 0
0.482755 0.172417 0.344828
0.299998 0.700002 0
0.379293 0.344845 0.275863
0.000102183 0.749898 0.25
0.533293 0.0333373 0.43337
0.172458 0.344659 0.482883
0.766667 0.233333 0
0.0672633 0.538113 0.394624
0.174249 0.487933 0.337818
0.413778 0.0344805 0.551741
3.24352e-05 0.0666641 0.933303
0.285714 0.285714 0.428572
0.800002 0.199998 0
0.275865 0.17241 0.551725
0.613629 0.136371 0.25
0.136362 0.613638 0.25
0.285711 0.464289 0.25
0.241377 0.0689619 0.689661
0.172416 0.241383 0.586201
0.166657 9.94897e-05 0.833243
0.379378 0.103452 0.51717
0.379266 0.000103361 0.620631
0.000102351 0.586127 0.41377
0.275861 0.103448 0.620691
0.241382 0.310329 0.448289
0.655182 0.0689506 0.275867
