0.399998 0.600002 0
0.799993 0.200007 0
0.172405 0.275865 0.55173
0.482739 0.137927 0.379334
0.310345 0.413793 0.275862
0.866642 0.133358 0
0.133337 0.866663 0
0.448284 0.103432 0.448284
0.206895 0.344823 0.448282
0.379309 0.275863 0.344828
0.519989 0.480011 0
0.41375 0.000103355 0.586146
0.166666 9.99824e-05 0.833234
0.730773 0.269227 0
0.000103423 0.586146 0.41375
0.966678 0.033322 0
0.0333331 0.966667 0
0.275844 0.310327 0.413829
0.655105 0.0001034 0.344792
0.379346 0.0689616 0.551693
0.0669868 0.502396 0.430618
0.357141 0.392858 0.25
0.551722 0.448278 0
0.0001031 0.137904 0.861993
0.0666582 8.93189e-05 0.933252
0.142857 0.607143 0.25
0.0689569 0.34483 0.586214
0.000103351 0.379271 0.620625
0.444543 0.148123 0.407334
0.107142 0.892858 0
0.000100952 0.639922 0.359977
0.760001 0.239999 0
0.370372 0.629628 0
0.346115 0.000103073 0.653782
0.185186 0.407399 0.407415
0.892858 0.107142 0
0.142853 0.214282 0.642864
0.108818 0.310851 0.580331
0.344827 0.172413 0.482759
0.275863 0.137931 0.586206
0.517187 0.000103353 0.482709
0.413652 0.207167 0.379181
0.000103378 0.517187 0.482709
0.0689566 0.137913 0.79313
9.95349e-05 0.9999 0
0.482767 0.517233 0
0.137933 0.103437 0.75863
0.586146 0.103464 0.310391
0.175194 0.124027 0.700779
0.23332 0.76668 0
0.333336 0.333331 0.333332
0.0666633 0.933337 0
0.689637 0.0345087 0.275854
9.33968e-05 8.71759e-05 0.999819
0.0356678 0.712765 0.251567
0.107307 0.0343348 0.858359
0.629625 0.370375 0
0.9999 9.95776e-05 0
0.241379 0.482759 0.275862
0.502398 0.0669849 0.430618
0.00010334 0.241355 0.758541
0.5 0.25 0.25
0.0344805 0.275862 0.689657
0.103448 0.551724 0.344828
0.103448 0.172412 0.724141
0.310345 0.689655 0
0.607084 0.000101165 0.392815
0.827586 0.172414 0
0.00010343 0.448231 0.551665
0.689663 0.310337 0
0.21428 0.000101956 0.785618
0.000102151 0.749898 0.25
0.250736 0.0681159 0.681149
0.253924 0.274522 0.471553
0.0668969 0.431382 0.501721
0.172426 0.827574 0
0.613636 0.136364 0.25
0.428571 0.571429 0
0.933329 0.0666709 0
0.214277 0.250001 0.535722
0.46424 0.000100431 0.53566
0.214279 0.535721 0.25
0.344825 0.241382 0.413794
0.428575 0.285713 0.285712
0.299415 0.187222 0.513363
0.137928 0.413789 0.448283
0.517241 0.172413 0.310345
0.275863 0.379308 0.344829
0.137928 0.344835 0.517237
0.172412 0.517242 0.310345
0.0333302 0.0666604 0.900009
0.0689302 0.620713 0.310356
0.275834 0.000103366 0.724063
0.396878 0.134083 0.469039
0.206885 0.448283 0.344832
0.749898 0.000102231 0.25
0.269239 0.730761 0
0.599998 0.400002 0
0.206897 0.172413 0.62069
0.310344 0.0689655 0.62069
