0.241384 0.310328 0.448288
0.799996 0.200004 0
0.31034 0.379319 0.310342
0.482749 0.137934 0.379318
0.133339 0.866661 0
0.86666 0.13334 0
0.137931 0.482759 0.37931
0.392868 0.607132 0
0.448278 0.206893 0.344829
9.98002e-05 0.166669 0.833231
0.344827 0.0689641 0.586209
0.000103422 0.586138 0.413759
0.413784 0.137929 0.448288
0.0333277 0.966672 0
0.966666 0.0333336 0
0.392839 0.357161 0.25
0.321417 0.214278 0.464305
0.100251 0.431892 0.467857
0.13793 0.58621 0.275861
0.409947 0.0683159 0.521737
0.137902 0.000103307 0.861995
0.749898 0.000102162 0.25
0.586165 0.103459 0.310377
0.24138 0.206899 0.551721
0.000102257 0.214258 0.78564
0.5024 0.0669789 0.430621
0.37927 0.000103294 0.620627
0.148148 0.444439 0.407413
0.444444 0.148149 0.407407
0.107148 0.892852 0
0.275868 0.103429 0.620703
0.357149 0.642851 0
0.0343347 0.107308 0.858358
0.31196 0.108704 0.579336
0.214285 0.142857 0.642858
0.000103333 0.517188 0.482709
0.241357 0.000103398 0.758539
0.448305 0.275836 0.275858
0.000103178 0.346113 0.653783
9.97819e-05 0.9999 0
0.689653 0.0344857 0.275861
0.5 0.25 0.25
0.629606 0.370394 0
0.13793 0.275866 0.586204
0.333333 0.333333 0.333334
0.48276 0.51724 0
0.76 0.24 0
0.520001 0.479999 0
0.401214 0.234044 0.364742
0.9999 9.99912e-05 0
0.123771 0.175246 0.700983
0.000101011 0.639927 0.359972
0.517188 0.000103418 0.482709
0.233333 0.766667 0
0.310345 0.310345 0.37931
0.892857 0.107143 0
0.249997 0.500003 0.25
0.827586 0.172414 0
9.05529e-05 9.83617e-05 0.999811
0.102265 0.647735 0.25
0.0356403 0.712787 0.251572
0.551732 0.448268 0
0.607082 0.00010102 0.392817
0.000102171 0.749898 0.25
0.689657 0.310343 0
0.172415 0.827585 0
0.000103365 0.275832 0.724064
0.423072 0.576928 0
0.068121 0.250713 0.681166
0.241389 0.379287 0.379324
0.266667 0.733333 0
0.0679626 0.543691 0.388347
0.0689613 0.379348 0.551691
0.137918 0.0689589 0.793123
0.300001 0.699999 0
0.613636 0.136364 0.25
5.9157e-05 0.0666586 0.933282
0.0689554 0.620696 0.310348
0.0666686 0.933331 0
0.345341 0.137823 0.516836
0.933326 0.0666737 0
0.275891 0.0344607 0.689648
0.000100325 0.46425 0.53565
0.0666557 0.0333293 0.900015
0.51724 0.172414 0.310346
0.172414 0.517241 0.310346
0.285697 0.428584 0.285719
0.187249 0.299438 0.513313
0.172412 0.344832 0.482756
0.103444 0.137925 0.758631
0.28571 0.28571 0.42858
0.000103162 0.413751 0.586146
0.44823 0.000103306 0.551667
0.6 0.4 0
0.206888 0.448282 0.344829
0.17241 0.206897 0.620693
0.17241 0.103443 0.724147
0.0689658 0.310342 0.620692
0.730769 0.269231 0
0.655105 0.000103434 0.344791
