0.2 0.8 0
0.799998 0.200002 0
0.17241 0.275857 0.551733
0.310343 0.310343 0.379313
0.379318 0.206887 0.413795
0.24138 0.448275 0.310344
0.103443 0.172415 0.724142
0.133336 0.866664 0
0.866643 0.133357 0
0.24138 0.13793 0.62069
0.600001 0.399999 0
0.480001 0.519999 0
0.413795 0.275862 0.310344
0.730768 0.269232 0
0.269244 0.730756 0
0.966669 0.0333307 0
0.033334 0.966666 0
0.000103343 0.655104 0.344792
0.100275 0.431761 0.467964
0.0333352 0.166675 0.79999
0.733251 9.97357e-05 0.266649
0.551716 0.103462 0.344823
0.00010313 0.137917 0.861979
0.0344809 0.689672 0.275847
0.00010224 0.749898 0.25
0.148147 0.444442 0.40741
0.434218 0.315782 0.25
0.571421 0.428579 0
0.448277 0.137929 0.413794
0.379346 0.0344807 0.586173
0.89286 0.10714 0
0.310343 0.689657 0
0.0999892 9.90958e-05 0.899912
0.615322 0.000102425 0.384575
0.370371 0.629629 0
0.000103112 0.346114 0.653783
0.172416 0.827584 0
9.94997e-05 9.05183e-05 0.99981
0.633346 0.366654 0
0.448276 0.551724 0
0.714286 0.0357139 0.25
0.000103219 0.517179 0.482718
0.759997 0.240003 0
0.482708 0.000103333 0.517188
0.299962 9.99475e-05 0.699938
0.409078 0.147728 0.443194
0.142774 0.0342881 0.822938
0.9999 9.9776e-05 0
0.103449 0.31034 0.586211
0.107148 0.892852 0
0.0740745 0.185184 0.740741
0.240004 0.240004 0.519991
0.0666708 0.500003 0.433327
0.239988 0.760012 0
0.517241 0.482759 0
0.24138 0.379307 0.379313
0.103437 0.586215 0.310349
0.544495 0.204207 0.251299
0.35714 0.39286 0.25
0.260884 0.105587 0.633529
9.98956e-05 0.9999 0
0.249999 0.500001 0.25
0.214284 0.321426 0.46429
0.357104 0.000101435 0.642794
0.000101071 0.607078 0.392821
0.0338122 0.425198 0.540989
0.172416 0.137926 0.689659
0.827586 0.172414 0
0.44827 0.206907 0.344823
0.689658 0.310342 0
0.000103292 0.241357 0.75854
0.0344732 0.275868 0.689659
0.2963 0.407422 0.296278
0.430625 0.0669852 0.50239
0.136365 0.613635 0.25
0.613639 0.136361 0.25
0.482737 0.24139 0.275874
0.0666678 0.933332 0
0.933332 0.0666684 0
0.206878 0.000103114 0.793019
0.517239 0.068966 0.413795
0.103448 0.517239 0.379313
0.172412 0.482765 0.344823
0.35715 0.250005 0.392845
0.0333336 0.0666677 0.899999
0.137932 0.241376 0.620692
0.206897 0.206897 0.586207
0.137917 0.344894 0.517189
0.34521 0.10338 0.55141
0.103448 0.103448 0.793104
0.206894 0.0689645 0.724142
0.172413 0.551724 0.275862
0.321502 0.178545 0.499953
0.000101112 0.392818 0.607081
0.65518 0.0689546 0.275865
0.4 0.6 0
0.333332 0.333332 0.333336
0.517241 0.172414 0.310345
0.275862 0.275862 0.448276
0.551666 0.000103362 0.44823
