0.24138 0.137928 0.620692
0.000103397 0.275833 0.724063
0.8 0.2 0
0.2 0.8 0
0.448276 0.275862 0.275862
0.413798 0.206886 0.379316
0.310345 0.310345 0.37931
0.133343 0.866657 0
0.866667 0.133333 0
0.399998 0.600002 0
0.275864 0.172407 0.551729
0.519999 0.480001 0
0.166648 8.87669e-05 0.833263
0.0344798 0.413792 0.551729
0.275861 0.413795 0.310344
0.655105 0.000103413 0.344791
0.431858 0.10026 0.467882
0.103449 0.586185 0.310366
0.586084 0.103479 0.310436
0.21427 0.000102418 0.785627
0.749898 0.00010225 0.25
0.000103417 0.103425 0.896472
9.95526e-05 0.166651 0.833249
0.966666 0.0333338 0
0.444443 0.148148 0.407408
0.0689634 0.344843 0.586193
0.172414 0.482775 0.34481
0.107141 0.892859 0
0.892859 0.107141 0
0.000102516 0.615326 0.384571
0.551725 0.448275 0
0.142858 0.428571 0.428571
0.629628 0.370372 0
0.172413 0.827587 0
0.613643 0.136357 0.25
0.730768 0.269232 0
0.107295 0.0343358 0.858369
0.240002 0.759998 0
0.24 0.24 0.52
0.517188 0.000103434 0.482709
0.346118 0.000103172 0.653779
0.0333586 0.299466 0.667176
9.77848e-05 8.28882e-05 0.999819
0.321426 0.214287 0.464288
0.0689656 0.137931 0.793103
0.9999 9.99662e-05 0
0.03333 0.96667 0
0.310344 0.103448 0.586208
0.214294 0.178542 0.607163
0.333333 0.333333 0.333334
9.99829e-05 0.9999 0
0.689652 0.0344872 0.275861
0.482759 0.517241 0
0.178537 0.32149 0.499973
0.035713 0.714287 0.25
0.321429 0.428571 0.25
0.392821 0.000101078 0.607078
0.168366 0.124749 0.706885
0.204195 0.544501 0.251304
9.99689e-05 0.233311 0.766589
0.50001 0.24999 0.25
9.96262e-05 0.733257 0.266644
0.60708 0.000101173 0.392818
0.425434 0.0337993 0.540767
0.551719 0.172416 0.275865
0.827585 0.172415 0
0.142853 0.214282 0.642865
0.482758 0.17241 0.344832
0.689655 0.310345 0
0.310337 0.689663 0
0.000103347 0.48271 0.517187
0.407585 0.296338 0.296078
0.0689657 0.206896 0.724138
0.172411 0.27586 0.551729
0.249295 0.0682461 0.682458
0.366667 0.633333 0
0.000103413 0.379271 0.620626
0.428571 0.571429 0
0.0683267 0.521703 0.40997
0.0666678 0.933332 0
0.0666545 9.64126e-05 0.933249
0.269233 0.730767 0
0.13636 0.61364 0.25
0.344837 0.137929 0.517234
0.502395 0.0669811 0.430624
0.137916 0.103436 0.758648
0.103433 0.379331 0.517236
0.933331 0.0666686 0
0.241379 0.482758 0.275862
0.760005 0.239995 0
0.392857 0.357143 0.25
0.392866 0.250003 0.357131
0.0689516 0.655182 0.275866
0.103441 0.275865 0.620694
0.285714 0.285714 0.428571
0.275833 0.000103428 0.724063
0.0334042 0.501185 0.465411
0.599997 0.400003 0
0.241664 0.379169 0.379168
0.206894 0.344826 0.44828
