0.8 0.2 0
0.199984 7.15612e-05 0.799945
0.133335 0.866665 0
0.137931 0.482759 0.379311
0.392858 0.607142 0
0.519999 0.480001 0
0.517241 0.137931 0.344828
9.9981e-05 0.166654 0.833246
0.0689634 0.620691 0.310346
0.344827 0.0689653 0.586207
0.730769 0.269231 0
0.000103409 0.41375 0.586146
0.000103383 0.586146 0.413751
0.241378 0.275863 0.48276
0.0333319 0.966668 0
0.266666 0.733334 0
0.214287 0.142858 0.642856
0.321428 0.214285 0.464287
0.392859 0.357141 0.25
0.423077 0.576923 0
0.137934 0.586206 0.27586
0.517188 0.000103365 0.482709
0.137957 0.0344861 0.827557
0.285714 0.428572 0.285714
0.586185 0.103454 0.310361
0.275863 0.103446 0.620691
0.379272 0.000103341 0.620625
0.42857 0.214285 0.357146
0.148148 0.444444 0.407409
0.000100384 0.464238 0.535661
0.107143 0.892857 0
0.000102299 0.214266 0.785632
0.000101002 0.639935 0.359964
0.444443 0.148148 0.407409
0.357143 0.642857 0
0.892857 0.107143 0
0.000102083 0.749898 0.25
0.0343353 0.107296 0.858369
0.760001 0.239999 0
0.629627 0.370373 0
0.749898 0.000102193 0.25
9.41028e-05 9.4122e-05 0.999812
0.311949 0.108717 0.579334
0.689654 0.0344838 0.275862
0.827586 0.172414 0
0.25 0.5 0.25
0.333333 0.333333 0.333333
0.00010335 0.275833 0.724063
0.9999 9.99424e-05 0
0.482759 0.517241 0
0.123711 0.175258 0.701031
0.40994 0.0683203 0.52174
0.241355 0.000103421 0.758542
0.137931 0.275864 0.586205
0.0689506 0.379445 0.551605
0.103447 0.137931 0.758622
0.187167 0.299464 0.51337
0.0681083 0.250809 0.681082
9.9744e-05 0.9999 0
0.233332 0.766668 0
0.0356406 0.712788 0.251571
0.551724 0.448276 0
0.60708 0.000101135 0.392819
0.551724 0.172414 0.275862
0.689656 0.310344 0
0.172414 0.827586 0
0.0999952 9.77163e-05 0.899907
0.24138 0.379309 0.379311
0.3 0.7 0
0.0679616 0.543695 0.388344
0.344828 0.275862 0.379311
0.613636 0.136364 0.25
0.0666663 0.933334 0
0.933333 0.0666667 0
0.000103422 0.517188 0.482709
0.275863 0.0344832 0.689654
0.37931 0.310345 0.310345
0.24138 0.206896 0.551723
9.57485e-05 0.0666602 0.933244
0.966667 0.0333331 0
0.102272 0.647728 0.25
0.172414 0.517241 0.310345
0.655105 0.000103432 0.344791
0.172414 0.344828 0.482759
0.502391 0.0669853 0.430623
0.172412 0.103448 0.724139
0.100257 0.431875 0.467868
0.86666 0.13334 0
0.275862 0.310345 0.413793
0.5 0.25 0.25
0.448289 0.275855 0.275855
0.310344 0.379313 0.310344
0.345182 0.137865 0.516953
0.44823 0.000103429 0.551667
0.0001031 0.346118 0.653779
0.6 0.4 0
0.413792 0.137931 0.448277
0.206897 0.448276 0.344828
0.172414 0.206897 0.62069
0.0689656 0.310344 0.62069
