0.199996 0.800004 0
0.799998 0.200002 0
0.275846 0.448307 0.275846
0.310346 0.310346 0.379307
0.137915 0.241376 0.620709
0.866647 0.133353 0
0.133334 0.866666 0
0.27586 0.17241 0.55173
0.166668 0.100001 0.733331
0.6 0.4 0
0.172409 0.275861 0.55173
0.480004 0.519996 0
9.85432e-05 0.166653 0.833249
0.730765 0.269235 0
0.269233 0.730767 0
0.0333311 0.966669 0
0.37932 0.103437 0.517243
0.000103232 0.655106 0.344791
0.100215 0.432049 0.467737
0.448277 0.551723 0
0.148144 0.444446 0.407411
0.586203 0.103449 0.310348
0.3103 0.000103257 0.689596
0.428575 0.321425 0.25
0.344836 0.206902 0.448262
0.966673 0.0333269 0
0.000102421 0.214264 0.785633
0.00010202 0.749898 0.25
0.249998 0.500002 0.25
0.214281 0.321423 0.464297
0.633332 0.366668 0
0.103489 0.586046 0.310465
0.61534 0.000101428 0.384558
0.370386 0.629614 0
0.240006 0.240006 0.519989
0.107135 0.892865 0
0.000103398 0.517157 0.48274
0.33334 0.33334 0.33332
0.48271 0.000102979 0.517187
0.9999 9.9878e-05 0
0.521477 0.0683569 0.410166
0.759981 0.240019 0
9.94223e-05 0.999901 0
0.103454 0.31034 0.586206
9.36413e-05 6.84638e-05 0.999838
0.178573 0.214282 0.607145
0.0343502 0.107287 0.858363
0.214283 0.142855 0.642862
0.000102842 0.346128 0.65377
0.344839 0.0689642 0.586196
0.544504 0.204188 0.251308
0.517236 0.482764 0
0.310343 0.689657 0
0.714277 0.0357227 0.25
0.0336796 0.427356 0.538964
0.239999 0.760001 0
0.428571 0.142853 0.428576
0.136365 0.613635 0.25
0.0344804 0.689676 0.275843
0.733285 9.99779e-05 0.266615
0.00010112 0.607062 0.392837
0.827584 0.172416 0
0.399999 0.600001 0
0.413792 0.275861 0.310347
0.172423 0.827577 0
0.172411 0.551727 0.275863
0.379293 0.241414 0.379293
0.233308 9.97249e-05 0.766593
0.000103131 0.275829 0.724067
0.137937 0.0689684 0.793094
0.689659 0.310341 0
0.321478 0.178559 0.499963
0.172406 0.482779 0.344814
0.068517 0.246339 0.685144
0.296286 0.407424 0.296291
0.103394 0.00010339 0.896503
0.571434 0.428566 0
0.93333 0.0666704 0
0.0666684 0.933332 0
0.482777 0.17241 0.344813
0.41379 0.0344795 0.55173
3.77532e-05 0.0666306 0.933332
0.892857 0.107143 0
0.613651 0.136349 0.25
0.137918 0.344843 0.517239
0.37927 0.00010336 0.620626
0.0669955 0.50242 0.430585
0.24999 0.392874 0.357137
0.241384 0.0689602 0.689656
0.206896 0.413796 0.379307
0.275863 0.103448 0.620689
0.103429 0.137912 0.758659
0.482354 0.241569 0.276078
0.285711 0.285711 0.428577
0.166652 9.94446e-05 0.833249
0.357137 0.392863 0.25
0.655171 0.0689661 0.275863
0.124771 0.168191 0.707038
0.501171 0.0334138 0.465415
0.000101141 0.39281 0.607089
