0.600001 0.399999 0
0.199996 0.800004 0
0.275834 0.172438 0.551728
0.137898 0.482777 0.379325
0.866646 0.133354 0
0.133334 0.866666 0
0.172399 0.344799 0.482802
0.275875 0.379281 0.344844
0.000102715 0.41375 0.586148
0.517246 0.17241 0.310344
9.10597e-05 0.166651 0.833257
0.551753 0.0344468 0.4138
0.344829 0.0689607 0.586211
0.379331 0.172378 0.44829
0.966666 0.0333341 0
0.000103299 0.655102 0.344795
0.0689371 0.379415 0.551648
0.000102218 0.749898 0.25
0.000102445 0.214278 0.785619
0.103501 0.58604 0.310459
0.379268 0.00010322 0.620629
0.448275 0.551725 0
0.10714 0.89286 0
7.62092e-05 0.0666595 0.933264
0.730757 0.269243 0
0.407431 0.185144 0.407425
0.517188 0.000103405 0.482709
0.48 0.52 0
0.311573 0.108722 0.579705
9.67745e-05 9.64014e-05 0.999807
0.639965 0.000100709 0.359935
9.9939e-05 0.9999 0
0.34519 0.137857 0.516952
0.137974 0.0344811 0.827545
0.333331 0.333331 0.333337
0.241352 0.000103329 0.758544
0.9999 9.99063e-05 0
0.187148 0.29946 0.513392
0.1724 0.206883 0.620718
0.0343403 0.107293 0.858367
0.103446 0.137932 0.758622
0.607162 0.142838 0.25
0.517241 0.482759 0
0.892858 0.107142 0
0.766675 0.233325 0
0.000103334 0.517188 0.482709
0.206912 0.448262 0.344826
0.71279 0.0356391 0.251571
0.124023 0.175196 0.700782
0.239992 0.760008 0
0.0345021 0.689647 0.275851
0.000103191 0.346116 0.65378
0.274497 0.253958 0.471544
0.482795 0.241376 0.275829
0.629632 0.370368 0
0.571432 0.428568 0
0.551653 0.103466 0.344881
0.448241 0.000103081 0.551656
0.21422 0.142813 0.642968
0.000100322 0.464249 0.53565
0.689663 0.310337 0
0.430841 0.0669427 0.502216
0.000100976 0.607016 0.392883
0.370392 0.629608 0
0.172415 0.827585 0
0.103408 0.448302 0.44829
0.749898 0.000102066 0.25
0.310344 0.689656 0
0.275875 0.0344842 0.689641
0.827578 0.172422 0
0.0681321 0.250759 0.681109
0.147796 0.445769 0.406435
0.0999917 9.97968e-05 0.899908
0.208503 0.412967 0.37853
0.33329 9.30162e-05 0.666617
0.136363 0.613637 0.25
0.0333327 0.966667 0
0.535947 0.214053 0.25
0.933336 0.0666642 0
0.413794 0.275862 0.310344
0.0666661 0.933334 0
0.25 0.214249 0.535751
0.502425 0.0670511 0.430524
0.137931 0.275862 0.586207
0.392858 0.357142 0.25
0.448253 0.206903 0.344844
0.25 0.5 0.25
0.241361 0.34484 0.413799
0.285708 0.428583 0.285708
0.620676 0.0689687 0.310356
0.0669688 0.50231 0.430722
0.344884 0.275805 0.379311
0.172364 0.51728 0.310355
0.000103287 0.275783 0.724114
0.269242 0.730758 0
0.206812 0.0689311 0.724257
0.134107 0.396883 0.46901
0.399988 0.600012 0
0.448316 0.137884 0.4138
0.0689644 0.310343 0.620693
