0.033332 3.55008e-05 0.966633
0.137916 0.241358 0.620725
0.103425 0.448289 0.448286
0.241379 0.482759 0.275862
0.241383 0.413797 0.34482
0.300033 0.699967 0
0.206901 0.379296 0.413803
0.8 0.2 0
0.607141 0.392859 0
0.655411 0.0689179 0.275671
0.433335 0.566665 0
0.233332 0.766668 0
0.0333264 0.966674 0
0.733332 0.266668 0
0.275849 0.172417 0.551734
0.34483 0.275858 0.379312
0.0689655 0.655172 0.275862
0.0344721 0.379502 0.586026
0.136363 0.613637 0.25
0.482759 0.241379 0.275862
0.5862 0.10345 0.31035
0.103457 0.58617 0.310373
0.206896 0.206896 0.586208
0.0666679 0.933332 0
9.97115e-05 0.09999 0.89991
0.392854 0.357146 0.25
0.137927 0.00010342 0.861969
0.000103304 0.206876 0.793021
0.137932 0.482755 0.379312
0.653774 0.000103169 0.346123
0.892859 0.107141 0
0.147717 0.409097 0.443185
0.142857 0.857143 0
0.239999 0.239999 0.520001
0.766668 0.233332 0
0.137923 0.379314 0.482763
0.103448 0.103448 0.793104
0.517187 0.000103423 0.48271
0.464286 0.285714 0.25
0.301335 0.104799 0.593866
0.538119 0.0672627 0.394618
0.0357143 0.714286 0.25
0.000100989 0.629563 0.370336
0.185218 0.0741676 0.740615
9.96967e-05 0.9999 0
0.26923 0.73077 0
9.74086e-05 9.91723e-05 0.999803
0.428572 0.142859 0.428568
0.7 0.3 0
0.333333 0.333333 0.333334
0.9999 9.99472e-05 0
0.51724 0.48276 0
0.392859 0.607141 0
0.71279 0.035637 0.251572
0.0342808 0.142983 0.822736
0.346113 0.000103167 0.653784
0.172414 0.27586 0.551726
9.99692e-05 0.29997 0.69993
0.576929 0.423071 0
0.214284 0.535716 0.25
0.000103407 0.482709 0.517187
0.966668 0.0333318 0
0.545452 0.204548 0.25
0.433286 9.98344e-05 0.566614
0.259268 0.444456 0.296275
9.99561e-05 0.733261 0.266639
0.137931 0.172414 0.689655
0.392854 0.250003 0.357144
0.0999995 0.9 0
0.2 0.8 0
0.388918 0.0678978 0.543185
9.99746e-05 0.56661 0.43329
0.214275 0.321431 0.464294
0.0689619 0.517266 0.413772
0.461538 0.538462 0
0.487926 0.174259 0.337815
0.333333 0.666667 0
0.103446 0.344843 0.551711
0.241369 0.000103406 0.758528
0.321435 0.21427 0.464295
0.933333 0.0666673 0
0.0666668 0.0333334 0.9
0.178564 0.464293 0.357144
0.24135 0.103436 0.655214
0.613636 0.136364 0.25
0.275862 0.344828 0.37931
0.34483 0.137925 0.517244
0.0689628 0.206895 0.724142
0.105533 0.261265 0.633202
0.321417 0.428583 0.25
0.642854 0.357146 0
0.275862 0.0344817 0.689656
0.833332 0.166668 0
0.448281 0.0689556 0.482763
0.000101369 0.357114 0.642785
0.310349 0.379308 0.310343
0.586146 0.000103435 0.41375
0.749898 0.000102144 0.25
0.0669924 0.430607 0.5024
0.166667 0.0333218 0.800012
