0.275772 0.171936 0.552291
0.199973 0.800027 0
0.137906 0.482768 0.379326
0.866667 0.133333 0
0.133333 0.866667 0
0.172424 0.344849 0.482727
0.103401 0.448326 0.448273
0.344829 0.206834 0.448337
0.480017 0.519983 0
0.000103415 0.413748 0.586148
9.79184e-05 0.166673 0.833229
0.344825 0.0689659 0.586209
0.269231 0.730769 0
0.0333342 0.966666 0
0.586174 0.000100926 0.413725
0.966668 0.0333322 0
0.517239 0.172415 0.310346
0.000102891 0.65508 0.344817
0.272135 0.254753 0.473113
0.407378 0.185173 0.40745
0.137909 0.000103224 0.861988
0.103749 0.585014 0.311237
0.379275 0.000100778 0.620624
0.148104 0.444611 0.407285
0.892857 0.107143 0
0.275874 0.379338 0.344788
0.607137 0.142863 0.25
0.639957 9.98937e-05 0.359943
0.000102206 0.749898 0.25
0.107139 0.892861 0
0.629631 0.370369 0
0.346627 0.137542 0.515831
0.0689636 0.310338 0.620698
0.187207 0.299487 0.513305
0.13791 0.276 0.58609
0.0343302 0.107294 0.858376
0.000102441 0.214263 0.785635
0.370387 0.629613 0
0.311836 0.108658 0.579506
0.0669898 0.502351 0.430659
0.241355 0.000103412 0.758541
0.25 0.5 0.25
0.9999 9.98196e-05 0
0.333334 0.333333 0.333333
0.239997 0.760003 0
0.482757 0.241379 0.275864
9.7828e-05 8.79108e-05 0.999814
0.517241 0.482759 0
0.712798 0.0356406 0.251561
0.448241 9.92784e-05 0.55166
0.766673 0.233327 0
0.0345638 0.689603 0.275834
0.517188 0.000103393 0.482709
0.123721 0.175257 0.701022
0.000103208 0.346118 0.653779
0.392736 0.357264 0.25
0.550888 0.103661 0.345451
0.0666669 0.933333 0
0.214285 0.142853 0.642863
0.689677 0.310323 0
9.85569e-05 0.607085 0.392816
0.502416 0.0669631 0.430621
0.172415 0.827585 0
0.310326 0.689674 0
0.749898 0.000102222 0.25
0.172397 0.206898 0.620706
0.433395 0.0666761 0.499929
0.208233 0.413101 0.378666
0.827584 0.172416 0
0.0681869 0.249979 0.681834
9.99616e-05 0.9999 0
0.0666641 0.033332 0.900004
0.137971 0.0689857 0.793043
0.136362 0.613638 0.25
0.571472 0.428528 0
0.448258 0.206876 0.344866
9.99543e-05 0.0666748 0.933225
0.933335 0.0666652 0
0.275887 0.0343942 0.689719
0.249887 0.214264 0.535849
0.000100379 0.464254 0.535646
0.535723 0.214277 0.25
0.600004 0.399996 0
0.285715 0.428576 0.285709
0.24136 0.344764 0.413877
0.344827 0.275862 0.379311
0.172417 0.517235 0.310348
0.068956 0.379395 0.551649
0.103447 0.137931 0.758622
0.000103433 0.517188 0.482709
0.620843 0.0687397 0.310417
0.448266 0.551734 0
0.000101518 0.275754 0.724145
0.134164 0.396824 0.469012
0.730758 0.269242 0
0.4 0.6 0
0.206892 0.0689591 0.724149
0.482795 0.137876 0.379329
0.413859 0.137915 0.448226
0.413796 0.275857 0.310348
