0.200001 0.799999 0
0.800002 0.199998 0
0.206896 0.413793 0.37931
0.133334 0.866666 0
0.866658 0.133342 0
0.275858 0.172405 0.551737
0.166673 0.100003 0.733324
0.6 0.4 0
0.172407 0.275857 0.551737
0.480001 0.519999 0
9.9829e-05 0.166653 0.833247
0.730776 0.269224 0
0.269229 0.730771 0
0.413793 0.275862 0.310345
0.0333234 0.966677 0
0.96667 0.0333298 0
0.000103412 0.655105 0.344792
0.310312 0.000103415 0.689584
0.448264 0.551736 0
0.103427 0.000103077 0.89647
0.310345 0.310345 0.37931
0.428584 0.321416 0.25
0.333332 0.333332 0.333336
0.103454 0.310313 0.586234
0.10357 0.585723 0.310706
0.000103262 0.51717 0.482727
0.148147 0.444453 0.407401
0.615326 0.000102493 0.384572
0.633332 0.366668 0
0.344825 0.0689679 0.586207
0.892869 0.107131 0
0.107146 0.892854 0
0.58621 0.103445 0.310345
0.370372 0.629628 0
8.48603e-05 9.77009e-05 0.999817
0.428563 0.142862 0.428574
0.24 0.24 0.52
0.571445 0.428555 0
0.100382 0.431167 0.468451
0.000102463 0.214311 0.785587
0.482708 0.000103408 0.517188
0.214288 0.321431 0.464281
0.544504 0.20419 0.251306
0.0681653 0.250268 0.681566
9.99397e-05 0.9999 0
0.517241 0.482759 0
0.714299 0.0357007 0.25
0.000102257 0.749898 0.25
0.275862 0.448277 0.275861
0.239994 0.760006 0
0.48272 0.241397 0.275883
0.759991 0.240009 0
0.0344726 0.689747 0.275781
0.52173 0.0683199 0.40995
0.000103016 0.346112 0.653785
0.357145 0.392855 0.25
0.233316 9.99163e-05 0.766584
0.733271 9.99159e-05 0.266629
0.21429 0.142857 0.642853
0.000101178 0.607076 0.392823
0.0337856 0.425629 0.540585
0.827586 0.172414 0
0.379272 0.000103419 0.620624
0.17242 0.82758 0
0.68966 0.31034 0
0.31033 0.68967 0
0.379206 0.241587 0.379207
3.78052e-05 0.0666634 0.933299
0.124756 0.168286 0.706958
0.137914 0.0689567 0.793129
0.655179 0.034476 0.310345
0.379292 0.103439 0.517269
0.32155 0.178535 0.499915
0.296177 0.407477 0.296347
0.136367 0.613633 0.25
0.0666691 0.933331 0
0.933331 0.066669 0
0.172408 0.482775 0.344817
0.482766 0.172413 0.344821
0.4138 0.0344638 0.551737
0.178568 0.214281 0.60715
0.9999 9.98161e-05 0
0.613639 0.136361 0.25
0.137863 0.345145 0.516992
0.0669775 0.502398 0.430625
0.0343472 0.107303 0.85835
0.241387 0.0689232 0.68969
0.103435 0.137905 0.75866
0.285713 0.285713 0.428574
0.166656 9.73305e-05 0.833247
0.249997 0.392856 0.357146
0.275861 0.103448 0.620691
0.000103395 0.275827 0.72407
0.25 0.5 0.25
0.172429 0.551685 0.275886
0.501197 0.0334004 0.465403
0.000100839 0.392814 0.607085
0.400001 0.599999 0
0.448359 0.0689837 0.482658
0.344826 0.206893 0.448281
