0.639955 0.360045 0
0.379387 0.10336 0.517252
0.482769 0.241384 0.275846
0.447726 0.103305 0.448969
0.200007 0.799993 0
0.206889 0.34483 0.44828
0.517027 0.137911 0.345062
0.0688964 0.551811 0.379292
0.133335 0.866665 0
0.399993 0.600007 0
0.0669466 0.430553 0.5025
0.24137 0.137924 0.620706
0.345344 0.206685 0.447971
0.269231 0.730769 0
0.766671 0.233329 0
0.0333262 0.966674 0
0.275859 0.413798 0.310343
9.9685e-05 0.733273 0.266627
0.613631 0.136369 0.25
0.445179 0.258036 0.296785
0.0999977 9.98441e-05 0.899902
0.1407 0.507633 0.351667
1.38742e-05 0.0999981 0.899988
0.260886 0.105588 0.633525
0.000102483 0.310322 0.689576
0.357141 0.392859 0.25
0.000102446 0.178557 0.821341
0.147726 0.409095 0.443179
0.409095 0.147727 0.443179
0.366657 0.633343 0
0.178552 0.000102638 0.821345
0.10713 0.89287 0
0.566673 0.433327 0
0.0689695 0.0689695 0.862061
0.933333 0.0666665 0
0.607145 0.392855 0
0.428514 0.000100207 0.571386
0.586045 0.103488 0.310467
0.629566 0.000100963 0.370333
0.105588 0.260887 0.633525
0.53846 0.46154 0
9.99204e-05 0.9999 0
0.240001 0.759999 0
0.730773 0.269227 0
9.59549e-05 7.74761e-05 0.999827
0.9999 9.98957e-05 0
0.000102525 0.61533 0.384568
0.857139 0.142861 0
0.321601 0.178489 0.49991
0.482767 0.517233 0
0.124998 0.124998 0.750005
0.000103335 0.482718 0.517178
0.0357171 0.714283 0.25
0.239999 0.239999 0.520002
0.333333 0.333333 0.333334
0.172423 0.172423 0.655154
0.319955 9.75844e-05 0.679948
0.535715 0.214285 0.25
0.482718 0.000103106 0.517178
0.349328 0.0684911 0.582181
0.0333355 0.0333355 0.933329
0.378542 0.241408 0.38005
0.733274 9.8818e-05 0.266627
0.172415 0.827585 0
0.206938 0.0689576 0.724104
0.799995 0.200005 0
0.214111 0.39288 0.393009
0.699995 0.300005 0
0.285712 0.285712 0.428575
0.106176 0.607804 0.286019
0.310341 0.689659 0
0.517259 0.0689627 0.413778
0.250065 0.464197 0.285738
0.666667 0.333333 0
0.310345 0.310345 0.379311
0.178528 0.321358 0.500114
0.428556 0.571444 0
0.033415 0.534677 0.431908
0.0689611 0.20692 0.724119
0.206898 0.206898 0.586204
0.0666637 0.933336 0
0.966665 0.0333353 0
0.466289 0.175046 0.358665
0.428573 0.321427 0.25
0.137926 0.241367 0.620707
0.566611 9.88908e-05 0.43329
0.103438 0.103438 0.793124
0.233316 9.98695e-05 0.766585
9.99719e-05 0.23331 0.76659
0.0344828 0.655172 0.310345
0.9 0.1 0
0.204222 0.544482 0.251295
0.430576 0.0672094 0.502215
0.03409 0.386361 0.579549
0.10337 0.448323 0.448307
0.10331 0.3457 0.55099
0.000101346 0.357101 0.642798
0.655197 0.068956 0.275847
0.714289 0.0357108 0.25
0.170453 0.579547 0.25
