0.275875 0.379317 0.344808
0.310354 0.241364 0.448282
0.103386 0.275876 0.620738
0.200015 0.799985 0
0.137925 0.482766 0.379309
0.866652 0.133348 0
0.133334 0.866666 0
0.482786 0.137904 0.379309
0.607134 0.392866 0
0.413747 0.000102475 0.58615
0.166669 9.99196e-05 0.833231
0.620695 0.0689582 0.310347
0.0689619 0.34482 0.586218
0.269234 0.730766 0
0.586163 0.000103362 0.413734
0.137928 0.413794 0.448278
0.966669 0.0333309 0
0.733331 0.266669 0
0.214284 0.321426 0.46429
0.103449 0.586204 0.310347
0.379357 0.068922 0.551721
0.214255 0.000102454 0.785643
0.000103113 0.379271 0.620626
0.444439 0.148151 0.40741
0.142849 0.214273 0.642878
0.107144 0.892856 0
0.00010214 0.749898 0.25
0.0344805 0.275862 0.689657
0.64285 0.35715 0
0.37037 0.62963 0
0.241368 0.448292 0.31034
0.108676 0.311965 0.579359
0.517188 0.000103423 0.482709
0.0666622 6.38648e-05 0.933274
0.000103385 0.517188 0.482709
0.51724 0.48276 0
0.23999 0.76001 0
0.827582 0.172418 0
0.63994 0.000100617 0.35996
0.9999 9.99351e-05 0
0.107293 0.0343352 0.858372
0.250615 0.068126 0.681259
0.333332 0.333332 0.333336
0.749898 0.000102205 0.25
0.175242 0.123795 0.700963
0.0333355 0.966665 0
0.000103314 0.137921 0.861976
0.712779 0.035649 0.251572
9.55738e-05 9.39796e-05 0.99981
0.206896 0.172415 0.620689
0.586193 0.137952 0.275855
0.13636 0.61364 0.25
9.99914e-05 0.9999 0
0.034482 0.689663 0.275855
0.766664 0.233336 0
0.000103429 0.241356 0.758541
0.299448 0.187234 0.513319
0.346117 0.000103076 0.653779
0.413802 0.275858 0.31034
0.480001 0.519999 0
0.148149 0.444441 0.40741
0.344843 0.17241 0.482747
0.892854 0.107146 0
0.500012 0.249988 0.25
0.25 0.5 0.25
0.234063 0.401199 0.364738
0.448294 0.551706 0
0.310349 0.068962 0.620689
0.464267 0.000100125 0.535632
0.000101112 0.607069 0.39283
0.172415 0.827585 0
0.310342 0.689658 0
0.379316 0.241375 0.379309
0.0689645 0.137929 0.793107
0.699996 0.300004 0
0.0683177 0.409955 0.521728
0.0666688 0.933331 0
0.933327 0.0666735 0
0.137718 0.345821 0.516461
0.206894 0.241385 0.551721
0.392846 0.357154 0.25
0.310343 0.413797 0.27586
0.64773 0.10227 0.25
0.172415 0.517237 0.310347
0.576946 0.423054 0
0.275876 0.137928 0.586196
0.0669615 0.502405 0.430633
0.543694 0.0679668 0.388339
0.137931 0.103448 0.758622
0.310346 0.310345 0.379309
0.285713 0.285713 0.428574
0.0333365 0.0666729 0.899991
0.43184 0.100276 0.467884
0.275833 0.000103433 0.724064
0.000103304 0.44823 0.551667
0.4 0.6 0
0.448282 0.206886 0.344832
0.103434 0.172395 0.724171
0.517234 0.172416 0.31035
0.000102854 0.655106 0.344791
