0.100996 0.241893 0.657112
0.0342862 0.655538 0.310176
0.799999 0.200001 0
0.0656559 0.066395 0.867949
0.239537 0.239327 0.521137
0.0657206 0.502356 0.431924
0.342821 6.75381e-05 0.657112
0.200868 0.100018 0.699114
0.482762 0.137926 0.379312
0.13794 0.86206 0
0.866663 0.133337 0
8.10246e-05 0.16669 0.833229
0.392863 0.607137 0
0.519988 0.480012 0
5.55492e-05 0.40881 0.591135
0.730767 0.269233 0
0.0333279 0.966672 0
0.392863 0.357137 0.25
0.00010241 0.214267 0.785631
0.138092 0.586489 0.275419
0.760005 0.239995 0
0.139046 0.000102008 0.860852
0.502387 0.0669863 0.430627
0.586169 0.103458 0.310374
0.147557 0.444746 0.407697
0.749898 0.000102186 0.25
0.377662 8.05816e-05 0.622257
0.892851 0.107149 0
0.176804 0.248055 0.57514
0.189119 0.298834 0.512047
0.0343862 0.108676 0.856938
0.278408 0.172424 0.549168
0.629627 0.370373 0
0.517188 0.000103405 0.482709
0.103322 0.551212 0.345467
0.214284 0.142856 0.64286
0.9999 9.98528e-05 0
0.207731 0.516546 0.275724
0.241542 8.46957e-05 0.758373
0.312254 0.108466 0.579281
9.98218e-05 0.9999 0
0.000103211 0.346137 0.65376
0.689694 0.310306 0
0.000103358 0.517188 0.482709
0.000103293 0.275831 0.724066
0.172568 0.344884 0.482548
0.444445 0.148148 0.407406
9.98095e-05 9.91537e-05 0.999801
0.482762 0.517238 0
0.123865 0.175244 0.70089
0.321237 0.214079 0.464684
0.233332 0.766668 0
8.69854e-05 0.640163 0.35975
3.47653e-05 0.071522 0.928443
0.689736 0.0344738 0.27579
0.0356403 0.712792 0.251568
0.249998 0.500002 0.25
0.107143 0.892857 0
0.333335 0.333335 0.333331
0.0687589 0.379871 0.55137
0.500004 0.249996 0.25
0.551726 0.448274 0
0.607081 0.00010117 0.392818
0.000101896 0.749898 0.25
0.827583 0.172417 0
0.933337 0.0666631 0
0.379539 0.312407 0.308054
0.172395 0.827605 0
0.357146 0.642854 0
0.423079 0.576921 0
0.0683023 0.248677 0.683021
0.241016 0.378819 0.380165
0.300015 0.699985 0
0.103573 0.103468 0.792959
0.200746 0.799254 0
0.41227 0.0629576 0.524773
0.613625 0.136375 0.25
0.428161 0.214294 0.357545
0.966673 0.0333274 0
0.0666729 0.933327 0
0.277392 0.0333034 0.689305
5.24505e-05 0.466302 0.533645
0.101915 0.648085 0.25
0.266666 0.733334 0
0.285504 0.428105 0.286391
0.171114 0.0684642 0.760422
0.55126 0.171913 0.276827
0.6 0.4 0
0.103152 0.313662 0.583186
0.0328105 0.5666 0.40059
0.346491 0.275246 0.378263
0.101036 0.432141 0.466824
0.172205 0.483084 0.344711
0.448447 8.83473e-05 0.551464
0.352764 0.134657 0.51258
0.277934 0.314097 0.407969
0.413254 0.137168 0.449578
0.448283 0.275862 0.275856
0.033444 0.0333808 0.933175
0.655104 0.000103417 0.344792
