0.310325 0.379324 0.310351
0.379316 0.310337 0.310347
0.866656 0.133344 0
0.133333 0.866667 0
0.137922 0.482761 0.379316
0.392863 0.607137 0
0.519996 0.480004 0
0.000103216 0.413748 0.586149
0.517252 0.137922 0.344826
9.93719e-05 0.166656 0.833245
0.0689536 0.6207 0.310347
0.730763 0.269237 0
0.344832 0.0689509 0.586217
0.241375 0.275851 0.482773
0.966664 0.0333358 0
0.0333316 0.966668 0
0.266668 0.733332 0
0.0689633 0.310343 0.620693
0.392859 0.357141 0.25
0.321428 0.214285 0.464287
0.206883 0.0689608 0.724157
0.000102208 0.214268 0.78563
0.285698 0.428575 0.285727
0.0689634 0.379325 0.551712
0.241387 0.206893 0.55172
0.148144 0.444434 0.407423
0.749898 0.000102054 0.25
0.13793 0.586211 0.275859
0.172413 0.344828 0.482759
0.107137 0.892863 0
7.82752e-05 0.0666564 0.933265
0.187161 0.299464 0.513375
0.214282 0.142855 0.642863
0.0343383 0.10725 0.858412
0.344801 0.275874 0.379325
0.137909 0.000103371 0.861988
0.629614 0.370386 0
9.41399e-05 8.80421e-05 0.999818
0.9999 9.98379e-05 0
0.241356 0.000102924 0.758542
0.000102956 0.517188 0.482709
0.233304 0.766696 0
0.892856 0.107144 0
0.444434 0.148145 0.407421
0.333341 0.333338 0.333321
0.799999 0.200001 0
0.275863 0.310337 0.413801
0.311788 0.109175 0.579037
0.345035 0.137879 0.517086
0.5 0.25 0.25
0.0666735 0.933326 0
0.124122 0.175174 0.700704
9.87516e-05 0.999901 0
0.517188 0.000102916 0.482709
0.275864 0.103445 0.620691
0.759999 0.240001 0
0.102276 0.647724 0.25
0.689681 0.0344802 0.275839
0.249999 0.500001 0.25
0.357144 0.642856 0
0.0356541 0.712782 0.251564
0.482757 0.517243 0
0.551723 0.448277 0
0.000103164 0.586144 0.413753
0.000103161 0.346121 0.653776
0.607079 9.71094e-05 0.392824
0.379271 0.000102314 0.620626
0.000101665 0.749898 0.25
0.827585 0.172415 0
0.613638 0.136362 0.25
0.689659 0.310341 0
0.275863 0.034481 0.689656
0.172428 0.827572 0
0.423072 0.576928 0
0.172412 0.517237 0.310351
0.000100722 0.639937 0.359962
0.24138 0.37931 0.379309
0.137945 0.0689723 0.793083
0.655102 0.000103415 0.344795
0.299997 0.700003 0
0.0679746 0.543722 0.388303
0.428562 0.214281 0.357157
0.933332 0.0666676 0
9.89317e-05 0.464241 0.535661
0.137925 0.275871 0.586204
0.502421 0.0669954 0.430583
0.551729 0.172407 0.275864
0.103444 0.137925 0.758631
0.0666689 0.0333344 0.899997
0.0681191 0.251005 0.680875
0.10012 0.432645 0.467235
0.000103071 0.275811 0.724086
0.448228 0.000102988 0.551669
0.448279 0.27586 0.275861
0.6 0.4 0
0.586196 0.103452 0.310352
0.41378 0.137927 0.448294
0.409942 0.0683184 0.52174
0.206874 0.448288 0.344838
0.172407 0.206898 0.620695
