0.156433 0.0258571 0.81771
0.33622 0.117734 0.546047
0.623262 0.0294747 0.347264
0.47834 0.174396 0.347264
0.138909 0.275988 0.585103
0.502335 0.192306 0.305359
0.481709 0.000100209 0.518191
0.9189 0.0811001 0
0.159526 0.840474 0
0.353727 0.337596 0.308677
0.414858 0.157376 0.427766
7.19369e-07 0.131661 0.868338
0.206788 0.793212 0
0.321632 0.161523 0.516845
0.0635978 0.275928 0.660474
0.798107 0.201893 0
0.187365 0.0342832 0.778352
0.0959606 0.16516 0.73888
0.538238 0.121111 0.340651
0.134962 0.337616 0.527422
0.217808 0.312878 0.469314
0.142223 0.213915 0.643862
0.551875 0.448125 0
0.303008 0.104568 0.592423
6.22448e-05 0.309685 0.690253
0.422972 8.79897e-05 0.57694
0.213827 5.21058e-05 0.786121
0.163695 0.2709 0.565405
0.747663 1.49808e-05 0.252322
0.892935 0.107065 0
0.365374 0.634626 0
0.0344827 0.135872 0.829645
0.0689968 0.344842 0.586161
0.412665 0.287757 0.299578
0.146836 0.443823 0.409342
4.85691e-05 0.61577 0.384182
7.97386e-05 0.749823 0.250098
0.629409 0.370591 0
0.240057 0.23997 0.519973
9.99068e-05 0.482744 0.517156
0.690582 0.309418 0
0.106565 0.893435 0
0.0356262 0.714231 0.250142
7.89484e-05 9.57866e-05 0.999825
0.482901 0.517099 0
0.999901 9.87161e-05 0
0.333333 0.333328 0.333338
9.92079e-05 0.999901 0
0.168313 0.124795 0.706891
0.444871 0.147974 0.407154
0.826966 0.173034 0
0.317234 0.430278 0.252488
0.346284 7.20366e-05 0.653644
0.517277 0.000103028 0.48262
0.760285 0.239715 0
0.524434 0.475566 0
1.09722e-05 0.103177 0.896812
0.689679 0.0345926 0.275728
0.605803 5.98085e-05 0.394137
0.323746 0.215597 0.460657
3.29666e-05 0.233276 0.766691
0.10696 0.0343796 0.858661
0.0628692 0.239374 0.697756
0.204832 0.54491 0.250258
0.499993 0.249996 0.250011
0.571146 0.176366 0.252488
0.384002 0.0701028 0.545895
0.647443 0.0306182 0.321939
0.172915 0.827085 0
0.0682175 0.137089 0.794694
0.0329774 3.25573e-06 0.967019
0.308291 0.691709 0
0.427267 0.572733 0
0.102778 0.582694 0.314528
0.0330048 0.527989 0.439007
0.240231 0.759769 0
0.237413 0.0648308 0.697756
0.225031 0.422217 0.352752
0.10445 0.391485 0.504065
0.05918 0.94082 0
0.558772 0.0691976 0.372031
7.83234e-05 0.379191 0.62073
0.862689 0.137311 0
0.450323 0.20511 0.344567
0.139069 0.104475 0.756455
0.235583 0.165251 0.599166
0.0338632 0.657459 0.308677
0.179857 4.13054e-05 0.820102
0.401394 0.101325 0.49728
0.974525 0.0254754 0
0.0805743 0.669415 0.250011
0.337022 0.662978 0
0.434156 0.315834 0.250011
0.595221 0.404779 0
0.172629 0.548727 0.278645
0.309759 0.277843 0.412398
0.276744 0.469735 0.253521
0.206107 0.137041 0.656852
0.506962 0.0627816 0.430257
0.102711 0.44931 0.447979
