0.4 0.6 0
0.799994 0.200006 0
0.172413 0.275863 0.551724
0.310342 0.413798 0.27586
0.866649 0.133351 0
0.133334 0.866666 0
0.344827 0.172414 0.482759
0.448283 0.103437 0.44828
0.379313 0.275857 0.34483
0.519999 0.480001 0
0.41375 0.000103299 0.586147
0.172413 0.517242 0.310345
0.166676 9.99672e-05 0.833224
0.0689465 0.344835 0.586218
0.730768 0.269232 0
0.000103204 0.586146 0.413751
0.0333267 0.966673 0
0.310345 0.310345 0.379311
0.241355 0.344839 0.413806
0.655105 0.000103334 0.344792
0.254438 0.273036 0.472526
0.107135 0.892865 0
0.444451 0.148146 0.407403
0.214283 0.250001 0.535715
0.749898 0.000101615 0.25
0.89286 0.10714 0
0.299449 0.187209 0.513342
0.214294 0.000102417 0.785603
0.275831 0.000103398 0.724066
0.629623 0.370377 0
0.10866 0.31184 0.579501
0.357146 0.392854 0.25
0.37037 0.62963 0
0.689654 0.0344852 0.275861
0.517187 0.00010343 0.48271
0.379372 0.0689586 0.551669
0.966673 0.0333266 0
0.586112 0.103472 0.310417
0.0333306 0.0666627 0.900007
9.55006e-05 6.07235e-05 0.999844
0.310342 0.0689659 0.620692
0.428568 0.285712 0.285721
0.175165 0.124187 0.700649
0.464242 0.000100424 0.535658
0.000103008 0.137885 0.862012
0.5 0.25 0.25
0.333332 0.333332 0.333336
0.0666609 8.65712e-05 0.933253
0.482759 0.517241 0
0.0667578 0.432547 0.500695
0.760001 0.239999 0
0.13793 0.413792 0.448277
0.000103391 0.379271 0.620626
0.107295 0.0343397 0.858366
0.233324 0.766676 0
9.99814e-05 0.9999 0
0.000103378 0.241355 0.758542
0.9999 9.99756e-05 0
0.551725 0.448275 0
0.241377 0.482764 0.27586
0.103529 0.551372 0.345098
0.142856 0.607144 0.25
0.142854 0.214282 0.642864
0.310345 0.689655 0
0.250746 0.068114 0.68114
0.607088 0.000101181 0.392811
0.827586 0.172414 0
0.689661 0.310339 0
0.000102068 0.749898 0.25
0.0689739 0.137951 0.793075
0.172414 0.827586 0
0.413789 0.206905 0.379306
0.613635 0.136365 0.25
0.428566 0.571434 0
0.933327 0.0666726 0
0.0666645 0.933336 0
0.0344823 0.275861 0.689657
0.03564 0.712788 0.251572
0.0669877 0.502394 0.430618
0.346125 0.000103167 0.653772
0.269233 0.730767 0
0.275862 0.137931 0.586207
0.000103329 0.517187 0.48271
0.0689683 0.620675 0.310357
0.214285 0.535715 0.25
0.344829 0.241377 0.413795
0.517241 0.172414 0.310345
0.137931 0.344829 0.51724
0.502397 0.0669772 0.430626
0.18518 0.407407 0.407413
0.275863 0.379308 0.344829
0.137927 0.103446 0.758627
0.396902 0.134029 0.469069
0.206891 0.448279 0.34483
0.00010342 0.44823 0.551667
0.6 0.4 0
0.000100876 0.63993 0.359969
0.206893 0.172415 0.620692
0.48362 0.1377 0.378679
0.0689619 0.206887 0.724151
