0.639978 0.360022 0
0.133393 0.866607 0
0.482742 0.241379 0.275878
0.448267 0.137935 0.413798
0.379255 0.206853 0.413892
0.699972 0.300028 0
0.379296 0.275779 0.344925
0.276182 0.3446 0.379217
0.241345 0.0689454 0.68971
0.517139 0.137903 0.344959
0.199988 0.800012 0
0.39292 0.60708 0
0.0665824 0.666735 0.266683
0.566634 0.433366 0
0.76664 0.23336 0
0.0333277 0.966672 0
0.966671 0.0333294 0
0.172361 0.275795 0.551843
0.655167 0.0689529 0.27588
0.380132 0.0344365 0.585431
0.233337 0.766663 0
0.103445 0.586142 0.310413
0.323458 0.177889 0.498653
0.586194 0.103456 0.31035
0.0672403 0.538071 0.394689
0.251544 0.106923 0.641532
0.000102591 0.346112 0.653785
0.20687 0.137843 0.655288
0.14296 0.428532 0.428508
0.409081 0.147779 0.44314
0.107146 0.892854 0
0.240004 0.240004 0.519992
0.000100769 0.653788 0.346111
0.0344612 0.172367 0.793172
0.357163 0.642837 0
0.629626 9.94325e-05 0.370274
0.482701 0.000103422 0.517195
0.46663 0.174443 0.358927
0.933295 0.066705 0
0.0741131 0.1852 0.740687
0.105316 0.298264 0.59642
0.000103347 0.517187 0.48271
9.95466e-05 0.9999 0
0.0677387 0.390344 0.541918
0.333329 0.333329 0.333342
0.733254 9.96096e-05 0.266646
7.96201e-05 9.61501e-05 0.999824
0.000102159 0.749898 0.25
0.357141 0.392859 0.25
9.96587e-05 0.137999 0.861901
0.9999 9.9811e-05 0
0.53844 0.46156 0
0.48276 0.51724 0
0.535733 0.214267 0.25
0.430863 0.0668873 0.50225
0.250041 0.392809 0.35715
0.71429 0.03571 0.25
0.73077 0.26923 0
0.142825 9.4937e-05 0.85708
0.035655 0.712788 0.251557
0.607054 0.392946 0
0.204561 0.545439 0.25
0.445765 0.257073 0.297162
0.799998 0.200002 0
8.77762e-05 0.066647 0.933265
0.0668277 0.0333615 0.899811
0.233315 9.85672e-05 0.766587
0.172479 0.207019 0.620501
0.136289 0.613711 0.25
0.166702 0.833298 0
0.423088 0.576912 0
0.517293 0.0689463 0.413761
0.137996 0.137994 0.72401
0.300043 0.699957 0
0.666617 0.333383 0
0.214195 0.32128 0.464525
9.96523e-05 0.241298 0.758603
0.172328 0.0689562 0.758716
0.174212 0.487809 0.337978
0.0666758 0.933324 0
0.85712 0.14288 0
0.357159 0.249809 0.393032
9.94848e-05 0.432962 0.566939
0.300058 9.89221e-05 0.699843
0.613641 0.136359 0.25
0.285538 0.464462 0.25
9.01756e-05 0.586149 0.413761
0.0689565 0.241352 0.689692
0.100027 0.100038 0.799935
0.34517 0.103374 0.551456
0.241377 0.482791 0.275832
0.137907 0.34488 0.517212
0.42858 0.32142 0.25
0.566608 9.81303e-05 0.433294
0.275817 0.137918 0.586265
0.357045 7.65864e-05 0.642879
0.899987 0.100013 0
0.266629 0.733371 0
0.276059 0.275698 0.448243
0.0685593 0.451069 0.480371
