0.260357 0.272786 0.466857
0.629188 0.0929343 0.277878
0.0139507 0.673933 0.312117
0.507818 0.171885 0.320297
0.100792 0.27908 0.620128
0.353708 0.157482 0.48881
0.379827 0.302742 0.317431
0.0133136 0.300516 0.68617
4.89556e-05 0.0568965 0.943055
0.0866729 0.340135 0.573192
0.10017 0.067241 0.832589
0.169831 0.341227 0.488942
0.10175 0.521368 0.376882
0.466468 4.48181e-05 0.533487
0.552018 0.447982 0
9.32333e-07 0.749955 0.250044
0.102412 0.575308 0.322279
0.799003 0.200997 0
0.300761 0.432038 0.267201
0.283558 0.106577 0.609865
0.0344625 0.13862 0.826917
0.680672 0.319328 0
0.215597 4.20389e-05 0.784361
0.560028 0.106636 0.333335
0.148013 0.444526 0.407461
0.240395 0.481727 0.277878
6.14082e-05 0.640965 0.358974
0.456084 0.271912 0.272004
6.21353e-05 0.369787 0.630151
7.37047e-07 0.59287 0.407129
0.689827 0.310173 0
0.207261 0.0344701 0.758269
0.270436 0.222063 0.507501
0.892865 0.107135 0
0.410685 0.148727 0.440588
0.0680804 0.320286 0.611634
0.106636 0.893364 0
0.629345 0.370655 0
8.68761e-05 0.517027 0.482886
9.8375e-05 6.60363e-05 0.999836
0.748145 5.22549e-05 0.251803
0.333347 0.333317 0.333335
0.483118 0.516882 0
0.357091 0.642909 0
0.999904 9.60704e-05 0
0.517041 0.000100817 0.482858
0.148876 0.297918 0.553206
0.75995 0.24005 0
0.23297 0.76703 0
0.175062 0.12389 0.701048
0.107243 0.0344378 0.858319
0.689744 0.0345754 0.27568
4.5537e-05 0.241685 0.758269
0.417118 0.102998 0.479885
0.0350797 0.701695 0.263225
0.346044 6.74746e-05 0.653888
0.0265899 0.550787 0.422623
7.92633e-05 0.999921 0
0.215074 0.32209 0.462837
0.499891 0.249876 0.250233
0.104021 0.214712 0.681268
0.43328 0.0333107 0.53341
0.259116 0.740884 0
0.0687294 0.412929 0.518342
0.203405 0.442814 0.353781
0.822892 0.177108 0
0.525748 0.0680869 0.406165
0.485639 0.103355 0.411005
0.426932 0.213012 0.360056
0.204503 0.545486 0.250012
0.171798 0.828202 0
0.421129 0.578871 0
8.71899e-05 0.101333 0.89858
0.299843 0.700157 0
0.643546 0.106079 0.250375
0.17231 0.483314 0.344376
0.393603 0.356135 0.250263
0.933605 0.0663946 0
0.0665196 0.93348 0
0.207518 0.172829 0.619652
0.251764 0.389263 0.358974
0.0632727 4.40509e-06 0.936723
0.127713 0.103521 0.768765
0.357642 0.244289 0.398069
0.324669 0.135107 0.540223
0.249997 0.0286635 0.72134
0.546892 0.177962 0.275145
0.130867 0.595713 0.27342
0.574354 0.00302235 0.422623
0.487892 0.0262467 0.485862
0.855555 0.144445 0
0.356736 0.0666423 0.576622
0.278261 0.285312 0.436427
0.13398 0.407197 0.458823
0.464139 0.0607075 0.475154
0.159505 0.253545 0.586951
0.134883 0.865117 0
0.971439 0.0285609 0
0.0210695 0.432062 0.546869
0.397949 0.602051 0
