9.96037e-05 0.571355 0.428545
0.866663 0.133337 0
0.000103404 0.275834 0.724063
0.48276 0.241379 0.275861
0.310347 0.310347 0.379307
0.172416 0.379309 0.448275
0.300003 0.699997 0
0.800002 0.199998 0
0.0344811 0.413787 0.551732
0.607134 0.392866 0
0.166648 9.45462e-05 0.833257
0.659267 0.068144 0.272589
0.433338 0.566662 0
0.233317 0.766683 0
0.0333328 0.966667 0
0.733333 0.266667 0
0.103448 0.275865 0.620686
0.9999 9.9966e-05 0
0.0334526 0.297466 0.669081
0.100002 0.899998 0
0.103444 0.58621 0.310346
0.000103415 0.103425 0.896472
0.142856 0.857144 0
0.586207 0.103448 0.310345
0.24 0.24 0.52
0.142858 0.428571 0.428571
0.653782 0.000103203 0.346115
0.299457 0.105082 0.595461
0.576923 0.423077 0
0.360005 0.639995 0
0.428565 0.142864 0.428571
0.892857 0.107143 0
0.392857 0.249996 0.357146
0.966667 0.033333 0
0.642851 0.357149 0
0.0689584 0.655178 0.275864
0.517188 0.000103427 0.482709
0.392851 0.607149 0
9.9977e-05 0.9999 0
0.269229 0.730771 0
7.23458e-05 9.76826e-05 0.99983
0.0689494 0.448283 0.482767
0.0666669 0.933333 0
0.172411 0.482761 0.344829
0.517241 0.482759 0
0.0689641 0.344839 0.586197
0.206856 0.1379 0.655243
0.000100663 0.629568 0.370331
0.712768 0.0356648 0.251567
0.168297 0.124754 0.706948
0.066644 8.01618e-05 0.933276
0.766673 0.233327 0
0.34611 0.000103204 0.653786
0.448278 0.0689609 0.482762
0.214279 0.000102428 0.785619
0.107282 0.0343356 0.858383
0.545455 0.204544 0.25
0.214282 0.535717 0.25
0.250129 0.392541 0.35733
9.99442e-05 0.733263 0.266637
0.38953 0.0678382 0.542632
0.464298 0.285702 0.25
0.200001 0.799999 0
9.99822e-05 0.233314 0.766586
0.142859 0.214293 0.642848
0.0689684 0.13794 0.793092
0.833329 0.166671 0
0.392854 0.357145 0.25
0.206901 0.310343 0.482756
0.461535 0.538465 0
0.103444 0.517249 0.379307
0.699999 0.300001 0
0.333337 0.333337 0.333327
0.333334 0.666666 0
0.749897 0.000102086 0.25
0.0333316 0.533375 0.433293
0.321443 0.214289 0.464267
0.285715 0.464285 0.25
0.241373 0.448283 0.310344
0.000103415 0.37927 0.620626
0.538081 0.0672646 0.394654
0.241699 0.0689366 0.689364
0.275833 0.000103306 0.724063
0.48794 0.174254 0.337806
0.933331 0.0666689 0
0.103432 0.379318 0.517251
0.433287 9.99067e-05 0.566613
0.0357127 0.714287 0.25
0.136363 0.613637 0.25
0.613644 0.136355 0.25
0.000103426 0.482709 0.517188
0.172402 0.275866 0.551732
0.137934 0.103444 0.758622
0.241387 0.172416 0.586197
0.344857 0.137887 0.517256
0.0689657 0.206895 0.724139
0.285714 0.285714 0.428571
9.25603e-05 0.16665 0.833257
0.58613 0.000103407 0.413766
0.310342 0.413798 0.27586
