0.103435 0.275748 0.620818
0.200004 0.799996 0
0.379315 0.31034 0.310345
0.310342 0.379316 0.310342
0.137931 0.862069 0
0.482752 0.137945 0.379303
0.607127 0.392873 0
0.480011 0.519989 0
0.413742 0.000102351 0.586156
0.137938 0.517213 0.344849
0.166657 9.98363e-05 0.833243
0.269234 0.730766 0
0.0689288 0.344902 0.586169
0.0333155 0.966684 0
0.96667 0.0333302 0
0.733341 0.266659 0
0.310367 0.0689461 0.620687
0.000103288 0.655087 0.34481
0.357145 0.392855 0.25
0.586217 0.137935 0.275848
0.275837 0.000102922 0.72406
0.000102506 0.379292 0.620605
0.148145 0.444458 0.407397
0.44446 0.148143 0.407397
0.310323 0.275858 0.413819
0.000102793 0.137889 0.862009
0.275863 0.241383 0.482755
0.999901 9.93875e-05 0
0.214276 0.321408 0.464316
0.000102035 0.749898 0.25
0.642849 0.357151 0
0.107141 0.892859 0
0.448281 0.206873 0.344846
0.107301 0.0343326 0.858367
0.206915 0.172398 0.620687
0.370372 0.629628 0
0.103438 0.586212 0.310349
0.109209 0.311778 0.579013
0.517184 0.000103366 0.482713
0.379418 0.0689573 0.551624
0.699966 0.300034 0
0.000103383 0.517186 0.48271
0.250001 0.499999 0.25
0.275985 0.137908 0.586107
9.60823e-05 7.79508e-05 0.999826
0.333333 0.33333 0.333336
0.766671 0.233329 0
9.99432e-05 0.9999 0
0.239998 0.760002 0
0.0345025 0.689641 0.275857
0.892874 0.107126 0
0.137925 0.344895 0.517179
0.517241 0.482759 0
0.142831 0.214259 0.64291
0.214267 0.000102386 0.78563
0.639894 0.000100893 0.360005
0.172415 0.551726 0.275859
0.175157 0.124236 0.700607
0.499993 0.250007 0.25
0.137912 0.413757 0.448331
0.866668 0.133332 0
0.275867 0.344831 0.379302
0.000102091 0.241356 0.758542
0.346108 0.000102696 0.653789
0.172415 0.827585 0
0.0344512 0.275916 0.689633
0.448269 0.551731 0
0.586079 0.000101649 0.413819
0.0666634 0.933337 0
0.379311 0.241372 0.379317
0.749898 0.000102061 0.25
0.310335 0.689665 0
0.827593 0.172407 0
0.576942 0.423058 0
0.250893 0.0680996 0.681007
0.103447 0.172406 0.724147
0.0689641 0.137927 0.793109
0.0683356 0.409996 0.521668
0.543779 0.0679513 0.388269
0.71278 0.0356379 0.251582
0.136366 0.613634 0.25
0.214278 0.428553 0.357169
0.0666563 9.12687e-05 0.933252
0.933326 0.0666738 0
0.206929 0.241393 0.551678
0.647729 0.102271 0.25
0.464284 9.8617e-05 0.535617
0.000100443 0.60708 0.392819
0.517238 0.172435 0.310326
0.428532 0.285701 0.285766
0.0669635 0.502387 0.43065
0.137926 0.103445 0.758629
0.344826 0.17242 0.482754
0.0333375 0.0666745 0.899988
0.431872 0.100259 0.467869
0.6207 0.0689512 0.310349
0.275849 0.448304 0.275848
0.299424 0.187289 0.513287
0.000103091 0.448246 0.55165
0.400004 0.599996 0
