0.639976 0.360024 0
0.133334 0.866666 0
0.275831 0.000103297 0.724066
0.241378 0.482761 0.275861
0.482759 0.241379 0.275862
0.137906 0.206897 0.655197
0.310345 0.310345 0.379311
0.199998 0.800002 0
0.413781 0.034477 0.551742
0.392863 0.607137 0
0.699992 0.300008 0
9.99858e-05 0.166656 0.833244
0.566658 0.433342 0
0.766672 0.233328 0
0.206895 0.413794 0.379311
0.966676 0.0333241 0
0.0333333 0.966667 0
0.448277 0.0689642 0.482759
0.266664 0.733336 0
0.275865 0.103441 0.620694
0.93333 0.0666696 0
0.586197 0.10345 0.310353
0.0687084 0.656456 0.274835
0.730772 0.269228 0
0.000103439 0.517188 0.482709
0.344828 0.0689655 0.586207
0.607148 0.392852 0
0.423077 0.576923 0
0.37932 0.172379 0.4483
0.103444 0.586203 0.310353
0.103402 0.000103323 0.896495
0.214249 0.321432 0.464319
0.034335 0.10731 0.858355
0.629545 0.00010064 0.370354
0.298206 0.0334182 0.668376
0.35714 0.39286 0.25
0.482709 0.0001033 0.517188
0.10524 0.298242 0.596518
0.233314 9.99733e-05 0.766586
0.142858 0.42857 0.428572
0.42857 0.142858 0.428572
9.99933e-05 0.9999 0
0.85714 0.14286 0
0.250009 0.39284 0.357151
0.206894 0.0689653 0.724141
0.9999 9.99133e-05 0
0.00010204 0.214305 0.785593
0.174262 0.487931 0.337807
0.333335 0.333335 0.333331
0.357144 0.642856 0
7.55116e-05 9.55012e-05 0.999829
0.482759 0.517241 0
0.666667 0.333333 0
0.107135 0.892865 0
0.12479 0.168073 0.707137
0.204545 0.545455 0.25
0.240007 0.240007 0.519986
0.714291 0.0357088 0.25
0.535729 0.214271 0.25
0.233328 0.766672 0
0.000103158 0.34613 0.653767
0.392743 0.250043 0.357214
0.0679583 0.38839 0.543652
0.733262 9.92215e-05 0.266639
0.800004 0.199996 0
0.214287 0.142858 0.642855
0.538461 0.461539 0
0.137933 0.0689663 0.793101
0.413826 0.310327 0.275846
0.0689654 0.448276 0.482759
0.166656 0.833344 0
0.31031 0.206985 0.482705
0.00010342 0.275833 0.724063
0.300006 0.699994 0
0.000102247 0.749898 0.25
0.533346 0.0333357 0.433318
0.464285 0.285715 0.25
0.379269 0.00010309 0.620628
0.482753 0.172413 0.344835
0.035642 0.712783 0.251575
0.0672672 0.538113 0.39462
0.00010319 0.653767 0.34613
0.0689422 0.241634 0.689423
0.0666645 0.933336 0
9.98678e-05 0.433272 0.566629
9.6833e-05 0.0666557 0.933247
0.37932 0.103444 0.517236
0.61366 0.13634 0.25
0.136362 0.613638 0.25
0.517241 0.103448 0.379311
0.285692 0.464308 0.25
0.172413 0.241381 0.586206
0.275856 0.172423 0.551722
0.103444 0.137927 0.758628
0.13791 0.344836 0.517254
0.285714 0.285714 0.428572
0.166656 9.98695e-05 0.833244
0.899999 0.100001 0
0.000103343 0.586112 0.413784
0.655173 0.0689642 0.275862
