0.600028 0.399972 0
0.199984 0.800016 0
0.275968 0.172317 0.551715
0.137906 0.482778 0.379315
0.133349 0.866651 0
0.344761 0.206865 0.448375
0.275767 0.379386 0.344847
2.84653e-05 0.414084 0.585888
0.480053 0.519947 0
0.517229 0.172416 0.310356
9.99975e-05 0.166669 0.833231
0.34486 0.0689264 0.586214
0.269222 0.730778 0
0.586151 8.99e-05 0.413759
0.0333346 0.966665 0
0.24137 0.448278 0.310352
0.966665 0.0333346 0
0.413824 0.27585 0.310325
0.0689571 0.310348 0.620695
0.44823 0.55177 0
0.272997 0.254482 0.472521
0.13789 0.000102716 0.862007
0.866664 0.133336 0
0.103453 0.586191 0.310356
0.407375 0.185177 0.407448
0.000102184 0.214258 0.78564
0.123794 0.17524 0.700966
0.892854 0.107146 0
0.39277 0.35723 0.25
0.607136 0.142864 0.25
0.502667 0.0669944 0.430339
0.62963 0.37037 0
0.517236 0.482764 0
0.187126 0.2994 0.513474
0.0343378 0.107244 0.858418
0.311673 0.108681 0.579646
0.000103433 0.517188 0.482709
0.0668947 0.501784 0.431321
0.517188 0.000103414 0.482709
0.206909 0.413763 0.379329
0.107142 0.892858 0
9.98598e-05 0.9999 0
0.333338 0.333338 0.333325
0.172414 0.827586 0
0.9999 9.97637e-05 0
0.285733 0.428565 0.285702
9.88806e-05 9.89983e-05 0.999802
0.148051 0.444864 0.407085
0.379271 0.000101422 0.620627
0.239972 0.760028 0
0.413891 0.137908 0.448201
0.068945 0.379489 0.551566
9.27339e-05 0.46369 0.536217
0.0344859 0.689654 0.27586
0.766688 0.233312 0
0.000103106 0.655112 0.344785
0.000103007 0.346112 0.653785
0.712791 0.0356345 0.251574
0.482762 0.241381 0.275857
0.933342 0.066658 0
0.241362 0.000103247 0.758535
0.482819 0.137812 0.379369
0.249959 0.500041 0.25
0.551561 0.103481 0.344958
0.214176 0.142767 0.643057
0.347324 0.137508 0.515167
0.639943 0.000101003 0.359956
0.689652 0.310348 0
0.370359 0.629641 0
0.535692 0.214308 0.25
0.000100867 0.607007 0.392892
0.571455 0.428545 0
0.448244 9.69613e-05 0.55166
0.310322 0.689678 0
0.432297 0.0667896 0.500913
0.136386 0.613614 0.25
0.827582 0.172418 0
0.0682377 0.249818 0.681944
0.620766 0.0688754 0.310359
0.137943 0.0689714 0.793086
9.30376e-05 0.0666585 0.933248
0.0666617 0.933338 0
0.275943 0.0344626 0.689594
0.249991 0.214278 0.535731
0.137943 0.275872 0.586186
0.172411 0.344854 0.482735
0.241314 0.344782 0.413904
0.749898 0.000102253 0.25
0.172456 0.516974 0.31057
0.344773 0.275943 0.379283
0.0666739 0.033337 0.899989
0.103447 0.13792 0.758633
0.448282 0.206887 0.344831
0.000102638 0.275709 0.724189
0.73075 0.26925 0
0.100322 0.431514 0.468165
0.000101484 0.749899 0.25
0.400016 0.599984 0
0.172443 0.206864 0.620693
0.206857 0.0689547 0.724189
