0.0554344 0.299591 0.644975
0.00463997 0.0931318 0.902228
0.0252747 0.724199 0.250526
0.242234 0.191606 0.566161
0.09988 0.0636476 0.836472
0.135783 0.101199 0.763018
0.478611 0.264242 0.257147
0.379012 0.212877 0.408111
0.0276269 0.416222 0.556151
0.171646 0.16838 0.659974
0.188692 0.811308 0
0.435772 0.209535 0.354693
0.291976 0.13846 0.569564
5.28141e-05 0.275653 0.724294
0.649375 0.0699769 0.280648
0.00811811 0.0323616 0.95952
0.209953 0.459543 0.330503
9.808e-05 0.641473 0.358429
0.141339 0.212605 0.646056
0.434443 0.301346 0.264211
0.0683066 0.349059 0.582634
0.216825 4.28938e-05 0.783132
0.299472 0.102681 0.597847
0.655083 1.14409e-05 0.344905
0.0662494 0.933751 0
0.44382 0.148069 0.408111
0.243185 0.138394 0.61842
0.150302 0.428881 0.420817
0.107159 0.892841 0
0.101327 0.13546 0.763213
0.0325212 0.133308 0.834171
0.102639 0.561082 0.33628
0.172015 0.320509 0.507477
0.640685 0.359315 0
0.0714531 0.071066 0.857481
0.374323 0.625677 0
0.28564 0.428657 0.285703
0.240309 0.240425 0.519266
9.37958e-05 0.516769 0.483137
0.517155 0.000102307 0.482743
0.215177 0.328496 0.456328
9.97876e-05 5.83781e-05 0.999842
6.94406e-05 0.214889 0.785042
0.333321 0.333321 0.333358
6.69637e-05 0.747781 0.252152
8.15729e-05 0.999918 0
0.9999 9.96426e-05 0
0.27602 0.72398 0
0.346276 0.000103101 0.653621
0.517153 0.482847 0
0.165802 0.0236521 0.810546
0.711975 0.0355646 0.25246
0.893042 0.106958 0
5.77366e-05 0.3181 0.681842
0.394586 0.245718 0.359697
0.766754 0.233246 0
0.168436 0.124743 0.706821
0.0350182 0.7012 0.263782
0.581729 0.103438 0.314833
0.239882 0.760118 0
0.934085 0.0659153 0
0.246784 0.502651 0.250566
0.309282 0.690718 0
0.447808 0.552192 0
0.161868 0.273968 0.564164
0.172462 0.827538 0
0.832891 0.167109 0
0.0986131 4.04963e-05 0.901346
4.36135e-05 0.134965 0.864991
0.429096 8.48867e-05 0.570819
0.242879 0.370788 0.386333
0.69757 0.30243 0
0.103013 0.38951 0.507477
8.54193e-05 0.445829 0.554085
0.737598 0.262402 0
0.067595 0.246681 0.685724
0.317975 0.215112 0.466913
0.373676 0.102046 0.524278
0.24295 0.0687811 0.688269
0.169467 0.475279 0.355255
0.336243 0.0673804 0.596377
0.564301 0.0278593 0.407839
6.44269e-05 0.354961 0.644975
0.172146 0.240292 0.587562
0.0668652 0.502732 0.430403
0.54549 0.204166 0.250345
0.360271 0.389203 0.250526
0.604074 0.143773 0.252152
0.512371 0.139319 0.34831
0.137025 0.442662 0.420312
0.071666 0.676182 0.252152
0.73249 1.27928e-05 0.267498
0.469094 0.06463 0.466276
0.139894 0.0672663 0.792839
0.276731 5.47449e-05 0.723214
0.0648425 0.617755 0.317402
0.474155 0.239684 0.286161
0.0332533 0.966747 0
0.478104 0.521896 0
0.10415 0.308288 0.587562
