0.275849 0.379318 0.344833
0.310345 0.310346 0.379309
0.137942 0.482749 0.379309
0.866654 0.133346 0
0.133339 0.866661 0
0.482767 0.137924 0.379309
0.60714 0.39286 0
0.206872 0.448295 0.344833
0.480005 0.519995 0
0.41375 0.000103096 0.586147
0.269231 0.730769 0
0.586141 0.000103404 0.413755
0.137907 0.413901 0.448192
0.96667 0.0333299 0
0.0333336 0.966666 0
0.0688884 0.344858 0.586253
0.733326 0.266674 0
0.103539 0.585846 0.310616
0.00010333 0.379271 0.620626
0.214276 0.000102181 0.785622
0.370379 0.629621 0
0.148105 0.444483 0.407412
0.346123 0.000103145 0.653774
0.892855 0.107145 0
0.64286 0.35714 0
0.275905 0.137923 0.586173
0.107144 0.892856 0
0.000103163 0.241355 0.758542
0.107301 0.0343352 0.858364
0.109873 0.311546 0.578582
0.142844 0.214267 0.642889
0.275873 0.448268 0.275859
0.37933 0.310335 0.310336
9.98692e-05 0.9999 0
0.333332 0.333334 0.333333
0.136362 0.613638 0.25
0.357153 0.392847 0.25
0.576944 0.423056 0
0.6399 0.000100511 0.36
0.712755 0.0356747 0.25157
9.97601e-05 7.00615e-05 0.99983
0.517188 0.000103331 0.482709
0.000102918 0.137949 0.861948
0.310339 0.689661 0
0.699994 0.300006 0
0.0344818 0.689673 0.275845
0.000103325 0.517188 0.482709
0.9999 9.99141e-05 0
0.500004 0.249996 0.25
0.175235 0.12382 0.700945
0.239987 0.760013 0
0.444429 0.148155 0.407416
0.4 0.6 0
0.000102071 0.749898 0.25
0.586173 0.137968 0.275859
0.172423 0.517217 0.31036
0.51724 0.48276 0
0.199993 0.800007 0
0.25 0.5 0.25
0.448276 0.551724 0
0.000101045 0.607081 0.392818
0.749898 0.000102073 0.25
0.172415 0.827585 0
0.827581 0.172419 0
0.62071 0.0689346 0.310355
0.647682 0.102318 0.25
0.250658 0.0681654 0.681177
0.379334 0.241356 0.37931
0.103406 0.27588 0.620714
0.0689588 0.137918 0.793124
0.766667 0.233333 0
0.0689674 0.413769 0.517263
0.299455 0.1872 0.513345
0.000103219 0.448237 0.55166
0.137927 0.103446 0.758627
0.543702 0.0679607 0.388337
0.431773 0.100285 0.467943
0.23417 0.401167 0.364663
0.933334 0.0666659 0
0.0666711 0.933329 0
0.0344168 0.276021 0.689563
0.206862 0.241478 0.551659
0.464239 0.000100388 0.53566
0.5172 0.17243 0.310371
0.0333319 0.0666637 0.900004
0.448269 0.2069 0.34483
0.428576 0.285717 0.285707
0.0666528 9.18543e-05 0.933255
0.275829 0.000103394 0.724067
0.214293 0.32144 0.464267
0.344863 0.172428 0.48271
0.166665 9.99625e-05 0.833235
0.0670079 0.502437 0.430555
0.206864 0.172426 0.62071
0.285688 0.285689 0.428623
0.137722 0.34582 0.516457
0.103417 0.172381 0.724202
0.310348 0.0689391 0.620712
0.379743 0.0689113 0.551346
0.000102014 0.655107 0.344791
