9.97864e-05 0.333337 0.666563
0.399999 0.600001 0
0.799997 0.200003 0
0.172415 0.275858 0.551727
0.484949 0.137345 0.377706
9.40718e-05 0.199979 0.799927
0.34481 0.172404 0.482786
0.13334 0.86666 0
0.44828 0.103436 0.448284
0.379309 0.275864 0.344828
0.172414 0.517242 0.310345
0.166651 8.30197e-05 0.833266
0.730761 0.269239 0
0.0344728 0.551733 0.413795
0.966666 0.0333335 0
0.0333334 0.966667 0
0.172383 0.379322 0.448296
0.310344 0.0689649 0.620691
0.551731 0.448269 0
0.379321 0.0689643 0.551715
0.607082 0.000101077 0.392817
0.142848 0.607152 0.25
0.142847 0.214271 0.642882
0.370367 0.629633 0
0.299464 0.187181 0.513356
0.214284 0.250003 0.535713
0.629624 0.370376 0
0.000100972 0.639933 0.359966
0.103491 0.551535 0.344974
0.517186 0.000103384 0.482711
0.0666618 7.17742e-05 0.933266
0.482759 0.517241 0
0.9999 9.99983e-05 0
0.254456 0.272984 0.472559
0.413743 0.000100992 0.586156
0.346121 0.000103204 0.653776
0.333333 0.333333 0.333334
0.108749 0.311256 0.579995
0.000103422 0.517186 0.482711
0.000103402 0.379273 0.620624
0.749898 0.000102148 0.25
0.241399 0.482746 0.275854
0.613637 0.136363 0.25
0.0344833 0.137931 0.827586
7.32639e-05 9.75266e-05 0.999829
0.357144 0.392856 0.25
0.066981 0.430662 0.502357
0.107325 0.0343338 0.858341
0.214293 0.000102441 0.785605
9.99718e-05 0.9999 0
0.517247 0.172405 0.310348
0.00010343 0.241355 0.758541
0.172416 0.827584 0
0.892854 0.107146 0
9.96497e-05 0.100013 0.899887
0.175146 0.124273 0.700581
0.586163 0.103459 0.310378
0.86663 0.13337 0
0.214286 0.535714 0.25
0.233334 0.766666 0
0.0356447 0.712785 0.25157
0.444461 0.148144 0.407395
0.206908 0.448247 0.344846
0.310334 0.689666 0
0.827579 0.172421 0
0.689658 0.310342 0
0.000102192 0.749898 0.25
0.137932 0.103447 0.758622
0.137933 0.344833 0.517234
0.25082 0.0681558 0.681024
0.413767 0.206946 0.379286
0.066665 0.933335 0
0.428569 0.571431 0
0.933333 0.0666667 0
0.599998 0.400002 0
0.185172 0.407411 0.407418
0.0344744 0.275864 0.689661
0.464248 0.000100277 0.535652
0.0666713 0.500024 0.433304
0.0689614 0.344811 0.586228
0.27589 0.137935 0.586175
0.76 0.24 0
0.428549 0.285702 0.285749
0.52 0.48 0
0.344825 0.241381 0.413795
0.107146 0.892854 0
0.502423 0.0669847 0.430592
0.275866 0.344838 0.379296
0.269228 0.730772 0
0.689753 0.0344712 0.275776
0.103442 0.172415 0.724144
0.068958 0.620695 0.310347
0.500001 0.249999 0.25
0.27578 0.00010325 0.724117
0.39636 0.135227 0.468413
0.000103294 0.44823 0.551667
0.206902 0.17239 0.620708
0.275861 0.413794 0.310344
0.137928 0.448277 0.413795
0.655105 0.000103423 0.344792
