0.275863 0.379308 0.344829
0.310346 0.241376 0.448278
0.200004 0.799996 0
0.310345 0.310345 0.37931
0.133334 0.866666 0
0.866667 0.133333 0
0.607141 0.392859 0
0.480001 0.519999 0
0.413751 0.00010299 0.586146
0.16665 9.97384e-05 0.833251
0.620682 0.0689669 0.310351
0.241378 0.448279 0.310343
0.0689634 0.344828 0.586208
0.269231 0.730769 0
0.586143 0.000103424 0.413753
0.137931 0.413791 0.448277
0.0333302 0.96667 0
0.966667 0.0333327 0
0.733334 0.266666 0
0.37934 0.0689622 0.551698
0.214269 0.000102439 0.785629
0.000103139 0.137906 0.86199
0.00010113 0.607085 0.392814
0.103452 0.586191 0.310357
0.444443 0.148148 0.407409
0.892857 0.107143 0
0.172418 0.827582 0
0.586205 0.137933 0.275862
0.148149 0.444443 0.407409
0.107144 0.892856 0
0.392858 0.357142 0.25
0.766668 0.233332 0
0.142858 0.214286 0.642856
0.107295 0.0343357 0.858369
0.214286 0.321429 0.464285
0.712791 0.0356369 0.251572
0.37037 0.62963 0
0.108727 0.311946 0.579327
0.000103435 0.517188 0.482709
0.9999 9.99495e-05 0
9.98963e-05 0.9999 0
0.517241 0.482759 0
0.175252 0.123738 0.701009
0.25 0.5 0.25
0.000103398 0.241354 0.758542
0.0344805 0.689675 0.275844
0.000103388 0.379271 0.620626
0.639935 0.00010097 0.359964
0.13793 0.482759 0.379311
0.239997 0.760003 0
0.346116 0.000103081 0.653781
0.5 0.25 0.25
8.95423e-05 8.45363e-05 0.999826
0.482759 0.137931 0.37931
0.517188 0.00010339 0.482709
0.44828 0.55172 0
0.333332 0.333332 0.333336
0.827586 0.172414 0
0.749898 0.000102248 0.25
0.310345 0.689655 0
0.576924 0.423076 0
0.103448 0.275862 0.62069
0.250864 0.0681059 0.68103
0.379311 0.241379 0.379311
0.0689656 0.137931 0.793103
0.7 0.3 0
0.0683236 0.409941 0.521736
0.000102119 0.749898 0.25
0.543691 0.0679581 0.388351
0.136364 0.613636 0.25
0.23405 0.401213 0.364738
0.0666592 9.08224e-05 0.93325
0.0666671 0.933333 0
0.310345 0.413795 0.27586
0.933331 0.0666693 0
0.0344822 0.275866 0.689652
0.206894 0.241385 0.55172
0.647724 0.102276 0.25
0.464244 0.000100433 0.535656
0.642856 0.357144 0
0.172414 0.51724 0.310346
0.275862 0.137931 0.586207
0.517241 0.172414 0.310345
0.0333265 0.0666511 0.900022
0.344828 0.172414 0.482758
0.066985 0.50239 0.430625
0.448274 0.206897 0.344829
0.103439 0.172413 0.724148
0.137929 0.103448 0.758622
0.299434 0.18725 0.513316
0.413795 0.275861 0.310344
0.285709 0.285709 0.428582
0.432107 0.100217 0.467676
0.275833 0.000103399 0.724064
0.137708 0.34589 0.516402
0.000103205 0.44823 0.551667
0.4 0.6 0
0.206897 0.172413 0.62069
0.000103321 0.655105 0.344792
0.310345 0.0689646 0.62069
