0.27586 0.103449 0.620692
0.799999 0.200001 0
0.310347 0.310339 0.379313
0.241375 0.31036 0.448265
0.310354 0.379305 0.310341
0.482738 0.137937 0.379325
0.199977 8.33758e-05 0.79994
0.133333 0.866667 0
0.448285 0.206882 0.344833
0.519996 0.480004 0
0.00010298 0.413745 0.586152
9.96624e-05 0.16667 0.833231
0.0689462 0.620703 0.310351
0.730764 0.269236 0
0.34483 0.0689577 0.586212
0.000103204 0.586146 0.41375
0.0333309 0.966669 0
0.966668 0.0333324 0
0.413799 0.137933 0.448269
0.392856 0.357144 0.25
0.0689472 0.379474 0.551579
0.0681811 0.250048 0.681771
0.137973 0.0344777 0.82755
0.148146 0.444444 0.40741
0.749898 0.000101506 0.25
0.5862 0.10345 0.31035
0.517188 0.000103439 0.482709
0.107134 0.892866 0
0.379272 0.000103359 0.620624
0.000101012 0.639922 0.359977
0.357144 0.642856 0
0.137924 0.482763 0.379313
0.285708 0.428599 0.285694
0.892859 0.107141 0
0.311861 0.108969 0.57917
0.3 0.7 0
0.233329 0.766671 0
0.6 0.4 0
0.035638 0.712791 0.251571
0.20685 0.448319 0.344831
9.99144e-05 8.48765e-05 0.999815
0.444443 0.148148 0.40741
0.9999 9.9999e-05 0
0.172412 0.517242 0.310345
0.000103225 0.346137 0.65376
9.99669e-05 0.9999 0
0.214278 0.142852 0.642871
0.760003 0.239997 0
0.333333 0.333324 0.333343
0.866664 0.133336 0
0.482763 0.517237 0
0.123742 0.175253 0.701006
0.423073 0.576927 0
0.68971 0.0344765 0.275813
0.137932 0.586208 0.27586
0.241353 0.000103433 0.758544
0.187161 0.299468 0.513371
0.500001 0.249999 0.25
0.249996 0.500004 0.25
0.607078 0.000101179 0.392821
0.000103367 0.517188 0.482709
0.321433 0.214288 0.464279
0.275926 0.0344735 0.689601
0.551729 0.448271 0
0.000102199 0.749898 0.25
0.172414 0.206897 0.62069
0.689656 0.310344 0
0.172413 0.827587 0
0.172412 0.344833 0.482756
0.0999903 8.95678e-05 0.89992
0.241377 0.379312 0.379312
0.409972 0.068328 0.5217
0.655105 0.00010336 0.344792
0.000102372 0.214251 0.785646
0.0679556 0.543704 0.38834
0.613628 0.136372 0.25
0.102277 0.647723 0.25
0.40121 0.23407 0.36472
0.0666673 0.933333 0
0.933345 0.0666547 0
0.241399 0.206892 0.55171
0.0689568 0.310347 0.620696
0.827583 0.172417 0
5.3955e-05 0.0666537 0.933292
0.10345 0.137918 0.758631
0.629617 0.370383 0
0.00010037 0.464245 0.535655
0.517241 0.172414 0.310345
0.13793 0.275867 0.586202
0.502358 0.0669829 0.430659
0.172403 0.103447 0.72415
0.285723 0.285715 0.428563
0.100147 0.432498 0.467355
0.0343461 0.107245 0.858409
0.000103357 0.275829 0.724068
0.392858 0.607142 0
0.448306 0.275847 0.275847
0.344852 0.13792 0.517227
0.448231 0.000103316 0.551665
0.266665 0.733335 0
