0.310343 0.241381 0.448276
0.103448 0.275861 0.62069
0.2 0.8 0
0.310344 0.310345 0.379311
0.137931 0.482758 0.379311
0.133341 0.866659 0
0.866664 0.133336 0
0.607141 0.392859 0
0.48 0.52 0
0.41375 0.000103402 0.586146
0.62069 0.068965 0.310345
0.0689643 0.344828 0.586208
0.241377 0.448282 0.310341
0.166646 9.28377e-05 0.833261
0.269231 0.730769 0
0.586144 0.000103361 0.413752
0.0333324 0.966668 0
0.966667 0.0333333 0
0.137931 0.413793 0.448276
0.73333 0.26667 0
0.392857 0.357143 0.25
0.214286 0.321429 0.464284
0.37931 0.0689658 0.551724
0.275876 0.137928 0.586196
0.586205 0.137934 0.275861
0.647724 0.102276 0.25
0.000103421 0.137917 0.86198
0.000103334 0.379272 0.620625
0.444443 0.148148 0.407409
0.148148 0.444444 0.407409
0.000102225 0.749898 0.25
0.639935 0.000100998 0.359964
0.310342 0.413798 0.27586
0.892857 0.107143 0
0.310345 0.0689654 0.62069
0.642856 0.357144 0
0.107143 0.892857 0
0.107298 0.0343355 0.858367
0.344828 0.172414 0.482759
9.99866e-05 0.9999 0
0.299464 0.187164 0.513371
0.275832 0.000103392 0.724064
0.142858 0.214287 0.642856
0.517187 0.00010342 0.482709
0.275852 0.379316 0.344832
0.103446 0.586209 0.310345
0.517242 0.482758 0
0.413793 0.275862 0.310345
0.370372 0.629628 0
0.346118 0.000103194 0.653779
0.9999 9.98749e-05 0
0.175223 0.123853 0.700924
0.108637 0.311975 0.579387
0.24 0.76 0
0.250891 0.0681012 0.681008
9.28719e-05 9.30143e-05 0.999814
0.0344845 0.689654 0.275862
0.206896 0.172413 0.62069
0.712788 0.0356391 0.251572
0.333333 0.333334 0.333333
0.000103414 0.241355 0.758542
0.5 0.25 0.25
0.000101131 0.607082 0.392817
0.214262 0.000102474 0.785636
0.482764 0.137924 0.379312
0.432203 0.100199 0.467598
0.25 0.5 0.25
0.172414 0.517241 0.310345
0.136365 0.613635 0.25
0.172414 0.827586 0
0.827589 0.172411 0
0.576925 0.423075 0
0.379307 0.24138 0.379312
0.068967 0.137934 0.793099
0.749898 0.000102254 0.25
0.699999 0.300001 0
0.000103315 0.44823 0.551667
0.0683246 0.409939 0.521736
0.448275 0.551725 0
0.54369 0.0679609 0.388349
0.234043 0.40121 0.364747
0.06666 9.60836e-05 0.933244
0.0666665 0.933333 0
0.933335 0.0666653 0
0.0344811 0.275863 0.689656
0.206897 0.241379 0.551724
0.0669808 0.502392 0.430627
0.000103392 0.517188 0.482709
0.46424 0.000100327 0.53566
0.766668 0.233332 0
0.137931 0.103448 0.758621
0.517241 0.172414 0.310345
0.285713 0.285714 0.428573
0.310343 0.689657 0
0.0333312 0.0666629 0.900006
0.137927 0.34485 0.517223
0.0689649 0.206895 0.724141
0.4 0.6 0
0.448275 0.206897 0.344827
0.000103397 0.655105 0.344792
