0.517282 0.103391 0.379326
0.199999 0.800001 0
0.8 0.2 0
0.310345 0.310345 0.37931
0.206888 0.379314 0.413798
0.448275 0.24138 0.310345
0.866671 0.133329 0
0.133337 0.866663 0
0.137922 0.241396 0.620683
0.399999 0.600001 0
0.269241 0.730759 0
0.73077 0.26923 0
0.966676 0.0333238 0
0.033332 0.966668 0
0.655105 0.000103423 0.344792
0.431217 0.100376 0.468407
0.166668 0.0333126 0.800019
0.551719 0.448281 0
0.241376 0.48276 0.275864
0.103446 0.551731 0.344823
0.39286 0.35714 0.25
0.105584 0.2609 0.633517
0.0344806 0.379348 0.586172
0.147739 0.409083 0.443178
0.444447 0.148146 0.407407
0.366664 0.633336 0
0.206896 0.206896 0.586207
0.107144 0.892856 0
0.137919 0.000103367 0.861977
0.892857 0.107143 0
0.00010253 0.615337 0.38456
9.9907e-05 0.73326 0.26664
0.689648 0.0344929 0.275859
0.519998 0.480002 0
0.0342772 0.14301 0.822713
0.172416 0.103447 0.724136
0.0357112 0.714289 0.25
0.239998 0.239998 0.520005
0.137927 0.448278 0.413795
0.0689635 0.655174 0.275863
0.517182 0.000103307 0.482715
0.499999 0.250001 0.25
0.275864 0.172412 0.551724
9.9968e-05 0.0999911 0.899909
0.9999 9.9883e-05 0
9.99337e-05 0.9999 0
9.9919e-05 0.299969 0.699931
0.204209 0.544499 0.251292
0.586207 0.103448 0.310345
0.629622 0.370378 0
9.71335e-05 7.02957e-05 0.999833
0.392819 0.000101163 0.60708
0.48276 0.51724 0
0.344989 0.137897 0.517114
0.185162 0.0741924 0.740645
0.760002 0.239998 0
0.749898 0.00010223 0.25
0.42857 0.57143 0
0.333341 0.333341 0.333319
0.24139 0.137898 0.620712
0.315787 0.434213 0.25
0.346116 0.000103076 0.653781
0.240002 0.759998 0
0.321422 0.214281 0.464297
0.310333 0.689667 0
0.60708 0.000101148 0.392819
0.827586 0.172414 0
0.137935 0.172426 0.689639
0.310323 0.103451 0.586225
0.103437 0.344898 0.551664
0.42574 0.0337785 0.540481
0.172415 0.827585 0
0.275862 0.413794 0.310345
0.689669 0.310331 0
0.206897 0.448276 0.344828
0.178544 0.321531 0.499925
0.241369 0.000103098 0.758527
0.0666675 0.933333 0
0.407568 0.296031 0.296401
0.136355 0.613645 0.25
0.933333 0.0666671 0
0.0666666 0.0333334 0.9
0.000103299 0.206873 0.793023
0.0689631 0.517243 0.413794
0.482759 0.172414 0.344827
0.250006 0.357132 0.392862
0.27585 0.0344805 0.689669
0.103449 0.103449 0.793102
0.502394 0.06698 0.430626
0.0689665 0.206897 0.724136
0.379312 0.241377 0.379311
0.613634 0.136366 0.25
0.00010149 0.357077 0.642822
0.551726 0.172412 0.275863
0.6 0.4 0
0.0669878 0.430613 0.502399
0.172415 0.517239 0.310346
0.000103159 0.482709 0.517188
0.275863 0.275863 0.448274
0.000103361 0.551663 0.448233
