0.517272 0.103418 0.37931
0.800001 0.199999 0
0.199997 0.800003 0
0.413794 0.206896 0.37931
0.310345 0.310345 0.37931
0.133353 0.866647 0
0.1724 0.275869 0.55173
0.100007 0.166678 0.733315
0.166656 9.99107e-05 0.833244
0.730774 0.269226 0
0.275862 0.413792 0.310346
0.966673 0.0333269 0
0.0333295 0.96667 0
0.10344 0.379324 0.517236
0.655103 0.00010341 0.344793
0.433035 0.100036 0.466929
0.000103228 0.103435 0.896461
0.310216 0.103466 0.586318
0.613632 0.136368 0.25
0.103447 0.58621 0.310343
0.240008 0.240008 0.519984
0.586196 0.103456 0.310348
0.749898 0.000102221 0.25
0.551731 0.448269 0
0.2042 0.544499 0.2513
0.214277 0.000102468 0.785621
0.444434 0.148147 0.407419
0.0689728 0.344863 0.586164
0.107146 0.892854 0
0.0357235 0.714277 0.25
0.892857 0.107143 0
0.107269 0.0343364 0.858395
0.448285 0.275857 0.275858
0.607078 0.000100644 0.392821
0.629629 0.370371 0
0.142854 0.428577 0.428569
0.366665 0.633335 0
0.760009 0.239991 0
0.000102953 0.482712 0.517185
0.206901 0.344834 0.448266
0.517182 0.000103383 0.482715
0.214273 0.178571 0.607156
9.95122e-05 0.9999 0
0.42793 0.0336409 0.538429
0.321428 0.428572 0.25
0.866661 0.133339 0
0.321424 0.214282 0.464294
0.000103376 0.310313 0.689584
0.172416 0.827584 0
0.333336 0.333336 0.333328
9.37833e-05 6.9854e-05 0.999836
0.482759 0.517241 0
0.345368 0.137822 0.516809
0.168067 0.124788 0.707145
0.68965 0.0344913 0.275858
0.000102339 0.615329 0.384569
0.9999 9.97512e-05 0
0.346115 0.000103197 0.653782
0.240032 0.759968 0
0.0689506 0.241378 0.689671
9.91352e-05 0.733257 0.266644
0.142852 0.214278 0.642871
0.4 0.6 0
0.827585 0.172415 0
0.689664 0.310336 0
0.241648 0.379176 0.379176
0.0689632 0.137926 0.79311
0.178584 0.321451 0.499965
0.40741 0.296293 0.296297
0.519996 0.480004 0
0.136358 0.613642 0.25
0.0687332 0.518872 0.412395
0.275864 0.172408 0.551728
0.172417 0.48276 0.344823
0.0666681 0.933332 0
0.933332 0.0666682 0
0.482791 0.172403 0.344806
0.310344 0.689656 0
9.95766e-05 0.166657 0.833244
0.428571 0.571429 0
0.0344742 0.413796 0.551729
0.0666568 8.20363e-05 0.933261
0.502401 0.0669912 0.430607
0.13792 0.103441 0.758639
9.9841e-05 0.233313 0.766587
0.241379 0.482759 0.275862
0.249814 0.0682012 0.681985
0.285715 0.285715 0.42857
0.392882 0.249964 0.357154
0.269232 0.730768 0
0.0689362 0.655194 0.27587
0.103448 0.275867 0.620686
0.000103315 0.379262 0.620635
0.275832 0.000103291 0.724064
0.5 0.25 0.25
0.551714 0.172419 0.275867
0.392865 0.357135 0.25
0.39282 0.000101067 0.607079
0.6 0.4 0
0.0334111 0.501176 0.465413
