0.640533 0.359467 0
0.0688716 0.413886 0.517242
0.482759 0.241377 0.275864
0.2 0.8 0
0.449033 0.13818 0.412787
0.37937 0.310315 0.310315
0.699991 0.300009 0
0.275861 0.275861 0.448279
0.137937 0.862063 0
0.399999 0.600001 0
0.137865 0.172412 0.689723
0.0689396 0.551757 0.379303
0.269235 0.730765 0
0.56667 0.43333 0
0.37937 0.206782 0.413848
0.275913 0.137952 0.586135
0.766666 0.233334 0
0.96667 0.03333 0
0.27586 0.413792 0.310348
9.99906e-05 0.733264 0.266636
0.140589 0.507936 0.351475
0.178544 0.214255 0.6072
0.585661 0.103586 0.310753
0.261326 0.105525 0.633149
0.178546 0.000102358 0.821352
0.399966 9.94744e-05 0.599934
0.000102628 0.178546 0.821352
0.714284 0.0357155 0.25
0.105587 0.260892 0.633521
0.147735 0.409082 0.443183
0.13332 9.67049e-05 0.866583
0.033328 0.966672 0
0.428608 0.321392 0.25
0.000101717 0.615324 0.384575
0.629552 0.000100877 0.370347
0.607146 0.392854 0
0.319969 0.000101924 0.679929
0.857146 0.142854 0
0.310324 0.689676 0
0.000103439 0.482708 0.517188
0.0999777 0.4334 0.466622
0.107143 0.892857 0
0.206898 0.310349 0.482752
9.99105e-05 0.9999 0
0.357151 0.392849 0.25
0.172431 0.827569 0
9.64718e-05 8.59318e-05 0.999818
0.239999 0.239999 0.520002
0.000103329 0.310315 0.689581
0.428567 0.571433 0
0.0693236 0.0344703 0.896206
0.333333 0.333333 0.333334
0.124999 0.124999 0.750002
0.204269 0.544482 0.251248
0.206864 0.137918 0.655218
0.482763 0.517237 0
0.933333 0.0666675 0
0.357207 0.249866 0.392927
0.482709 0.000103439 0.517188
0.9999 9.999e-05 0
0.240009 0.759991 0
0.0357098 0.71429 0.25
0.535709 0.214291 0.25
0.0340919 0.386349 0.579559
0.444765 0.258727 0.296508
0.386325 0.0340931 0.579581
0.799999 0.200001 0
0.101833 0.610757 0.28741
0.51726 0.0689612 0.413779
0.730777 0.269223 0
0.538461 0.461539 0
0.272324 0.306387 0.421289
0.135369 0.324217 0.540414
0.409087 0.147731 0.443182
0.666668 0.333332 0
0.233318 9.99451e-05 0.766582
0.250004 0.464306 0.28569
0.171961 0.275662 0.552377
0.321422 0.178527 0.500051
0.566605 9.98609e-05 0.433295
0.206964 0.0689595 0.724076
0.033317 0.533345 0.433338
0.366665 0.633335 0
0.0689653 0.206899 0.724135
0.0666694 0.933331 0
0.0344794 0.103438 0.862082
0.467886 0.172133 0.359981
0.613636 0.136364 0.25
0.214279 0.392843 0.392878
0.346096 0.103269 0.550634
0.430302 0.067 0.502698
0.733264 9.98069e-05 0.266636
0.103448 0.103448 0.793104
0.0344819 0.655172 0.310346
9.38446e-05 0.0666588 0.933247
9.99324e-05 0.233318 0.766582
0.89999 0.10001 0
0.000101477 0.357109 0.642789
0.170475 0.579525 0.25
0.655185 0.0689501 0.275865
