0.387071 0.0554217 0.557508
0.526992 0.473008 1.11022e-16
0.633436 0.366564 0
0.0995727 0.473449 0.426979
0.200771 3.92718e-05 0.79919
9.39483e-05 0.542576 0.45733
0.00920206 0.0304675 0.96033
0.282853 0.142443 0.574705
0.0170136 0.982986 3.33067e-16
0.195663 0.26771 0.536627
0.46807 0.233926 0.298005
0.333445 0.130445 0.53611
0.803845 0.196155 0
2.30242e-05 0.0962115 0.903765
0.506665 0.0953308 0.398004
0.0320173 0.290102 0.67788
1.68153e-05 0.198363 0.80162
0.874751 0.125249 1.11022e-16
0.477244 0.522756 3.33067e-16
0.172065 0.447014 0.380921
0.141854 0.505212 0.352934
0.587372 0.0680659 0.344562
0.12455 0.175099 0.700351
0.300441 0.429671 0.269889
0.22344 0.269951 0.506609
0.825159 0.174841 0
0.136489 0.204047 0.659464
0.457299 0.149073 0.393629
5.04507e-05 0.641334 0.358616
0.517229 0.482771 1.11022e-16
0.370354 9.37385e-05 0.629552
0.451832 0.548168 0
0.103489 9.72474e-06 0.896501
0.106724 0.893276 0
0.233213 0.766787 3.33067e-16
0.892984 0.107016 0
0.641863 0.358137 0
0.137414 0.0683494 0.794237
0.148059 0.408076 0.443864
1.25226e-05 0.147724 0.852264
0.500005 0.249886 0.250109
8.95283e-05 0.51705 0.482861
0.394106 0.354138 0.251756
0.315773 0.684227 3.33067e-16
0.999903 9.72098e-05 0
0.297536 0.149837 0.552627
0.0336902 0.547392 0.418918
0.333296 0.333269 0.333436
0.239917 0.143871 0.616212
0.103117 0.304914 0.591969
9.91642e-05 0.999901 0
0.375224 0.624776 0
0.24165 4.7268e-05 0.758303
0.204411 0.545479 0.250109
0.517059 0.000103341 0.482838
0.132898 0.441217 0.425885
0.767576 0.232424 1.77636e-15
6.62677e-05 9.47717e-05 0.999839
0.387824 0.245557 0.366618
0.035349 0.712943 0.251708
0.0339047 0.214627 0.751468
0.745626 8.24994e-05 0.254291
0.693966 0.0346722 0.271362
8.75913e-05 0.34618 0.653732
0.209975 0.474757 0.315268
0.610483 0.139422 0.250095
0.0324637 0.43091 0.536627
0.331092 0.222555 0.446353
0.174875 0.825125 0
0.697667 0.302333 0
0.928968 0.0710321 8.88178e-16
0.326748 0.199799 0.473454
8.76785e-05 0.276389 0.723523
0.576628 0.423372 0
0.218884 0.111588 0.669528
0.0683496 0.619983 0.311667
0.421733 0.0680576 0.51021
0.601287 3.84925e-05 0.398674
0.250406 0.319425 0.430169
0.246581 0.398802 0.354617
0.17533 0.246489 0.57818
0.34481 0.0684556 0.586735
7.38031e-07 0.0637496 0.93625
0.0607557 0.939244 3.33067e-16
5.40034e-05 0.686495 0.313451
0.167591 0.580701 0.251708
0.0978666 0.444691 0.457442
0.166113 4.62262e-06 0.833883
0.393587 0.142362 0.464051
0.274605 0.0247958 0.700599
0.0949196 0.133395 0.771685
0.136497 0.36456 0.498943
0.536196 0.119243 0.344562
0.0632377 0.0687758 0.867986
0.414976 0.277312 0.307712
0.426179 3.87534e-05 0.573782
0.400197 0.599803 2.44249e-15
0.53963 0.0333912 0.426979
0.0632178 0.330763 0.606019
0.635101 0.0979942 0.266905
