0.0788322 0.126342 0.794826
0.234855 0.396804 0.368341
0.108448 0.548599 0.342953
0.350981 0.38093 0.268089
0.55539 0.000102276 0.444507
0.159851 0.840149 0
0.279076 4.8435e-06 0.720919
0.171805 0.341165 0.48703
0.0335212 0.166404 0.800075
0.066712 0.5999 0.333388
0.69069 0.0342813 0.275028
0.416714 0.583286 0
0.376169 0.00145136 0.622379
0.309594 0.312109 0.378297
0.065032 0.0995939 0.835374
0.084999 0.279905 0.635096
0.970206 0.0297942 0
0.517212 0.482788 0
0.586724 0.103619 0.309657
0.387035 0.252125 0.36084
0.0660729 0.933927 0
0.304672 0.104277 0.591052
0.142749 0.428976 0.428275
0.649416 6.86046e-06 0.350577
0.89278 0.10722 0
0.21603 2.80224e-05 0.783942
0.0688809 0.345137 0.585982
0.107131 0.0345705 0.858298
0.642613 0.357387 0
0.142963 0.857037 0
9.70446e-05 0.482777 0.517126
0.766742 0.233258 0
0.209777 0.310362 0.479862
0.516981 0.000102394 0.482917
9.68689e-05 0.999903 0
0.138347 0.214198 0.647454
5.88082e-05 9.38596e-05 0.999847
0.428901 0.142968 0.428131
0.498763 0.25123 0.250007
0.333311 0.333331 0.333358
0.737169 0.262831 0
0.999906 9.35807e-05 0
0.107154 0.571762 0.321084
0.10094 0.89906 0
0.364829 0.38266 0.252511
0.239878 0.239877 0.520245
0.207368 0.48338 0.309252
0.168492 0.124768 0.70674
0.0189988 0.323168 0.657833
0.0357058 0.714102 0.250192
0.605584 0.394416 0
4.92999e-05 0.630961 0.36899
0.26913 0.73087 0
0.712786 0.035563 0.251651
0.616883 0.132931 0.250185
0.0697734 0.175302 0.754925
0.429954 2.99835e-05 0.570016
3.98988e-05 0.23386 0.7661
7.61635e-05 0.730596 0.269327
0.346105 9.56713e-05 0.653799
0.0332325 0.495334 0.471433
0.545327 0.204363 0.250309
0.392599 0.607401 0
0.364791 0.635209 0
0.799376 0.200624 1.44329e-15
0.213763 0.536062 0.250174
0.200213 0.799787 0
0.333224 0.666776 0
0.395074 0.0672321 0.537694
0.375995 0.246921 0.377084
3.97822e-05 0.410641 0.58932
0.199967 0.371901 0.428131
0.577699 0.422301 0
0.461914 0.538086 0
0.749323 9.71984e-05 0.25058
0.696501 0.303499 6.66134e-16
0.137395 0.484308 0.378297
0.0686739 0.519555 0.411771
0.338565 0.172401 0.489034
0.445223 0.278146 0.276631
0.0675 6.76335e-06 0.932493
0.237094 0.763043 2.19295e-05
0.933283 0.0667174 0
0.482882 0.17305 0.344068
0.558967 0.0302441 0.410789
0.13633 0.613357 0.250313
2.36761e-05 0.13525 0.864726
0.0183399 0.27477 0.70689
0.101067 0.380819 0.518114
0.134644 0.0998391 0.765517
0.207356 0.172168 0.620477
0.250699 0.0283825 0.720919
0.169603 0.272912 0.557485
0.251629 0.388869 0.359502
0.285184 0.285184 0.429632
0.286265 0.462159 0.251576
0.478359 0.0693313 0.45231
0.0310825 0.0555718 0.913346
0.282382 0.1369 0.580718
0.0631747 0.661758 0.275067
