0.310346 0.241378 0.448276
0.103449 0.275857 0.620694
0.200001 0.799999 0
0.866667 0.133333 0
0.137931 0.482758 0.379311
0.133335 0.866665 0
0.48277 0.137911 0.379319
0.166652 8.23946e-05 0.833265
0.620694 0.0689595 0.310347
0.269233 0.730767 0
0.0689633 0.344828 0.586208
0.586137 0.000103404 0.413759
0.0333325 0.966667 0
0.966667 0.0333327 0
0.733334 0.266666 0
0.37937 0.0689588 0.551671
0.41375 0.000103435 0.586147
0.1088 0.311924 0.579276
0.480005 0.519995 0
0.000103398 0.137922 0.861974
0.0689594 0.137922 0.793119
0.444445 0.148148 0.407408
0.892857 0.107143 0
0.51724 0.48276 0
0.639936 0.000100998 0.359963
0.642857 0.357143 0
0.275865 0.379304 0.344831
0.103451 0.586194 0.310354
0.607137 0.392863 0
0.214285 0.321428 0.464286
0.299417 0.187309 0.513274
0.107142 0.892858 0
0.214263 0.000102456 0.785634
0.000103419 0.379271 0.620625
0.310343 0.0689657 0.620691
0.00010222 0.749898 0.25
0.0689638 0.206891 0.724145
0.9999 9.99613e-05 0
0.0344792 0.689686 0.275835
0.000103437 0.517187 0.482709
0.586207 0.137931 0.275862
0.000103436 0.241355 0.758542
0.137931 0.413793 0.448276
0.71279 0.0356331 0.251576
0.370381 0.629619 0
0.576926 0.423074 0
0.392858 0.357142 0.25
0.5 0.25 0.25
0.206898 0.172409 0.620694
0.333333 0.333333 0.333333
9.00993e-05 9.65307e-05 0.999813
0.175228 0.123852 0.70092
0.241376 0.448281 0.310343
0.148148 0.444444 0.407407
0.239997 0.760003 0
0.13793 0.344832 0.517237
0.517187 0.000103384 0.48271
0.142852 0.214279 0.642869
0.766666 0.233334 0
9.98947e-05 0.9999 0
0.310337 0.689663 0
0.346115 0.00010321 0.653782
0.250001 0.499999 0.25
0.448276 0.551724 0
0.000101161 0.60707 0.392829
0.066667 0.933333 0
0.749898 0.000102138 0.25
0.172415 0.827585 0
0.827586 0.172414 0
0.23404 0.401218 0.364742
0.1073 0.0343348 0.858365
0.250807 0.0680979 0.681095
0.310328 0.413825 0.275847
0.379313 0.241374 0.379313
0.7 0.3 0
0.0333296 0.0666606 0.90001
0.310345 0.310345 0.37931
0.0683188 0.409943 0.521738
0.136367 0.613633 0.25
0.4 0.6 0
0.0666714 9.99691e-05 0.933229
0.933335 0.0666649 0
0.0669811 0.502388 0.430631
0.0344741 0.275883 0.689643
0.00010342 0.44823 0.551667
0.543691 0.0679625 0.388347
0.206896 0.241382 0.551722
0.647727 0.102273 0.25
0.464236 0.000100418 0.535664
0.000103436 0.655105 0.344792
0.172414 0.517241 0.310345
0.275865 0.137931 0.586205
0.517242 0.172413 0.310345
0.43192 0.100251 0.467829
0.344828 0.172414 0.482758
0.137931 0.103446 0.758623
0.285714 0.285714 0.428571
0.413801 0.275858 0.31034
0.275832 0.000103436 0.724065
0.44827 0.206899 0.344831
