0.413796 0.206892 0.379312
0.36 0.64 0
0.866667 0.133333 0
0.000103301 0.275834 0.724063
0.482765 0.241376 0.275859
0.310345 0.310345 0.379311
0.172411 0.379307 0.448282
0.300001 0.699999 0
0.607143 0.392857 0
0.166649 9.97859e-05 0.833252
0.433331 0.566669 0
0.233331 0.766669 0
0.966665 0.0333346 0
0.0333333 0.966667 0
0.0344741 0.413797 0.551729
0.0689657 0.448274 0.48276
0.733333 0.266667 0
0.344827 0.379312 0.275861
0.392859 0.249995 0.357146
0.0333453 0.299751 0.666904
0.103449 0.586201 0.31035
0.392857 0.357143 0.25
0.0333248 0.533356 0.433319
0.299035 0.105145 0.59582
0.206897 0.137931 0.655172
0.214274 0.000102423 0.785624
0.428569 0.142859 0.428571
0.392858 0.607142 0
0.655542 0.0688916 0.275567
0.642857 0.357143 0
0.107303 0.0343351 0.858362
0.487941 0.174249 0.33781
0.000100886 0.629577 0.370322
0.892857 0.107143 0
0.0666703 0.93333 0
0.388445 0.0679505 0.543604
0.240002 0.240002 0.519996
0.0689657 0.344828 0.586206
0.800002 0.199998 0
0.168318 0.12475 0.706932
9.97163e-05 0.9999 0
0.9999 9.99653e-05 0
0.285714 0.285714 0.428571
0.269228 0.730772 0
8.42617e-05 9.84146e-05 0.999817
0.241379 0.482759 0.275862
0.142857 0.428571 0.428571
0.333333 0.333333 0.333334
0.58619 0.103453 0.310357
0.517237 0.482763 0
0.0357132 0.714287 0.25
0.0689639 0.137928 0.793108
0.712795 0.0356251 0.25158
0.103449 0.27586 0.620692
0.766669 0.233331 0
9.99747e-05 0.23331 0.76659
0.137931 0.103448 0.758621
0.000103418 0.482709 0.517188
0.346118 0.000103204 0.653779
0.653779 0.000103182 0.346118
0.545457 0.204543 0.25
0.250021 0.392807 0.357173
0.142859 0.857141 0
0.172414 0.275861 0.551725
0.142855 0.214282 0.642863
9.99852e-05 0.73326 0.26664
0.200002 0.799998 0
0.833335 0.166665 0
0.576929 0.423071 0
0.206899 0.310344 0.482757
0.461539 0.538461 0
0.700001 0.299999 0
0.333333 0.666667 0
0.43329 9.98558e-05 0.56661
0.214284 0.535716 0.25
0.749898 0.000102135 0.25
0.0689623 0.655175 0.275863
0.285712 0.464288 0.25
0.0689655 0.206897 0.724138
0.538124 0.067265 0.394611
9.92683e-05 0.166649 0.833252
0.000103383 0.379271 0.620625
0.321428 0.214285 0.464286
0.242121 0.0688973 0.688982
0.93333 0.0666697 0
0.517188 0.000103437 0.482709
0.0666523 1.5218e-05 0.933332
0.00010293 0.103434 0.896463
0.172418 0.482747 0.344835
0.103448 0.37931 0.517241
0.136362 0.613638 0.25
0.613632 0.136368 0.25
0.464299 0.285701 0.25
0.34483 0.137929 0.517242
0.103448 0.517241 0.379311
0.275834 0.000103408 0.724063
0.241381 0.172413 0.586205
0.100002 0.899998 0
0.586147 0.0001033 0.41375
0.448276 0.0689655 0.482759
