0.544688 0.205312 0.25
8.49215e-05 0.198175 0.80174
0.275002 0.102335 0.622663
0.38147 0.307098 0.311432
9.24855e-05 0.339433 0.660474
0.799986 0.200014 0
0.270818 0.355723 0.373459
0.0344069 0.624397 0.341196
0.666993 0.0684998 0.264507
0.200377 0.799623 0
0.291364 0.412495 0.296141
0.134346 0.324685 0.54097
0.60373 0.39627 0
0.484325 0.515675 0
0.13334 0.86666 0
0.862069 0.137931 0
0.134416 0.48537 0.380214
0.166641 9.16719e-05 0.833267
0.269232 0.730768 0
0.0333288 0.966671 0
0.966668 0.0333321 0
0.10343 0.172417 0.724153
0.000103361 0.137888 0.862009
0.147221 0.443145 0.409633
0.712123 0.0356102 0.252267
0.646911 6.46234e-05 0.353025
0.64197 0.35803 0
0.429159 0.143054 0.427786
0.5932 0.103206 0.303594
0.107311 0.0343348 0.858354
0.37036 0.62964 0
0.155638 0.308644 0.535718
0.310343 0.689657 0
0.275821 0.000103247 0.724076
0.357148 0.392852 0.25
9.99827e-05 0.9999 0
0.00010334 0.379271 0.620626
0.000103401 0.517187 0.482709
9.16275e-05 8.99176e-05 0.999818
0.247768 0.502232 0.25
0.295901 0.107976 0.596123
0.0333312 0.0666625 0.900006
0.278499 0.22238 0.499121
0.448329 0.103349 0.448322
0.333333 0.333333 0.333335
0.517187 0.000103435 0.482709
0.107143 0.892857 0
0.9999 9.98855e-05 0
0.48561 0.169934 0.344457
0.51724 0.48276 0
0.0689671 0.137934 0.793099
0.892857 0.107143 0
0.175196 0.124017 0.700788
0.103391 0.448372 0.448237
0.766981 0.233019 0
0.0345072 0.689715 0.275778
0.448531 0.551469 0
0.000102131 0.749898 0.25
0.000103425 0.241355 0.758542
0.346119 0.000103033 0.653778
0.214266 0.000102453 0.785631
0.170723 0.51352 0.315757
0.0666659 0.933334 0
0.499123 0.250877 0.25
0.389582 0.0685675 0.54185
0.03443 0.275878 0.689692
9.66495e-05 0.614128 0.385776
0.172415 0.827585 0
0.749898 0.000102209 0.25
0.827565 0.172435 0
0.243285 0.320712 0.436002
0.413747 0.000103349 0.58615
0.0689586 0.344828 0.586214
0.577076 0.422924 0
0.7001 0.2999 0
0.444891 0.242439 0.312671
0.142848 0.214275 0.642877
0.14313 0.60687 0.25
0.374338 0.245448 0.380214
0.0666394 8.60569e-05 0.933275
0.933335 0.0666651 0
0.241758 0.414084 0.344157
0.250871 0.0681152 0.681014
0.239914 0.760086 0
0.0324727 0.433026 0.534501
0.574394 0.0332596 0.392346
0.625907 0.124093 0.25
0.241253 0.172499 0.586247
0.176745 0.363446 0.459809
0.0331377 0.539076 0.427786
0.546952 0.126083 0.326965
0.137923 0.103438 0.758639
0.102713 0.587669 0.309618
0.422532 0.314502 0.262966
0.356924 0.133464 0.509612
0.101132 0.2746 0.624268
0.214284 0.249998 0.535718
0.399996 0.600004 0
0.730772 0.269228 0
0.314154 0.21733 0.468516
