0.482766 0.137928 0.379306
0.6 0.4 0
0.2 0.8 0
0.27586 0.172414 0.551725
0.137885 0.482931 0.379184
0.866665 0.133335 0
0.133334 0.866666 0
0.172414 0.344827 0.482759
0.103446 0.448277 0.448276
0.344828 0.206897 0.448276
0.275864 0.379305 0.34483
0.48 0.52 0
0.000103385 0.41375 0.586147
0.517243 0.172412 0.310346
0.344827 0.0689645 0.586208
0.269231 0.730769 0
0.0333285 0.966672 0
0.966666 0.033334 0
0.0689652 0.310345 0.62069
0.000103416 0.655105 0.344792
0.0689625 0.379337 0.5517
0.103448 0.586207 0.310345
0.407407 0.185185 0.407407
0.148147 0.444449 0.407404
0.000102228 0.749898 0.25
0.607141 0.142859 0.25
0.892857 0.107143 0
0.107142 0.892858 0
0.000102467 0.214264 0.785634
0.639935 0.000100967 0.359964
0.827587 0.172413 0
0.629631 0.370369 0
0.370371 0.629629 0
0.24138 0.344826 0.413794
0.311907 0.108646 0.579447
0.379271 0.000103314 0.620626
0.25 0.214283 0.535718
0.9999 9.99809e-05 0
9.86385e-05 9.60401e-05 0.999805
0.482759 0.241379 0.275862
0.333333 0.333333 0.333334
0.000103432 0.517188 0.482709
0.517188 0.000103387 0.482709
0.137918 0.00010343 0.861979
9.98571e-05 0.9999 0
0.0666669 0.933333 0
0.448279 0.551721 0
0.517241 0.482759 0
0.0343351 0.107285 0.85838
0.620688 0.0689658 0.310346
0.766667 0.233333 0
0.123888 0.175223 0.70089
0.689658 0.310342 0
9.95429e-05 0.16665 0.83325
0.24 0.76 0
0.187224 0.299444 0.513332
0.000101105 0.607078 0.392821
0.241355 0.000103419 0.758542
0.0344816 0.689667 0.275851
0.712789 0.0356392 0.251572
0.392856 0.357144 0.25
0.310344 0.689656 0
0.000103223 0.346119 0.653777
0.730769 0.269231 0
0.25 0.5 0.25
0.551723 0.103449 0.344829
0.214284 0.142856 0.64286
0.285714 0.428571 0.285714
0.749898 0.000102028 0.25
0.137931 0.275862 0.586207
0.433321 0.0666683 0.500011
0.0681028 0.250867 0.68103
0.13793 0.0689652 0.793104
0.000103427 0.275833 0.724064
0.206903 0.413789 0.379307
0.136363 0.613637 0.25
0.172413 0.103448 0.72414
0.586146 0.000103387 0.413751
0.571427 0.428573 0
0.274392 0.253963 0.471645
0.448276 0.206896 0.344828
9.68275e-05 0.0666601 0.933243
0.413794 0.137929 0.448276
0.933332 0.066668 0
0.275861 0.034482 0.689657
0.000100434 0.464239 0.53566
0.535714 0.214286 0.25
0.172414 0.517241 0.310345
0.066985 0.502393 0.430622
0.344828 0.275862 0.37931
0.502393 0.0669843 0.430622
0.103448 0.137929 0.758623
0.344889 0.137918 0.517193
0.0666657 0.0333328 0.900001
0.134024 0.396907 0.469069
0.44823 0.000103407 0.551666
0.4 0.6 0
0.172414 0.206896 0.62069
0.172415 0.827585 0
0.413793 0.275862 0.310345
