0.48276 0.137929 0.379311
0.6 0.4 0
0.27586 0.172414 0.551726
0.137927 0.482772 0.379301
0.866667 0.133333 0
0.172414 0.344828 0.482759
0.103448 0.448276 0.448276
0.344827 0.206897 0.448276
0.275862 0.37931 0.344828
0.480001 0.519999 0
0.000103344 0.41375 0.586146
0.344827 0.0689651 0.586207
0.269237 0.730763 0
0.586146 0.0001034 0.413751
0.0333332 0.966667 0
0.000103437 0.655105 0.344792
0.96667 0.0333303 0
0.273477 0.254283 0.47224
0.392856 0.357144 0.25
0.0689619 0.379343 0.551695
0.413793 0.137931 0.448276
0.0689656 0.310344 0.62069
0.137915 0.000103409 0.861981
0.379271 0.000103309 0.620625
0.517242 0.172413 0.310345
0.148148 0.444443 0.407409
0.10346 0.586159 0.310381
0.433295 0.0666712 0.500034
0.407406 0.185185 0.407409
0.107142 0.892858 0
0.892858 0.107142 0
0.639936 0.000100997 0.359963
0.62963 0.37037 0
0.0343351 0.107296 0.858369
0.933334 0.0666655 0
0.000102474 0.214264 0.785633
0.000101102 0.607079 0.39282
0.37037 0.62963 0
0.000102238 0.749898 0.25
0.249998 0.214285 0.535716
0.134022 0.396902 0.469076
0.311973 0.108638 0.579389
0.517188 0.000103421 0.482709
0.712787 0.0356401 0.251573
9.98594e-05 0.9999 0
0.9999 9.99465e-05 0
0.4 0.6 0
0.482759 0.241379 0.275862
0.333334 0.333334 0.333333
0.448276 0.551724 0
0.76667 0.23333 0
0.535716 0.214284 0.25
9.89386e-05 9.93208e-05 0.999802
9.99205e-05 0.166651 0.833249
0.24 0.76 0
0.000103187 0.346122 0.653775
0.517242 0.482758 0
0.199999 0.800001 0
0.0344822 0.689661 0.275857
0.607144 0.142856 0.25
0.172413 0.103448 0.724139
0.241354 0.000103409 0.758542
0.103448 0.137931 0.758621
0.187172 0.299463 0.513364
0.413793 0.275862 0.310345
0.25 0.5 0.25
0.551724 0.103448 0.344828
0.214285 0.142857 0.642858
0.689655 0.310345 0
0.172414 0.827586 0
0.136364 0.613636 0.25
0.310344 0.689656 0
0.749898 0.00010225 0.25
0.827587 0.172413 0
0.0681119 0.250771 0.681117
0.0666662 0.933334 0
0.13793 0.0689652 0.793104
0.206901 0.413791 0.379308
0.571428 0.428572 0
0.448276 0.206897 0.344828
9.99546e-05 0.066666 0.933234
0.123815 0.175237 0.700948
0.275871 0.0344822 0.689647
0.000103344 0.517188 0.482709
0.502396 0.0669847 0.43062
0.000100315 0.46424 0.535659
0.137931 0.275863 0.586207
0.241379 0.344828 0.413793
0.285714 0.428571 0.285714
0.172414 0.517241 0.310345
0.000103365 0.275832 0.724065
0.0669829 0.502394 0.430623
0.34483 0.275861 0.379309
0.133333 0.866667 0
0.34511 0.137872 0.517019
0.0666683 0.0333341 0.899998
0.620688 0.0689627 0.310349
0.44823 0.000103424 0.551667
0.730767 0.269233 0
0.172411 0.206897 0.620692
