0.482738 0.137938 0.379325
0.599992 0.400008 0
0.199985 0.800015 0
0.275858 0.17241 0.551732
0.137917 0.482769 0.379314
0.172407 0.344832 0.482761
0.866667 0.133333 0
0.103441 0.448281 0.448278
0.344833 0.206885 0.448282
0.480006 0.519994 0
0.517241 0.172414 0.310345
0.344821 0.0689404 0.586238
0.269238 0.730762 0
0.0333232 0.966677 0
0.966665 0.0333349 0
0.133354 0.866646 0
0.000102276 0.655097 0.344801
0.0689626 0.310349 0.620688
0.0689545 0.379366 0.55168
0.103473 0.586115 0.310412
0.148145 0.444457 0.407398
0.379271 0.000102817 0.620626
0.892858 0.107142 0
0.639949 9.51356e-05 0.359956
0.000102184 0.749898 0.25
0.629627 0.370373 0
0.370424 0.629576 0
0.311581 0.108723 0.579696
0.000103349 0.517186 0.482711
0.392802 0.357198 0.25
0.933333 0.0666673 0
0.482759 0.24138 0.275861
0.0343352 0.107306 0.858359
0.000102342 0.214266 0.785631
0.9999 9.99208e-05 0
0.333332 0.333337 0.33333
0.413787 0.275872 0.310341
9.4667e-05 8.97501e-05 0.999816
0.137906 0.000102777 0.861992
0.517238 0.482762 0
0.766678 0.233322 0
0.1872 0.299455 0.513345
0.249989 0.500011 0.25
9.87676e-05 0.166649 0.833252
0.0344832 0.689656 0.275861
0.448292 0.551708 0
0.517186 0.000103417 0.482711
0.000101173 0.607061 0.392838
9.97355e-05 0.9999 0
0.241356 0.000103135 0.758541
0.274398 0.253964 0.471639
0.586138 0.000102507 0.413759
0.000103165 0.346117 0.65378
0.607136 0.142864 0.25
0.550837 0.103653 0.34551
0.249992 0.21423 0.535778
0.214283 0.14286 0.642857
0.68965 0.31035 0
0.172416 0.827584 0
0.172398 0.206898 0.620704
0.712786 0.0356391 0.251575
0.31027 0.68973 0
9.98087e-05 0.464286 0.535614
0.749898 0.000102164 0.25
0.413793 0.137931 0.448277
0.433346 0.0666686 0.499985
0.06666 0.0333139 0.900026
0.827575 0.172425 0
0.0681262 0.250641 0.681233
0.107141 0.892859 0
0.137928 0.068964 0.793108
0.207035 0.413723 0.379243
0.407422 0.18518 0.407398
0.571428 0.428572 0
9.58111e-05 0.0666462 0.933258
0.275856 0.379319 0.344825
0.0666657 0.933334 0
0.123987 0.175203 0.70081
0.206889 0.0689624 0.724149
0.275874 0.0344643 0.689662
0.502392 0.0669833 0.430624
0.400009 0.599991 0
0.137926 0.275928 0.586146
0.535731 0.214269 0.25
0.136357 0.613643 0.25
0.241401 0.344824 0.413775
0.285736 0.428559 0.285705
0.00010252 0.413751 0.586146
0.172407 0.517247 0.310346
0.0670024 0.502369 0.430629
0.344891 0.275851 0.379258
0.103448 0.13793 0.758622
0.344837 0.137919 0.517244
0.239983 0.760017 0
0.620695 0.068959 0.310346
0.448263 0.206903 0.344835
0.000102351 0.275829 0.724069
0.134749 0.396576 0.468676
0.44825 0.00010184 0.551648
0.730756 0.269244 0
