0.0333303 6.43912e-05 0.966605
0.13789 0.241313 0.620797
0.482759 0.241379 0.275862
0.103432 0.448298 0.44827
0.310328 0.379327 0.310346
0.241379 0.482759 0.275862
0.24137 0.413772 0.344858
0.206879 0.379321 0.4138
0.137929 0.379312 0.482759
0.137926 0.482764 0.37931
0.799998 0.200002 0
0.607141 0.392859 0
0.275859 0.172414 0.551727
0.433337 0.566663 0
0.233331 0.766669 0
0.0333307 0.966669 0
0.966668 0.033332 0
0.733332 0.266668 0
0.0689636 0.655174 0.275863
0.392708 0.25006 0.357232
0.517241 0.482759 0
0.298259 0.105262 0.59648
0.103572 0.585699 0.310729
0.392855 0.357145 0.25
0.241357 0.00010324 0.75854
9.95527e-05 0.0999903 0.89991
0.105574 0.26098 0.633446
0.137923 0.000103418 0.861974
0.766676 0.233324 0
0.653761 0.000103204 0.346136
0.137929 0.172413 0.689658
0.892857 0.107143 0
0.392859 0.607141 0
0.642857 0.357143 0
0.00010099 0.629568 0.370331
0.24 0.24 0.519999
9.98187e-05 0.9999 0
9.83316e-05 9.72232e-05 0.999804
0.178365 0.464403 0.357232
0.000103198 0.482709 0.517188
0.0344337 0.380193 0.585373
0.517188 0.000103397 0.482709
0.333333 0.333333 0.333334
0.586201 0.10345 0.31035
0.9999 9.99629e-05 0
0.214286 0.535714 0.25
0.0666664 0.933334 0
0.269231 0.730769 0
0.749898 0.000102197 0.25
0.448276 0.0689655 0.482759
0.712792 0.0356367 0.251571
0.833334 0.166666 0
0.433291 9.95303e-05 0.566609
0.346121 0.000103203 0.653775
0.147726 0.409093 0.443181
0.545456 0.204544 0.25
0.259266 0.444449 0.296285
0.241398 0.0689582 0.689644
0.0357141 0.714286 0.25
0.389592 0.0678238 0.542584
0.42857 0.142859 0.42857
0.333333 0.666667 0
0.185167 0.074167 0.740666
9.99407e-05 0.73326 0.26664
0.199999 0.800001 0
0.310344 0.275863 0.413793
0.576923 0.423077 0
0.214283 0.321431 0.464286
0.0689005 0.517299 0.4138
0.461536 0.538464 0
0.142859 0.857141 0
0.700001 0.299999 0
0.321427 0.214286 0.464287
0.103448 0.103448 0.793103
0.538113 0.0672641 0.394623
0.487939 0.174257 0.337804
0.933332 0.0666682 0
0.300004 0.699996 0
0.000103339 0.206875 0.793021
9.99842e-05 0.299972 0.699928
0.275856 0.344822 0.379322
0.0342776 0.143083 0.82264
0.206891 0.206891 0.586219
0.0666649 0.0333324 0.900003
0.103448 0.344829 0.551723
0.655525 0.0688945 0.27558
0.136364 0.613636 0.25
0.613638 0.136362 0.25
0.0689652 0.206897 0.724137
0.464287 0.285713 0.25
9.9972e-05 0.566608 0.433292
0.0999986 0.900001 0
0.321424 0.428576 0.25
0.586146 0.000103129 0.413751
0.000101478 0.357104 0.642795
0.241368 0.137917 0.620715
0.172409 0.275863 0.551728
0.34483 0.137932 0.517238
0.0669835 0.430627 0.50239
0.166669 0.0333335 0.799998
