0.600007 0.399993 0
0.200006 0.799994 0
0.275835 0.172418 0.551747
0.275852 0.379316 0.344832
0.413803 0.310339 0.275857
0.133334 0.866666 0
0.866664 0.133336 0
0.344818 0.206893 0.448289
0.48 0.52 0
0.000101775 0.413737 0.586162
9.80621e-05 0.166647 0.833254
0.26924 0.73076 0
0.344828 0.0689447 0.586228
0.206866 0.448295 0.344839
0.0333198 0.96668 0
0.966668 0.033332 0
0.310379 0.27583 0.413792
0.172395 0.379316 0.448289
0.272062 0.254785 0.473153
0.392825 0.357175 0.25
0.60712 0.14288 0.25
0.730765 0.269235 0
0.103449 0.586205 0.310346
0.000102458 0.214275 0.785623
0.407371 0.185175 0.407454
0.107143 0.892857 0
0.629632 0.370368 0
0.0344881 0.689644 0.275868
0.0343348 0.107331 0.858334
0.749898 0.000102224 0.25
0.370373 0.629627 0
0.379311 0.275861 0.344828
0.464673 0.177863 0.357464
0.000102231 0.749898 0.25
0.000103395 0.517185 0.482712
0.379274 0.000102985 0.620623
0.136342 0.613657 0.25
0.241356 0.00010343 0.75854
0.517185 0.000103217 0.482712
0.12378 0.175245 0.700976
0.9999 9.9639e-05 0
9.97723e-05 0.9999 0
0.147091 0.448141 0.404767
9.33883e-05 8.04971e-05 0.999826
0.18724 0.299408 0.513352
0.517239 0.482761 0
0.000103167 0.346122 0.653775
0.239993 0.760007 0
0.89286 0.10714 0
0.766668 0.233332 0
0.620711 0.0689379 0.310351
0.639946 0.000100472 0.359954
0.0689194 0.379693 0.551388
0.066658 0.0333289 0.900013
0.712773 0.0356384 0.251589
0.827586 0.172414 0
0.482759 0.24138 0.27586
0.311266 0.108943 0.579792
0.933329 0.0666709 0
0.137925 0.344831 0.517245
0.17236 0.103417 0.724223
0.551689 0.103456 0.344855
0.58614 0.000103316 0.413756
0.214288 0.142856 0.642856
0.689654 0.310346 0
0.00010105 0.607085 0.392814
0.000103343 0.655105 0.344792
0.172414 0.827586 0
0.13791 0.000103121 0.861987
0.0689547 0.310354 0.620691
0.137912 0.517253 0.344835
0.310345 0.689655 0
0.433334 0.0666682 0.499998
0.0682958 0.248774 0.68293
0.137928 0.0689642 0.793108
0.222196 0.407275 0.370529
0.571439 0.428561 0
0.249998 0.500002 0.25
9.90713e-05 0.0666563 0.933245
0.00010033 0.464244 0.535655
0.0666664 0.933334 0
0.44827 0.55173 0
0.00010331 0.275829 0.724067
0.275914 0.0344345 0.689652
0.249985 0.214276 0.535739
0.137927 0.275893 0.586181
0.535715 0.214285 0.25
0.17242 0.551716 0.275863
0.241367 0.344843 0.41379
0.066977 0.502395 0.430628
0.103448 0.137931 0.758622
0.285716 0.428576 0.285708
0.345336 0.137868 0.516796
0.103295 0.414579 0.482125
0.502407 0.0669651 0.430628
0.448234 0.000102828 0.551664
0.333342 0.333334 0.333325
0.399999 0.600001 0
0.172409 0.206899 0.620692
0.413783 0.137928 0.448289
