0.200001 0.799999 0
0.379305 0.310354 0.310341
0.310333 0.241391 0.448276
0.310345 0.310345 0.37931
0.866664 0.133336 0
0.206894 0.448277 0.344828
0.41375 0.000103418 0.586146
0.166652 7.53793e-05 0.833272
0.269233 0.730767 0
0.0689643 0.344828 0.586208
0.586145 0.000103399 0.413751
0.966669 0.0333307 0
0.133334 0.866666 0
0.0333316 0.966668 0
0.137931 0.413793 0.448276
0.733333 0.266667 0
0.357144 0.392856 0.25
0.586212 0.137929 0.275858
0.000103357 0.137909 0.861988
0.103468 0.586129 0.310403
0.21427 0.000102442 0.785628
0.620691 0.0689631 0.310346
0.000102258 0.749898 0.25
0.892858 0.107142 0
0.206894 0.241388 0.551718
0.639932 0.000101025 0.359967
0.642857 0.357143 0
0.933336 0.066664 0
0.299465 0.18716 0.513374
0.107305 0.0343381 0.858357
0.000103425 0.517188 0.482709
0.379424 0.0689529 0.551623
0.107142 0.892858 0
0.346117 0.000103119 0.65378
0.370374 0.629626 0
0.647727 0.102273 0.25
0.607132 0.392868 0
9.9828e-05 0.9999 0
0.142855 0.214283 0.642862
0.9999 9.99788e-05 0
0.333333 0.333333 0.333333
0.148148 0.444444 0.407407
0.444444 0.148148 0.407407
0.214281 0.321421 0.464298
0.103446 0.172414 0.72414
0.034484 0.689655 0.275861
0.766667 0.233333 0
0.000103224 0.241352 0.758544
0.0683215 0.409946 0.521732
0.137916 0.482769 0.379315
8.05671e-05 9.42831e-05 0.999825
0.108804 0.311919 0.579277
0.4 0.6 0
0.517241 0.482759 0
0.000103396 0.655105 0.344792
0.517188 0.000103419 0.482709
0.103447 0.275863 0.620691
0.175211 0.123948 0.700841
0.48 0.52 0
0.42859 0.285708 0.285702
0.0001034 0.379271 0.620626
0.310347 0.0689601 0.620693
0.239998 0.760002 0
0.712783 0.0356472 0.25157
0.448276 0.551724 0
0.000101166 0.60707 0.392829
0.749898 0.000102259 0.25
0.275872 0.44827 0.275858
0.5 0.25 0.25
0.172415 0.827585 0
0.310345 0.689655 0
0.827583 0.172417 0
0.576924 0.423076 0
0.250402 0.0681453 0.681453
0.37931 0.241379 0.37931
0.0689615 0.137923 0.793116
0.699989 0.300011 0
0.543695 0.0679635 0.388341
0.136365 0.613635 0.25
0.234022 0.401219 0.364759
0.0666662 9.99632e-05 0.933234
0.482759 0.13793 0.379311
0.0666719 0.933328 0
0.0344819 0.275867 0.689651
0.464239 0.000100404 0.53566
0.172414 0.517241 0.310345
0.275883 0.137927 0.58619
0.517241 0.172414 0.310345
0.25 0.5 0.25
0.0333298 0.0666597 0.90001
0.344828 0.172414 0.482759
0.0669868 0.502391 0.430623
0.137928 0.103446 0.758626
0.285705 0.285705 0.42859
0.432199 0.1002 0.467601
0.275797 0.000103421 0.724099
0.137931 0.344832 0.517236
0.000103334 0.448229 0.551667
0.44828 0.206889 0.344831
0.206897 0.172411 0.620692
