0.360001 0.639999 0
0.866665 0.133335 0
0.000103344 0.275833 0.724063
0.241377 0.482763 0.27586
0.310345 0.310345 0.379311
0.1724 0.37931 0.44829
0.300002 0.699998 0
0.800001 0.199999 0
0.0344811 0.413794 0.551725
0.607138 0.392862 0
0.16665 9.90858e-05 0.833251
0.655332 0.0689336 0.275734
0.433334 0.566666 0
0.233335 0.766665 0
0.966678 0.0333223 0
0.0333326 0.966667 0
0.0689452 0.448286 0.482769
0.413802 0.206883 0.379315
0.310327 0.413827 0.275846
0.392787 0.25002 0.357193
0.142842 0.214268 0.64289
0.48278 0.241369 0.275851
0.586199 0.103447 0.310354
0.517238 0.482762 0
0.066666 0.933334 0
0.000103376 0.379271 0.620626
0.333327 0.333327 0.333345
0.2992 0.105121 0.595679
0.0689682 0.137936 0.793095
0.39286 0.35714 0.25
0.214277 0.000102464 0.78562
0.26923 0.73077 0
0.142854 0.428573 0.428573
0.103439 0.275889 0.620672
0.653776 0.000103155 0.346121
0.172412 0.275863 0.551725
0.642844 0.357156 0
0.892857 0.107143 0
0.241393 0.172424 0.586183
0.000100873 0.629575 0.370324
0.93333 0.0666701 0
0.142862 0.857138 0
0.000103426 0.482709 0.517188
0.214279 0.535721 0.25
0.517188 0.000103427 0.482709
0.749898 0.000102125 0.25
0.9999 9.99384e-05 0
0.107275 0.0343372 0.858388
0.538091 0.0672601 0.394649
0.712783 0.0356481 0.251569
9.34997e-05 9.56344e-05 0.999811
0.033408 0.298429 0.668163
9.99205e-05 0.9999 0
0.428565 0.14287 0.428565
0.168159 0.124777 0.707065
0.0357084 0.714292 0.25
9.97141e-05 0.233327 0.766573
0.13793 0.103441 0.758629
0.103451 0.586195 0.310354
0.240001 0.240001 0.519998
0.206896 0.137931 0.655173
0.766679 0.233321 0
0.392858 0.607142 0
0.346125 0.000103204 0.653772
0.464282 0.285718 0.25
0.100008 0.899992 0
0.545457 0.204543 0.25
0.0689676 0.344843 0.58619
0.250052 0.392731 0.357217
0.388404 0.0679557 0.54364
0.199996 0.800004 0
0.833329 0.166671 0
0.576927 0.423073 0
0.206999 0.310305 0.482696
0.461534 0.538466 0
0.700001 0.299999 0
0.285714 0.285714 0.428571
0.333333 0.666667 0
0.000103246 0.103414 0.896482
0.0333348 0.533331 0.433334
0.433288 9.99594e-05 0.566612
0.321422 0.214281 0.464296
0.285721 0.464279 0.25
0.241461 0.0689619 0.689577
0.487918 0.174234 0.337849
0.733334 0.266666 0
0.0666608 1.32836e-05 0.933326
0.172402 0.482766 0.344832
0.103441 0.379314 0.517246
0.613633 0.136367 0.25
0.344832 0.137922 0.517246
9.97423e-05 0.166649 0.833251
0.0689643 0.206898 0.724137
0.136355 0.613645 0.25
0.103447 0.517242 0.379311
0.275834 0.000103251 0.724063
0.586144 0.000103398 0.413753
0.448275 0.0689649 0.48276
9.90662e-05 0.733261 0.26664
0.0689582 0.65517 0.275872
