9.17079e-05 0.333362 0.666546
0.275545 0.379642 0.344813
0.310343 0.310344 0.379313
0.137965 0.482702 0.379333
0.103435 0.275804 0.62076
0.866671 0.133329 0
0.482763 0.137924 0.379313
0.60713 0.39287 0
0.480015 0.519985 0
0.413742 0.000103404 0.586155
0.241393 0.44826 0.310348
0.26923 0.73077 0
0.586137 0.000102162 0.413761
0.137926 0.413808 0.448266
0.0333347 0.966665 0
0.0689551 0.344846 0.586199
0.733328 0.266672 0
0.31034 0.413794 0.275866
0.586275 0.137899 0.275826
0.103551 0.586092 0.310357
0.142834 0.214255 0.642911
0.966672 0.0333281 0
0.0683052 0.40993 0.521765
0.000103001 0.379269 0.620628
0.000102195 0.749898 0.25
0.444437 0.148132 0.407431
0.148157 0.444461 0.407382
0.712755 0.0356401 0.251605
0.639916 9.94749e-05 0.359985
0.620702 0.0689476 0.310351
0.379341 0.0689655 0.551694
0.64285 0.35715 0
0.107141 0.892859 0
0.000103413 0.137899 0.861998
0.136358 0.613642 0.25
0.107305 0.0343343 0.85836
0.17243 0.82757 0
0.370372 0.629628 0
0.109837 0.311586 0.578577
0.000103092 0.517188 0.482709
0.576923 0.423077 0
9.99807e-05 0.9999 0
0.999901 9.94966e-05 0
9.69982e-05 8.9136e-05 0.999814
0.517188 0.00010338 0.482709
0.275816 0.000103386 0.72408
0.333346 0.333345 0.333309
0.766677 0.233323 0
0.51724 0.48276 0
0.133343 0.866657 0
0.214245 0.000101877 0.785654
0.892864 0.107136 0
0.239996 0.760004 0
0.0666597 7.37172e-05 0.933267
0.346114 0.000103214 0.653782
0.700002 0.299998 0
0.175241 0.123793 0.700966
0.0344805 0.689675 0.275845
0.25 0.5 0.25
0.392859 0.357141 0.25
0.299445 0.187224 0.513331
0.448301 0.206904 0.344794
0.000103366 0.241353 0.758543
0.448268 0.551732 0
0.000100725 0.60704 0.392859
0.749898 0.000102117 0.25
0.310331 0.689669 0
0.827573 0.172427 0
0.206872 0.241445 0.551683
0.250218 0.0681743 0.681608
0.379307 0.241374 0.379319
0.0689598 0.137921 0.793119
0.54364 0.0680461 0.388314
0.234068 0.401223 0.364709
0.310358 0.0689366 0.620705
0.0666642 0.933336 0
0.93333 0.0666703 0
0.0344608 0.275898 0.689641
0.647735 0.102265 0.25
0.464278 0.00010015 0.535622
0.344828 0.172408 0.482763
0.172415 0.517236 0.310348
0.500006 0.249994 0.25
0.276031 0.137909 0.58606
0.200015 0.799985 0
0.517193 0.172432 0.310375
0.0669427 0.502421 0.430636
0.137925 0.103443 0.758631
0.166641 8.06534e-05 0.833278
0.285713 0.285712 0.428576
0.0332671 0.0666705 0.900062
0.413827 0.275825 0.310348
0.432893 0.100076 0.467031
9.89459e-05 0.448218 0.551683
0.137774 0.345673 0.516553
0.400002 0.599998 0
0.214299 0.321437 0.464264
0.206895 0.172399 0.620707
0.103425 0.172383 0.724192
0.000103169 0.655103 0.344794
