0.600001 0.399999 0
0.200001 0.799999 0
0.275848 0.172417 0.551735
0.413793 0.310345 0.275862
0.137886 0.482926 0.379187
0.172414 0.344828 0.482758
0.133333 0.866667 0
0.275864 0.379309 0.344827
0.480004 0.519996 0
0.000103363 0.41375 0.586146
9.99869e-05 0.166662 0.833238
0.269235 0.730765 0
0.586147 0.00010333 0.413749
0.96667 0.0333303 0
0.0333307 0.966669 0
0.310344 0.310346 0.37931
0.344823 0.241381 0.413796
0.448276 0.551724 0
0.274674 0.25387 0.471457
0.392851 0.357149 0.25
0.0689595 0.379362 0.551679
0.241375 0.344838 0.413787
0.379271 0.000103419 0.620626
0.103459 0.586164 0.310377
0.000102018 0.749898 0.25
0.607134 0.142866 0.25
0.000103321 0.655105 0.344792
0.107144 0.892856 0
0.482759 0.241379 0.275862
0.892857 0.107143 0
0.629626 0.370374 0
0.9999 9.9845e-05 0
0.639934 0.000101037 0.359965
0.370372 0.629628 0
9.99544e-05 0.9999 0
0.137918 0.000103237 0.861978
0.275866 0.0344825 0.689651
0.379311 0.275861 0.344828
0.517188 0.000103419 0.482709
0.517241 0.482759 0
9.55103e-05 9.67842e-05 0.999808
0.000103152 0.346122 0.653774
0.571429 0.428571 0
0.517243 0.172413 0.310344
0.148145 0.444457 0.407398
0.333331 0.333333 0.333336
0.00010338 0.275832 0.724065
0.123886 0.175224 0.70089
0.766667 0.233333 0
0.620691 0.0689639 0.310345
0.034335 0.107294 0.858371
0.34483 0.0689584 0.586212
0.730772 0.269228 0
0.25 0.5 0.25
0.239999 0.760001 0
0.0344804 0.689675 0.275844
0.31138 0.10873 0.579891
0.712794 0.0356336 0.251572
0.241354 0.00010338 0.758542
0.18716 0.299451 0.513389
0.0689656 0.310344 0.620691
0.172414 0.517241 0.310345
0.134388 0.396743 0.468869
0.137929 0.0689647 0.793106
0.214283 0.142855 0.642863
0.689666 0.310334 0
0.4074 0.185188 0.407413
0.000100988 0.607073 0.392826
0.172415 0.827585 0
0.310337 0.689663 0
0.749898 0.000102186 0.25
0.432642 0.0667491 0.500609
0.827587 0.172413 0
0.206897 0.413793 0.37931
0.0681062 0.250854 0.68104
0.000103382 0.517188 0.482709
0.136364 0.613636 0.25
7.73773e-05 0.0666562 0.933266
0.103444 0.448276 0.448279
0.0666682 0.933332 0
0.933334 0.0666662 0
0.551722 0.103449 0.344829
0.44823 0.000103406 0.551667
0.285719 0.428578 0.285703
0.25 0.214284 0.535716
0.0001004 0.464239 0.53566
0.502402 0.0669707 0.430628
0.413791 0.13793 0.448279
0.000102358 0.21426 0.785638
0.137931 0.275862 0.586207
0.535716 0.214284 0.25
0.0669844 0.502393 0.430623
0.103449 0.137924 0.758627
0.344962 0.137903 0.517135
0.0666577 0.0333113 0.900031
0.464346 0.17846 0.357194
0.866666 0.133334 0
0.4 0.6 0
0.206896 0.068965 0.724139
0.172412 0.206897 0.620691
