0.200233 0.799767 0
9.59893e-05 0.333502 0.666402
0.206894 0.137946 0.65516
0.8 0.2 0
0.482986 0.137575 0.379439
0.345054 0.138124 0.516821
0.862058 0.137942 0
0.133334 0.866666 0
0.379354 0.275853 0.344794
0.519996 0.480004 0
0.066725 0.300259 0.633016
0.166664 9.99963e-05 0.833236
0.966671 0.0333286 0
0.0333322 0.966668 0
0.448793 0.206225 0.344982
0.448331 0.103379 0.44829
0.551726 0.448274 0
0.357216 0.392784 0.25
0.0666475 9.71254e-05 0.933255
0.393912 0.067323 0.538765
9.60912e-05 0.639918 0.359986
0.000103291 0.137897 0.862
0.892855 0.107145 0
0.585905 0.103459 0.310636
0.214253 0.000102401 0.785644
0.000102361 0.379261 0.620637
0.689693 0.0344827 0.275824
0.142933 0.607067 0.25
0.233308 0.766692 0
0.185226 0.407216 0.407558
0.444436 0.14813 0.407433
0.730772 0.269228 0
0.629582 0.370418 0
0.108799 0.31095 0.580251
0.175198 0.124008 0.700794
0.76 0.24 0
0.241392 0.482783 0.275824
0.502305 0.0670244 0.43067
0.10714 0.89286 0
0.827574 0.172426 0
0.2994 0.187159 0.513441
0.500004 0.249996 0.25
0.0356419 0.712787 0.251571
0.749898 0.000102238 0.25
0.9999 9.98996e-05 0
0.517187 0.000103422 0.482709
0.137728 0.413856 0.448416
9.99669e-05 0.9999 0
0.1428 0.214197 0.643003
0.107293 0.0343363 0.858371
0.207056 0.344669 0.448275
0.482759 0.517241 0
0.103381 0.17229 0.72433
9.39714e-05 9.82456e-05 0.999808
0.000103354 0.241355 0.758542
0.333334 0.333334 0.333332
0.346129 0.000103138 0.653768
0.0667532 0.432886 0.50036
0.103478 0.551554 0.344967
0.310277 0.689723 0
0.607063 9.86871e-05 0.392838
0.689705 0.310295 0
0.379167 0.172491 0.448342
0.000102128 0.749898 0.25
0.172416 0.827584 0
0.250239 0.0682226 0.681539
8.78817e-05 0.585247 0.414665
0.0689658 0.137932 0.793103
0.400004 0.599996 0
0.413118 0.208178 0.378704
0.613638 0.136362 0.25
0.428563 0.571437 0
0.933338 0.0666621 0
0.0666662 0.933334 0
0.0344726 0.275916 0.689611
0.213821 0.249511 0.536668
0.275568 0.345116 0.379316
0.31037 0.103444 0.586186
0.433222 9.96269e-05 0.566678
0.0669983 0.502394 0.430608
0.20683 0.448366 0.344804
0.370376 0.629624 0
0.428657 0.285699 0.285645
0.00010342 0.517187 0.482709
0.344799 0.24132 0.413881
0.17223 0.517535 0.310234
0.212926 0.537074 0.25
0.254677 0.272692 0.472631
0.517161 0.17239 0.310449
0.137927 0.103446 0.758627
0.137888 0.344762 0.517351
0.241432 0.172356 0.586211
0.0333305 0.066661 0.900008
0.0689131 0.620494 0.310593
0.275834 0.000102606 0.724063
8.87828e-05 0.448227 0.551684
0.269209 0.730791 0
0.6 0.4 0
0.276463 0.413456 0.310081
0.655105 0.000102083 0.344793
