0.448283 0.137914 0.413803
0.360004 0.639996 0
0.379271 0.000103425 0.620626
0.206866 0.37933 0.413804
0.8 0.2 0
0.275869 0.379293 0.344839
0.866666 0.133334 0
0.379285 0.137922 0.482793
0.6 0.4 0
0.551735 0.0689552 0.37931
0.24138 0.137928 0.620692
0.13793 0.24138 0.62069
0.433338 0.566662 0
0.966669 0.0333309 0
0.13402 0.46907 0.39691
0.413793 0.275862 0.310345
0.233335 0.766665 0
0.0689493 0.655191 0.275859
0.0666674 0.933333 0
0.68966 0.31034 0
0.507901 0.140599 0.3515
0.333334 0.333334 0.333333
0.103458 0.586167 0.310375
0.105585 0.260902 0.633513
0.40909 0.147729 0.443181
0.633334 0.366666 0
0.0689693 0.0344827 0.896548
0.892856 0.107144 0
9.99608e-05 0.233312 0.766589
0.147729 0.40909 0.443181
0.730767 0.269233 0
0.310339 0.172422 0.517239
0.615319 0.000102526 0.384579
0.240003 0.240003 0.519995
9.99714e-05 0.56661 0.43329
0.142857 0.857143 0
0.172411 0.172411 0.655177
0.000103403 0.482709 0.517188
0.464284 0.250001 0.285715
0.000102535 0.17855 0.821348
0.000101494 0.357106 0.642792
0.392862 0.357138 0.25
9.99155e-05 0.73326 0.26664
0.9999 9.98701e-05 0
0.206898 0.0689654 0.724137
0.760001 0.239999 0
0.0333313 0.966669 0
9.99285e-05 0.9999 0
0.260903 0.105584 0.633513
0.000100995 0.629567 0.370332
0.319928 0.000101987 0.67997
0.544502 0.204192 0.251306
0.517238 0.482762 0
0.0356959 0.714304 0.25
0.73326 9.99432e-05 0.26664
0.392857 0.607143 0
0.125007 0.125007 0.749987
8.34117e-05 9.63682e-05 0.99982
0.3 0.7 0
0.714284 0.0357163 0.25
0.257824 0.445301 0.296875
0.482709 0.000103394 0.517188
0.827584 0.172416 0
0.26923 0.73077 0
0.000103363 0.310304 0.689593
0.0340914 0.386364 0.579544
0.34932 0.0685012 0.582179
0.200001 0.799999 0
0.17855 0.00010264 0.821348
0.608573 0.105039 0.286387
0.0688881 0.517777 0.413335
0.333333 0.666667 0
0.214285 0.535715 0.25
0.178569 0.321428 0.500003
0.133321 9.5768e-05 0.866583
0.533338 0.0333303 0.433332
0.571431 0.428569 0
0.0689654 0.206897 0.724137
0.933336 0.066664 0
0.0344811 0.103443 0.862076
0.206895 0.206895 0.586209
0.461538 0.538462 0
0.172409 0.482752 0.344839
0.13637 0.61363 0.25
0.392857 0.214285 0.392858
0.241377 0.482763 0.275859
0.428526 0.000100766 0.571373
0.306378 0.272293 0.421329
0.290524 0.23732 0.472156
0.103442 0.344873 0.551685
0.321427 0.428573 0.25
0.103448 0.103448 0.793104
0.233312 9.99061e-05 0.766589
0.0669931 0.430614 0.502392
9.50813e-05 0.0666505 0.933254
0.432737 0.100105 0.467158
0.249986 0.357155 0.392859
0.655179 0.0344738 0.310347
0.100002 0.899998 0
0.579544 0.170456 0.25
