0.24138 0.137928 0.620692
0.241379 0.482759 0.275862
0.448275 0.103446 0.448279
0.482758 0.24138 0.275862
0.413794 0.24138 0.344826
0.7 0.3 0
0.379311 0.206896 0.413793
0.379309 0.137931 0.48276
0.48276 0.137929 0.379311
0.2 0.8 0
0.39286 0.60714 0
0.0688736 0.655631 0.275496
0.566666 0.433334 0
0.766667 0.233333 0
0.0333311 0.966669 0
0.966667 0.0333333 0
0.172414 0.275862 0.551724
0.266667 0.733333 0
0.27586 0.344829 0.379311
0.933333 0.0666672 0
0.58591 0.103523 0.310567
0.344828 0.275861 0.379311
0.105262 0.298247 0.596491
9.27812e-05 0.0333297 0.966577
0.260898 0.105586 0.633516
0.000103326 0.137917 0.86198
0.103447 0.241377 0.655175
0.409086 0.14773 0.443184
0.000102171 0.749898 0.25
0.107142 0.892858 0
0.0333333 0.0666667 0.9
0.357143 0.642857 0
0.333333 0.333333 0.333334
0.250094 0.392629 0.357277
0.629567 0.000100704 0.370332
0.655174 0.0689638 0.275863
0.857138 0.142862 0
0.0999906 9.99567e-05 0.899909
0.24 0.24 0.519999
0.482759 0.517241 0
0.142808 0.0342875 0.822905
0.0742052 0.185159 0.740636
0.37931 0.310346 0.310344
9.99462e-05 0.9999 0
0.357145 0.392855 0.25
0.204545 0.545455 0.25
0.607143 0.392857 0
0.206875 0.000103334 0.793021
0.9999 9.99679e-05 0
0.714285 0.0357151 0.25
0.103449 0.586206 0.310345
0.233333 0.766667 0
0.482709 0.000103376 0.517188
0.535715 0.214285 0.25
0.730769 0.269231 0
0.380069 0.0344395 0.585492
0.0356397 0.712788 0.251572
0.000103228 0.346118 0.653779
0.344906 0.103436 0.551658
0.444454 0.259244 0.296302
0.0679355 0.388582 0.543482
0.73326 9.98557e-05 0.26664
0.3 0.7 0
9.38288e-05 9.51595e-05 0.999811
0.172414 0.137931 0.689655
0.799998 0.200002 0
0.423077 0.576923 0
0.32143 0.214283 0.464287
0.0333333 0.166666 0.800001
0.000103358 0.517188 0.482709
0.517433 0.0689379 0.413629
0.538461 0.461539 0
0.666666 0.333334 0
0.000103421 0.241358 0.758538
0.214283 0.32143 0.464287
0.299964 9.98443e-05 0.699937
0.067265 0.538117 0.394618
0.17426 0.487927 0.337813
0.0666665 0.933334 0
0.464456 0.17827 0.357274
9.99754e-05 0.433289 0.566611
0.142858 0.428573 0.428569
0.613648 0.136352 0.25
0.166667 0.833333 0
0.136364 0.613636 0.25
0.285712 0.464288 0.25
0.103448 0.103448 0.793104
0.13793 0.344829 0.517242
0.206895 0.0689644 0.72414
0.56661 9.9957e-05 0.43329
0.000103162 0.653779 0.346118
0.0344828 0.275861 0.689656
0.357107 0.000101329 0.642792
0.206897 0.206897 0.586205
0.9 0.1 0
0.430621 0.0669855 0.502393
0.000103412 0.586146 0.413751
0.428572 0.321428 0.25
0.275863 0.17241 0.551727
0.0689655 0.448276 0.482759
