0.6 0.4 0
0.137898 0.482882 0.37922
0.199997 0.800003 0
0.413794 0.310352 0.275854
0.866666 0.133334 0
0.172414 0.344828 0.482759
0.103438 0.448281 0.448281
0.344824 0.206897 0.448279
0.275862 0.379311 0.344827
0.480002 0.519998 0
0.517241 0.172414 0.310345
9.96398e-05 0.166663 0.833238
0.344822 0.0689652 0.586213
0.269235 0.730765 0
0.586146 0.000103425 0.41375
0.033328 0.966672 0
0.966665 0.0333347 0
0.310351 0.275852 0.413797
0.000103356 0.655105 0.344792
0.392857 0.357143 0.25
9.72737e-05 8.41382e-05 0.999819
0.068963 0.379326 0.551711
0.310344 0.689656 0
0.000102434 0.214282 0.785616
9.99551e-05 0.0666924 0.933208
0.407392 0.185189 0.407419
0.000102257 0.749898 0.25
0.892863 0.107137 0
0.107144 0.892856 0
0.137905 0.0689523 0.793142
0.187215 0.299448 0.513336
0.379268 0.000103342 0.620629
0.0343356 0.107307 0.858357
0.311426 0.108725 0.579849
0.273882 0.254146 0.471972
0.000103435 0.517188 0.482709
0.502397 0.0669846 0.430619
0.25 0.5 0.25
0.517188 0.000103216 0.482709
0.9999 9.98479e-05 0
0.448276 0.551724 0
0.551726 0.103444 0.34483
0.333333 0.333327 0.33334
0.103446 0.586209 0.310345
0.103445 0.137929 0.758626
0.148132 0.444506 0.407361
9.9965e-05 0.9999 0
0.285711 0.428566 0.285723
0.517241 0.482759 0
0.607149 0.142851 0.25
0.241353 0.000103157 0.758543
0.123706 0.17524 0.701054
0.034487 0.689656 0.275857
0.639931 0.000100964 0.359968
0.239998 0.760002 0
0.433281 0.0666726 0.500046
0.766676 0.233324 0
0.000103082 0.34613 0.653767
0.214277 0.142851 0.642872
0.689664 0.310336 0
0.137909 0.000103117 0.861988
0.207002 0.413738 0.37926
0.172413 0.827587 0
0.000103434 0.275829 0.724067
0.482765 0.241381 0.275854
0.0681788 0.250206 0.681615
0.275859 0.172409 0.551732
0.379295 0.275869 0.344836
0.000101161 0.607071 0.392828
0.136366 0.613634 0.25
0.571424 0.428576 0
0.066673 0.933327 0
0.933334 0.0666663 0
0.249986 0.21429 0.535724
0.275882 0.0344804 0.689638
0.629631 0.370369 0
0.000100352 0.464242 0.535658
0.712802 0.035619 0.251579
0.137929 0.275871 0.586199
0.535716 0.214283 0.25
0.241379 0.344828 0.413793
0.172414 0.517241 0.310345
0.827584 0.172416 0
0.0669801 0.502396 0.430624
0.345021 0.137907 0.517073
0.000103403 0.41375 0.586146
0.0666557 0.0333276 0.900017
0.62069 0.0689649 0.310345
0.134301 0.39678 0.468919
0.448281 0.206887 0.344831
0.448229 0.000103211 0.551668
0.749898 0.000102057 0.25
0.730771 0.269229 0
0.370371 0.629629 0
0.4 0.6 0
0.172413 0.206896 0.620691
0.206896 0.0689656 0.724138
0.413791 0.137931 0.448279
0.133334 0.866666 0
0.068964 0.310345 0.620691
