0.0970147 0.45997 0.443015
0.122669 0.539496 0.337834
0.0596863 0.0329428 0.907371
0.437275 0.562725 0
0.32396 0.319282 0.356758
0.089085 0.640093 0.270822
0.37978 0.156409 0.46381
0.153656 1.80832e-05 0.846325
0.684479 0.0486581 0.266863
4.22456e-05 0.211207 0.78875
0.232665 0.060245 0.70709
0.562014 5.58676e-05 0.43793
0.236685 0.322902 0.440413
0.494164 0.226222 0.279614
0.665554 7.83261e-05 0.334368
0.0249621 0.975038 0
0.139071 0.860929 0
0.0218069 0.456809 0.521384
0.16994 0.310981 0.519079
0.0323738 0.535709 0.431917
0.404168 0.286272 0.309561
0.310488 3.10425e-05 0.689481
0.932414 0.0675857 0
5.05451e-05 0.252701 0.747248
0.344895 0.0689575 0.586147
0.103486 0.585962 0.310552
0.580381 0.104905 0.314714
0.109467 0.299266 0.591267
6.66354e-05 0.28921 0.710723
0.321706 0.428211 0.250082
0.103091 0.000101504 0.896808
0.174079 0.068954 0.756967
0.1431 0.428627 0.428272
0.107059 0.892941 0
0.668729 0.331271 0
0.607158 0.392842 0
0.357244 0.642756 0
1.31184e-05 0.143587 0.8564
0.343843 0.379633 0.276524
0.85707 0.14293 0
0.239983 0.239937 0.52008
0.000103436 0.517129 0.482768
0.312408 0.137871 0.549721
0.999901 9.93961e-05 0
9.71489e-05 5.90781e-05 0.999844
0.0633518 0.472838 0.46381
0.333357 0.333285 0.333358
0.482932 9.86048e-05 0.51697
0.482797 0.517203 0
9.13538e-05 0.999909 0
0.29963 0.70037 0
0.630237 1.10944e-05 0.369752
0.124742 0.168168 0.70709
0.363017 0.247125 0.389858
0.233286 0.766714 0
0.266344 0.733656 0
0.204449 0.545307 0.250244
0.0356384 0.712621 0.251741
0.714191 0.0357337 0.250076
0.730856 0.269144 0
0.0683644 0.544342 0.387294
0.233333 9.9756e-05 0.766567
9.5875e-05 0.345656 0.654248
0.535571 0.21418 0.250249
0.1605 0.248234 0.591267
0.308937 0.213953 0.47711
0.732048 7.31818e-05 0.267879
0.0684872 0.388744 0.542769
0.795355 0.204645 0
0.249033 0.391947 0.35902
0.166867 0.833133 0
0.421479 0.578521 0
0.42902 0.142908 0.428072
0.536346 0.463654 0
0.536277 0.0333949 0.430328
0.216315 0.139322 0.644363
6.09352e-05 0.74752 0.252419
0.452814 0.297029 0.250157
0.17262 0.34354 0.48384
0.47532 0.174803 0.349878
0.0677727 0.139778 0.79245
0.414881 0.0335197 0.551599
0.171603 0.486937 0.341461
0.0344198 0.0687057 0.896874
0.0680574 0.931943 0
0.136546 0.0341173 0.829337
0.066583 0.199436 0.733981
0.129057 0.619202 0.251741
7.90606e-05 0.395265 0.604656
0.267606 0.0679115 0.664482
0.273924 0.277723 0.448353
0.452272 0.0649607 0.482768
0.0641816 0.280647 0.655172
0.381009 8.07703e-06 0.618983
0.250204 0.463886 0.28591
0.606381 0.134802 0.258818
0.563261 0.436739 0
7.03025e-05 0.653696 0.346234
0.905232 0.0947676 0
0.384456 0.0954639 0.52008
