0.379422 0.13783 0.482748
0.333493 9.04252e-05 0.666416
0.600007 0.399993 0
0.199989 0.800011 0
0.413629 0.310492 0.275878
0.276276 0.378902 0.344822
0.866667 0.133333 0
0.135762 0.345093 0.519145
0.379139 0.276039 0.344822
0.518122 0.171659 0.310219
0.480004 0.519996 0
8.84861e-05 0.413494 0.586417
0.299251 0.0668022 0.633947
9.98697e-05 0.166673 0.833227
0.26923 0.73077 0
0.583977 8.7801e-05 0.415935
0.171959 0.379202 0.448839
0.966671 0.0333291 0
0.0333301 0.96667 0
0.481384 0.137735 0.380881
0.000102367 0.655036 0.344862
0.392769 0.357231 0.25
0.107139 0.892861 0
0.0689642 0.379359 0.551677
0.448274 0.551726 0
0.50372 0.0666231 0.429657
0.607156 0.142844 0.25
0.0666675 0.0333046 0.900028
0.000101093 0.214267 0.785632
0.000101792 0.749898 0.25
0.379178 0.000102812 0.620719
0.407627 0.184901 0.407472
0.892857 0.107143 0
0.933336 0.0666636 0
0.629638 0.370362 0
0.187819 0.299241 0.51294
0.034334 0.107296 0.85837
0.172282 0.483085 0.344633
0.370369 0.629631 0
0.311029 0.108805 0.580166
9.6602e-05 9.68343e-05 0.999807
0.147505 0.446927 0.405567
0.13795 0.0689749 0.793075
0.517188 0.000102995 0.482709
0.000103305 0.517188 0.482709
0.272452 0.256601 0.470947
0.133341 0.866659 0
0.214047 0.142702 0.643252
0.137905 0.000103179 0.861992
0.712703 0.0356307 0.251667
0.103414 0.137891 0.758695
0.517222 0.482778 0
0.333335 0.333334 0.33333
0.9999 9.99029e-05 0
0.640027 9.6228e-05 0.359877
0.749898 0.000102187 0.25
0.123918 0.175215 0.700866
0.000103091 0.346146 0.653751
0.0344697 0.689763 0.275767
0.766745 0.233255 0
9.65958e-05 0.607093 0.392811
0.241355 0.000102654 0.758542
0.25 0.5 0.25
0.551879 0.103299 0.344822
0.689645 0.310355 0
0.172426 0.827574 0
0.400152 0.599848 0
0.137636 0.27763 0.584734
0.433025 0.0666407 0.500334
0.239994 0.760006 0
0.241757 0.345047 0.413196
0.827586 0.172414 0
0.310311 0.689689 0
0.0688225 0.248658 0.682519
0.136316 0.613684 0.25
0.57142 0.42858 0
3.72358e-05 0.0666625 0.9333
0.0666668 0.933333 0
0.249796 0.214316 0.535888
0.103852 0.584768 0.31138
0.275905 0.0344877 0.689607
7.09755e-05 0.464497 0.535432
0.448411 0.206713 0.344875
0.285686 0.428499 0.285815
0.0669925 0.502439 0.430569
0.212974 0.410682 0.376344
0.172403 0.551786 0.275811
0.482882 0.241442 0.275676
0.535742 0.214258 0.25
0.357199 0.178474 0.464327
9.96149e-05 0.9999 0
0.620774 0.068895 0.310331
0.000100904 0.275831 0.724068
0.344907 0.27496 0.380134
0.410642 0.0342782 0.55508
0.730688 0.269312 0
0.172283 0.206909 0.620808
0.0998918 0.400184 0.499924
0.206323 0.0687065 0.724971
0.0689454 0.310254 0.620801
