0.379311 0.27586 0.344828
0.24138 0.310342 0.448278
0.275863 0.103446 0.620692
0.8 0.2 0
0.310345 0.310345 0.37931
0.866666 0.133334 0
0.133333 0.866667 0
0.13793 0.482759 0.379311
0.392859 0.607141 0
0.000103425 0.413751 0.586146
9.9455e-05 0.16665 0.833251
0.0689644 0.62069 0.310345
0.448276 0.241379 0.310345
0.730768 0.269232 0
0.344828 0.0689631 0.586209
0.000103422 0.586145 0.413752
0.966667 0.0333332 0
0.413793 0.137931 0.448276
0.214284 0.142856 0.642861
0.409938 0.0683247 0.521737
0.068965 0.379312 0.551723
0.000102418 0.214264 0.785634
0.137931 0.275862 0.586207
0.148148 0.444444 0.407407
0.241379 0.37931 0.379311
0.444444 0.148148 0.407407
0.172412 0.103447 0.724142
0.749898 0.000102238 0.25
0.00010101 0.639936 0.359963
0.357143 0.642857 0
0.892856 0.107144 0
0.0356394 0.712788 0.251573
0.187169 0.299464 0.513367
0.379271 0.000103412 0.620626
0.629628 0.370372 0
0.172414 0.517241 0.310345
0.311922 0.108798 0.57928
9.84943e-05 9.80561e-05 0.999803
0.9999 9.9736e-05 0
0.517187 0.000103425 0.48271
0.519999 0.480001 0
9.99199e-05 0.9999 0
0.137937 0.586203 0.27586
0.000103153 0.346116 0.65378
0.333332 0.333332 0.333337
0.0679594 0.54369 0.388351
0.482759 0.517241 0
0.137935 0.0344828 0.827582
0.0689653 0.310345 0.62069
0.233332 0.766668 0
0.413797 0.310343 0.27586
0.123839 0.175232 0.700929
0.321429 0.214286 0.464286
0.760001 0.239999 0
0.0343365 0.107292 0.858371
0.689655 0.0344831 0.275862
0.275867 0.0344825 0.68965
0.241354 0.000103352 0.758543
0.25 0.5 0.25
0.482759 0.13793 0.379311
0.5 0.25 0.25
0.551725 0.448275 0
0.607082 0.000101144 0.392817
0.000102258 0.749898 0.25
0.827585 0.172415 0
0.689656 0.310344 0
0.172415 0.827585 0
0.423077 0.576923 0
0.0681087 0.250804 0.681087
0.300002 0.699998 0
0.58618 0.103455 0.310365
0.613633 0.136367 0.25
0.000103436 0.517187 0.48271
0.103448 0.13793 0.758622
0.401215 0.234044 0.364741
0.933335 0.0666655 0
0.100243 0.431958 0.467799
0.0666673 0.933333 0
0.0999905 9.2612e-05 0.899917
0.24138 0.206897 0.551723
0.0333342 0.966666 0
9.07429e-05 0.0666566 0.933253
0.102272 0.647728 0.25
0.107143 0.892857 0
0.000100399 0.46424 0.53566
0.517241 0.172414 0.310345
0.357144 0.392856 0.25
0.172414 0.344828 0.482758
0.502393 0.0669854 0.430622
0.0001034 0.275833 0.724064
0.285715 0.285716 0.42857
0.345051 0.137884 0.517065
0.44823 0.000103423 0.551667
0.19998 9.77703e-05 0.799922
0.6 0.4 0
0.27586 0.413798 0.310342
0.206894 0.448277 0.344828
0.172414 0.206894 0.620692
0.655105 0.000103421 0.344792
0.266669 0.733331 0
