0.137292 0.483804 0.378904
0.399919 0.600081 0
0.799999 0.200001 0
0.172403 0.275843 0.551754
0.484651 0.137483 0.377866
0.133376 0.866624 0
0.866665 0.133335 0
0.206609 0.344177 0.449213
0.519996 0.480004 0
0.413687 7.97391e-05 0.586233
0.172406 0.517249 0.310346
0.73077 0.26923 0
0.379291 0.275866 0.344842
0.0689538 0.344824 0.586223
0.379225 0.172351 0.448424
0.966666 0.0333335 0
0.0333335 0.966667 0
0.655105 0.000103429 0.344792
0.275799 0.413836 0.310364
0.551725 0.448275 0
0.35714 0.39286 0.25
0.380244 0.0688367 0.55092
0.166638 5.87286e-05 0.833303
0.000102173 0.379169 0.620729
0.214208 9.10468e-05 0.785701
0.254093 0.27408 0.471827
0.599997 0.400003 0
0.444459 0.148156 0.407385
0.107141 0.892859 0
0.892857 0.107143 0
0.299406 0.187073 0.513521
0.107598 0.034337 0.858065
0.629626 0.370374 0
0.749898 0.000102103 0.25
0.108871 0.310815 0.580314
0.0356414 0.712786 0.251573
0.000103415 0.517188 0.482709
0.517188 0.000103434 0.482709
0.760012 0.239988 0
0.9999 9.97826e-05 0
0.0686441 0.137659 0.793697
0.233322 0.766678 0
0.0666681 0.933332 0
9.99687e-05 0.9999 0
0.185151 0.407362 0.407487
9.6801e-05 6.98078e-05 0.999833
0.502372 0.0669598 0.430669
0.482757 0.517243 0
0.5 0.25 0.25
9.99152e-05 0.639951 0.359949
0.137208 0.102944 0.759848
0.333336 0.333342 0.333322
0.175272 0.123749 0.700979
0.142887 0.607113 0.25
0.689663 0.0344803 0.275857
0.370353 0.629647 0
0.241387 0.482756 0.275857
0.000102404 0.241451 0.758447
0.346339 0.000100791 0.65356
0.275788 0.000102354 0.72411
0.103379 0.55177 0.344851
0.142794 0.214262 0.642944
0.310341 0.689659 0
0.607085 0.00010113 0.392814
0.82758 0.17242 0
0.344871 0.137917 0.517212
0.689655 0.310345 0
0.00010223 0.749898 0.25
0.0668843 0.431552 0.501563
0.275858 0.13792 0.586223
0.172423 0.827577 0
0.137879 0.34501 0.517111
0.249064 0.0683026 0.682633
0.206889 0.448332 0.344779
0.586146 0.103463 0.31039
0.413365 0.207731 0.378904
0.207042 0.172515 0.620443
0.613639 0.136361 0.25
0.428535 0.571465 0
0.0666711 9.99421e-05 0.933229
0.933334 0.0666659 0
0.214207 0.249727 0.536066
0.000103263 0.138089 0.861808
0.0344427 0.276103 0.689454
0.464297 7.24744e-05 0.53563
0.275897 0.344836 0.379267
0.0669411 0.5024 0.430659
0.214029 0.53589 0.250081
9.61945e-05 0.586146 0.413758
0.344886 0.241356 0.413758
0.517115 0.172376 0.310509
0.428709 0.285787 0.285504
0.0333186 0.0665921 0.900089
0.0689463 0.620693 0.31036
0.000102702 0.448228 0.551669
0.398067 0.10037 0.501563
0.269276 0.730724 0
0.0688133 0.206439 0.724748
0.310767 0.0683255 0.620908
0.13787 0.413622 0.448508
