9.017e-06 0.0333315 0.966659
0.241382 0.137924 0.620694
0.241379 0.482759 0.275862
0.379321 0.310331 0.310348
0.448284 0.103427 0.448289
0.699998 0.300002 0
0.379312 0.206893 0.413795
0.379306 0.137932 0.482761
0.199999 0.800001 0
0.392857 0.607143 0
0.0689335 0.655332 0.275734
0.566662 0.433338 0
0.766668 0.233332 0
0.482759 0.241379 0.275862
0.0333347 0.966665 0
0.413788 0.241375 0.344837
0.966667 0.0333329 0
0.266669 0.733331 0
0.172399 0.275867 0.551734
0.275855 0.310344 0.413802
0.655168 0.0689664 0.275866
0.0672641 0.538113 0.394622
0.933331 0.0666688 0
0.586055 0.103487 0.310459
0.105172 0.29886 0.595967
0.380078 0.0344398 0.585482
0.357142 0.392858 0.25
0.0679065 0.388849 0.543244
0.000103358 0.137937 0.86196
0.0999954 9.9635e-05 0.899905
0.107145 0.892855 0
0.172413 0.137932 0.689656
0.607144 0.392856 0
0.629562 0.000100995 0.370337
0.857132 0.142868 0
0.285715 0.464285 0.25
0.142443 0.034304 0.823253
0.24 0.24 0.52
0.0356366 0.71279 0.251574
0.103449 0.586202 0.310348
9.89727e-05 9.4511e-05 0.999807
0.299968 9.98797e-05 0.699932
0.482709 0.000103407 0.517188
0.0666647 0.933335 0
0.233331 0.766669 0
0.535715 0.214285 0.25
0.142865 0.428566 0.428569
9.99418e-05 0.9999 0
0.714293 0.0357073 0.25
0.482758 0.517242 0
0.000103226 0.653775 0.346121
0.730772 0.269228 0
0.357144 0.642856 0
0.00010314 0.34613 0.653767
0.9999 9.97945e-05 0
0.261092 0.105563 0.633345
0.204541 0.545459 0.25
0.409108 0.147725 0.443166
0.137931 0.344828 0.517241
0.733269 9.99028e-05 0.266631
0.8 0.2 0
0.166667 0.833333 0
0.566599 9.9987e-05 0.433301
0.423076 0.576924 0
0.517667 0.068904 0.413429
0.321428 0.21428 0.464292
0.206877 0.000103326 0.79302
0.48276 0.137929 0.379311
0.53846 0.46154 0
0.299999 0.700001 0
0.033333 0.166665 0.800002
0.666667 0.333333 0
0.174255 0.487937 0.337808
0.000103279 0.241358 0.758539
0.275864 0.172407 0.551728
0.000102215 0.749898 0.25
0.214274 0.321434 0.464292
0.13634 0.61366 0.25
0.206898 0.206898 0.586205
0.103447 0.241376 0.655177
0.0333334 0.0666669 0.9
0.333333 0.333333 0.333334
0.344859 0.103443 0.551698
0.0740781 0.185192 0.74073
0.464428 0.17832 0.357252
9.98958e-05 0.433289 0.566611
0.444753 0.258746 0.296501
0.613637 0.136363 0.25
0.344824 0.275863 0.379312
0.103448 0.103448 0.793104
0.206889 0.0689622 0.724149
0.428571 0.321429 0.25
0.250036 0.392718 0.357246
0.0344827 0.275862 0.689656
0.357104 0.000101425 0.642794
0.000103327 0.517188 0.482709
0.899994 0.100006 0
0.000103371 0.586146 0.41375
0.430624 0.066982 0.502394
0.0689642 0.448277 0.482759
