0.799999 0.200001 0
0.2 0.8 0
0.27586 0.172412 0.551728
0.517242 0.103447 0.379311
0.206897 0.37931 0.413794
0.448276 0.24138 0.310345
0.172415 0.103447 0.724138
0.866667 0.133333 0
0.133334 0.866666 0
0.519997 0.480003 0
0.275862 0.413793 0.310345
0.26923 0.73077 0
0.730769 0.269231 0
0.137931 0.448276 0.413793
0.033334 0.966666 0
0.966667 0.0333331 0
0.655105 0.000103387 0.344792
0.430995 0.100413 0.468592
0.166666 0.0333329 0.800001
0.0344805 0.379351 0.586168
0.103448 0.551724 0.344827
0.240001 0.759999 0
9.98288e-05 0.0999908 0.899909
0.310345 0.103448 0.586207
0.749898 0.000102198 0.25
0.366666 0.633334 0
0.428571 0.571429 0
0.107142 0.892858 0
0.392817 0.000100906 0.607082
0.586207 0.103448 0.310345
0.892856 0.107144 0
0.000103403 0.482709 0.517188
0.000102549 0.615324 0.384574
0.0342808 0.142981 0.822738
0.62963 0.37037 0
0.24 0.24 0.52
0.444443 0.148148 0.407409
0.760001 0.239999 0
0.333334 0.333334 0.333333
0.517185 0.000103387 0.482712
0.34612 0.000103035 0.653777
0.482759 0.517241 0
0.105575 0.260975 0.63345
0.137918 0.000103433 0.861978
9.95936e-05 9.44302e-05 0.999806
0.0357147 0.714285 0.25
9.99381e-05 0.9999 0
0.689653 0.0344856 0.275861
0.24138 0.482758 0.275862
0.20419 0.544502 0.251308
0.9999 9.99697e-05 0
0.00010336 0.551666 0.44823
9.99661e-05 0.299968 0.699932
0.321427 0.214285 0.464288
0.607081 0.00010107 0.392818
0.551727 0.172411 0.275863
0.4 0.6 0
0.425225 0.0338102 0.540965
9.97118e-05 0.73326 0.266641
0.379302 0.241383 0.379316
0.137932 0.172415 0.689653
0.066666 0.0333326 0.900001
0.172414 0.827586 0
0.827584 0.172416 0
0.689656 0.310344 0
0.206897 0.448276 0.344827
0.185184 0.074082 0.740734
0.310344 0.689656 0
0.310345 0.310345 0.37931
0.499985 0.0666688 0.433346
0.178569 0.321436 0.499995
0.551723 0.448277 0
0.241358 0.000103377 0.758539
0.407563 0.296029 0.296409
0.5 0.25 0.25
0.136364 0.613636 0.25
0.241381 0.137931 0.620688
0.933334 0.066666 0
0.147725 0.40909 0.443185
0.0666669 0.933333 0
0.0689655 0.517241 0.413793
0.275862 0.275862 0.448276
0.482759 0.172414 0.344827
0.000103357 0.206875 0.793021
0.249999 0.357144 0.392857
0.613635 0.136365 0.25
0.206897 0.206897 0.586207
0.344895 0.137917 0.517188
0.0344802 0.655173 0.310347
0.275862 0.0344821 0.689656
0.31579 0.43421 0.25
0.103441 0.344871 0.551687
0.103448 0.103448 0.793104
0.392857 0.357143 0.25
0.0689653 0.206897 0.724138
0.172413 0.517242 0.310345
0.000101466 0.357108 0.64279
0.6 0.4 0
0.137931 0.241379 0.62069
0.0669866 0.430621 0.502392
