0.367089 0.269295 0.363616
0.268745 0.339464 0.391791
0.483742 0.0187429 0.497515
0.206537 0.0137321 0.779731
0.0629953 0.39206 0.544945
0.200431 0.135001 0.664569
0.373413 0.0813496 0.545237
0.0654458 0.0664652 0.868089
0.0967532 0.165652 0.737595
0.0327649 0.600174 0.367061
0.315712 0.315242 0.369046
0.642992 0.357008 0
0.162958 0.203685 0.633357
0.0333025 0.503548 0.463149
0.0994514 0.529939 0.37061
0.030572 0.237008 0.73242
0.415635 0.205265 0.3791
0.0259036 0.135227 0.83887
0.485135 0.0665719 0.448293
0.448165 0.551835 0
0.240418 0.384486 0.375096
2.56215e-05 0.74987 0.250105
0.30215 0.104677 0.593173
0.453841 0.295823 0.250336
6.23153e-05 0.654458 0.34548
0.241698 0.138213 0.62009
0.429248 0.14309 0.427662
0.933277 0.0667227 0
0.148012 0.444157 0.407831
0.370342 0.629658 0
0.0712509 0.0712846 0.857465
0.10088 0.383718 0.515402
0.892537 0.107463 0
0.178505 8.01932e-05 0.821415
7.7268e-05 0.517285 0.482637
0.396024 0.603976 0
0.240247 0.239889 0.519863
0.517022 0.000102445 0.482875
9.97035e-05 0.221713 0.778188
0.217986 2.13483e-05 0.781992
4.6591e-05 0.439712 0.560242
0.577922 0.422087 1.63644e-06
0.331784 0.668216 0
0.0349249 0.701706 0.263369
0.654318 9.86995e-05 0.345583
2.36981e-05 9.27876e-05 0.999884
0.103641 0.245024 0.651335
9.9969e-05 0.9999 0
0.999902 9.79244e-05 0
0.628858 0.371142 0
0.508667 0.240288 0.251045
0.626677 6.13729e-05 0.373262
0.517242 0.482758 0
3.38819e-05 0.319767 0.680199
0.106294 0.893706 0
0.391324 0.250307 0.358369
0.347162 0.000101781 0.652737
0.168632 0.124743 0.706626
0.333303 0.333323 0.333374
0.239849 0.760151 0
0.0689506 0.349193 0.581856
0.0670309 0.932969 0
0.766738 0.233262 0
0.712718 0.0356988 0.251583
0.0932987 1.77133e-05 0.906684
0.249158 0.500822 0.25002
0.273161 0.423862 0.302978
0.54747 0.192936 0.259593
0.526269 0.10215 0.371581
0.702466 0.297534 0
0.174401 0.825599 0
0.214642 0.316265 0.469093
0.31018 0.68982 0
7.23221e-05 0.100425 0.899503
0.410564 0.0689581 0.520478
0.251181 0.0660286 0.68279
0.824172 0.175828 0
0.323184 0.212907 0.463909
0.74914 5.83988e-05 0.250802
0.137724 0.103318 0.758958
0.128703 0.620495 0.250802
0.108289 0.577032 0.314679
0.204429 0.210998 0.584574
0.646271 0.102146 0.251583
0.0320696 0.557707 0.410223
0.394596 0.353219 0.252185
0.515745 0.172377 0.311877
0.442026 4.32894e-05 0.55793
0.0689195 0.171672 0.759408
0.313267 0.162608 0.524125
0.169636 0.501696 0.328668
0.136684 0.414773 0.448542
0.0978087 0.555798 0.346393
0.132314 0.312812 0.554874
0.282321 0.282525 0.435154
0.03301 0.96699 0
0.0330453 0.0330794 0.933875
0.0983548 0.0990326 0.802613
0.966255 0.033745 0
3.99874e-05 0.377389 0.622571
