0.275695 0.379513 0.344792
0.310345 0.310345 0.37931
0.137931 0.482759 0.37931
0.866665 0.133335 0
0.133334 0.866666 0
0.480003 0.519997 0
0.413732 0.000102883 0.586165
0.16665 9.87903e-05 0.833251
0.0689766 0.344594 0.586429
0.620701 0.0689604 0.310338
0.241435 0.448247 0.310317
0.269232 0.730768 0
0.137931 0.413792 0.448277
0.586148 0.000103226 0.413749
0.0333324 0.966668 0
0.966667 0.0333333 0
0.392858 0.357142 0.25
0.0344787 0.138028 0.827493
0.379538 0.0689114 0.551551
0.9999 9.99886e-05 0
0.444468 0.148129 0.407403
0.148149 0.444447 0.407404
0.108648 0.311974 0.579378
0.892857 0.107143 0
0.103474 0.586082 0.310444
0.639956 0.000100908 0.359943
0.107143 0.892857 0
0.642852 0.357148 0
0.299429 0.18717 0.513401
0.000100682 0.379283 0.620617
0.370375 0.629625 0
0.517188 0.000103431 0.482709
9.99561e-05 0.9999 0
0.733324 0.266676 0
0.000102084 0.749898 0.25
0.448297 0.206912 0.344792
8.89602e-05 0.199979 0.799932
0.250006 0.499994 0.25
0.000103407 0.517188 0.482709
0.500003 0.249997 0.25
0.333334 0.333334 0.333332
0.275805 0.000103156 0.724092
9.92479e-05 9.93166e-05 0.999801
0.31035 0.0689661 0.620684
0.107306 0.0343344 0.85836
0.0683281 0.409979 0.521693
0.51724 0.48276 0
0.431949 0.100243 0.467808
0.346116 0.000103208 0.653781
0.586206 0.137933 0.275862
0.413805 0.275857 0.310338
0.17525 0.123751 0.700999
0.239999 0.760001 0
0.482925 0.137765 0.379311
0.0344833 0.689654 0.275862
0.214286 0.321429 0.464285
0.214264 0.000102437 0.785634
0.17241 0.51723 0.31036
0.000103433 0.241355 0.758542
0.448282 0.551718 0
0.000101077 0.607083 0.392816
0.749898 0.000102127 0.25
0.137206 0.348234 0.51456
0.172413 0.827587 0
0.310345 0.689655 0
0.766668 0.233332 0
0.827577 0.172423 0
0.576922 0.423078 0
0.71278 0.035639 0.251581
0.250847 0.0681168 0.681037
9.96061e-05 0.0999897 0.899911
0.607139 0.392861 0
0.379314 0.241375 0.379311
0.699995 0.300005 0
0.199998 0.800002 0
0.543691 0.0679597 0.38835
0.136379 0.613621 0.25
0.310346 0.241377 0.448277
0.234057 0.401225 0.364718
0.933333 0.0666665 0
0.0666656 0.933334 0
0.0344697 0.275885 0.689645
0.000103308 0.448231 0.551666
0.206908 0.241387 0.551705
0.0666585 7.99263e-05 0.933262
0.137929 0.103446 0.758625
0.647712 0.102288 0.25
0.464261 0.000100349 0.535639
0.000102965 0.655105 0.344792
0.275869 0.137936 0.586195
0.103437 0.275763 0.6208
0.310341 0.4138 0.275859
0.517282 0.172396 0.310323
0.344836 0.172422 0.482742
0.103443 0.172417 0.72414
0.06698 0.502374 0.430646
0.285716 0.285715 0.42857
0.4 0.6 0
0.142826 0.214239 0.642936
0.206895 0.172413 0.620692
