0.482771 0.13791 0.379319
0.600001 0.399999 0
0.199997 0.800003 0
0.866664 0.133336 0
0.133338 0.866662 0
0.344829 0.206894 0.448277
0.275851 0.379317 0.344833
0.480001 0.519999 0
0.000103426 0.413753 0.586143
9.88419e-05 0.166653 0.833248
0.344815 0.0689668 0.586218
0.586117 0.000103143 0.41378
0.96667 0.0333298 0
0.0333331 0.966667 0
0.0689653 0.310344 0.620691
0.000103329 0.655105 0.344792
0.273956 0.254123 0.471921
0.392852 0.357148 0.25
0.24138 0.344824 0.413796
0.607137 0.142863 0.25
0.000101986 0.21423 0.785668
0.892855 0.107145 0
0.370374 0.629626 0
0.407391 0.185188 0.407421
0.639947 0.000101018 0.359952
0.433189 0.0666839 0.500127
0.448276 0.551724 0
0.034335 0.107305 0.85836
9.98048e-05 0.9999 0
9.02633e-05 9.60664e-05 0.999814
0.137891 0.000103012 0.862006
0.62963 0.37037 0
0.000103437 0.517188 0.482709
0.137929 0.48276 0.379311
0.51724 0.48276 0
0.103448 0.448275 0.448276
0.066667 0.933333 0
0.333329 0.333335 0.333336
0.172409 0.103444 0.724147
0.123696 0.175292 0.701012
0.0689635 0.379329 0.551708
0.517188 0.000103439 0.482709
0.239997 0.760003 0
0.187356 0.299404 0.513239
0.103465 0.586186 0.310349
0.517241 0.172414 0.310345
0.214263 0.142842 0.642895
0.034482 0.689657 0.275861
0.379267 0.000103379 0.62063
0.172413 0.344826 0.482761
0.148147 0.444451 0.407403
0.241355 0.000103355 0.758542
0.0666708 0.0333353 0.899994
0.000102233 0.749898 0.25
0.712782 0.0356505 0.251568
0.000103169 0.346147 0.65375
0.137929 0.0689643 0.793106
0.933337 0.0666635 0
0.9999 9.99533e-05 0
0.413793 0.137931 0.448276
0.571428 0.428572 0
0.551544 0.10349 0.344967
0.689659 0.310341 0
0.000101134 0.607037 0.392862
0.172415 0.827585 0
0.27585 0.172401 0.55175
0.31034 0.68966 0
0.749898 0.000102247 0.25
0.0681049 0.250986 0.680909
0.82758 0.17242 0
0.207666 0.413391 0.378943
0.067003 0.50239 0.430607
0.766667 0.233333 0
0.730769 0.269231 0
0.136364 0.613636 0.25
0.48276 0.241379 0.275861
9.96902e-05 0.0667125 0.933188
0.311443 0.108719 0.579838
0.000103341 0.275831 0.724065
0.25001 0.214253 0.535737
0.27591 0.0344713 0.689619
0.000100225 0.464244 0.535655
0.502404 0.0669885 0.430607
0.44823 0.000103296 0.551667
0.137931 0.275862 0.586207
0.107141 0.892859 0
0.448276 0.206896 0.344828
0.25 0.5 0.25
0.535722 0.214276 0.250002
0.285718 0.428577 0.285704
0.26923 0.73077 0
0.172414 0.517241 0.310345
0.344825 0.275868 0.379307
0.103431 0.137921 0.758648
0.345478 0.137797 0.516725
0.620695 0.0689569 0.310348
0.134027 0.396903 0.46907
0.4 0.6 0
0.172404 0.206901 0.620695
0.413794 0.275861 0.310345
