0.241379 0.310345 0.448276
0.275862 0.103448 0.62069
0.799996 0.200004 0
0.310349 0.379307 0.310344
0.310345 0.310344 0.379311
0.482755 0.137932 0.379313
0.133336 0.866664 0
0.866667 0.133333 0
0.137922 0.482764 0.379314
0.448286 0.206878 0.344836
0.519999 0.480001 0
9.99649e-05 0.166649 0.833251
0.0689646 0.62069 0.310345
0.730767 0.269233 0
0.34483 0.0689584 0.586212
0.000103365 0.586135 0.413761
0.966668 0.0333318 0
0.413793 0.137931 0.448276
0.266669 0.733331 0
0.214277 0.142852 0.642871
0.392861 0.357139 0.25
0.0689377 0.379554 0.551509
0.172417 0.827583 0
0.392868 0.607132 0
0.000102427 0.214269 0.785628
0.137934 0.586205 0.275861
0.0333329 0.966667 0
0.123713 0.175249 0.701038
0.148147 0.444441 0.407412
0.000103391 0.413749 0.586148
0.17241 0.10344 0.72415
0.444441 0.148147 0.407412
0.749898 0.000102221 0.25
0.517188 0.000103405 0.482709
0.517241 0.172414 0.310345
0.187236 0.299442 0.513322
0.379271 0.000103437 0.620625
0.62963 0.37037 0
0.241381 0.379307 0.379313
0.311844 0.109018 0.579138
9.99642e-05 0.9999 0
0.5 0.25 0.25
0.892858 0.107142 0
0.82758 0.17242 0
0.333334 0.333332 0.333333
0.285713 0.285712 0.428575
0.357148 0.642852 0
0.689649 0.0344907 0.27586
0.9999 9.99316e-05 0
0.137916 0.000103247 0.861981
0.000100913 0.639937 0.359962
0.613633 0.136367 0.25
0.76 0.24 0
0.586138 0.103465 0.310396
0.107142 0.892858 0
0.000103431 0.517188 0.482709
0.655105 0.000103415 0.344792
0.0356369 0.712789 0.251574
0.321426 0.214284 0.464289
0.482759 0.517241 0
9.38131e-05 9.47132e-05 0.999811
0.423075 0.576925 0
0.241355 0.000103383 0.758542
0.172407 0.206898 0.620695
0.00010321 0.34612 0.653777
0.275865 0.0344789 0.689657
0.25 0.5 0.25
0.551725 0.448275 0
0.502394 0.0669907 0.430615
0.233333 0.766667 0
0.607082 0.000101153 0.392817
0.000102206 0.749898 0.25
0.0681023 0.250879 0.681019
0.689655 0.310345 0
0.6 0.4 0
0.137924 0.0689622 0.793113
0.100208 0.432095 0.467697
0.300001 0.699999 0
0.103446 0.137928 0.758626
0.409951 0.0683248 0.521724
0.102269 0.647731 0.25
0.0679644 0.543692 0.388343
0.0343347 0.107295 0.85837
0.401215 0.23404 0.364745
6.07503e-05 0.0666624 0.933277
0.933333 0.0666674 0
0.0666646 0.933335 0
0.241378 0.206899 0.551723
0.000100353 0.464233 0.535667
0.137931 0.275866 0.586203
0.285712 0.428582 0.285707
0.172414 0.517241 0.310345
0.172414 0.344827 0.482759
0.066664 0.033332 0.900004
0.000103413 0.275834 0.724063
0.448283 0.275858 0.27586
0.34508 0.137877 0.517043
0.448231 0.000103403 0.551665
0.206897 0.448274 0.344829
0.068965 0.310345 0.62069
