0.4 0.6 0
0.799998 0.200002 0
0.172386 0.275871 0.551743
0.484602 0.137434 0.377964
0.866659 0.133341 0
0.133345 0.866655 0
0.448275 0.103445 0.44828
0.379314 0.275859 0.344827
0.166647 7.64098e-05 0.833277
0.0689573 0.344832 0.586211
0.73076 0.26924 0
0.206891 0.344827 0.448282
0.966668 0.033332 0
0.0333328 0.966667 0
0.655104 0.000103349 0.344792
0.254166 0.273827 0.472006
0.000103221 0.137881 0.862016
0.3793 0.0689908 0.551709
0.76 0.24 0
0.142822 0.607178 0.25
0.214263 0.00010245 0.785635
0.44473 0.148072 0.407198
0.0689599 0.13792 0.79312
0.749898 0.000101976 0.25
0.000100965 0.639927 0.359972
0.333331 0.333337 0.333331
0.35714 0.39286 0.25
0.370369 0.629631 0
0.827581 0.172419 0
0.299424 0.187284 0.513292
0.137931 0.103437 0.758631
0.185166 0.407395 0.407438
0.000103308 0.241357 0.75854
0.344829 0.172412 0.482759
0.107134 0.892866 0
0.107329 0.0343354 0.858336
0.0666734 0.933327 0
0.108671 0.311766 0.579563
0.310344 0.0689654 0.62069
0.0667208 0.432872 0.500408
0.517188 0.000103393 0.482709
0.34611 0.000103195 0.653787
0.9999 9.97869e-05 0
0.586166 0.103459 0.310375
0.17525 0.12374 0.70101
0.000103367 0.517188 0.482709
0.42856 0.57144 0
9.91268e-05 8.03793e-05 0.99982
0.519975 0.480025 0
0.0356307 0.712792 0.251577
0.482758 0.517242 0
0.24138 0.48276 0.27586
0.629628 0.370372 0
0.103444 0.17241 0.724147
0.892856 0.107144 0
0.0689621 0.620692 0.310346
0.233328 0.766672 0
0.206895 0.448278 0.344828
0.689641 0.0345027 0.275856
0.214281 0.535719 0.25
0.551728 0.448272 0
0.502402 0.0669748 0.430624
0.172416 0.517237 0.310348
0.000103164 0.379266 0.620631
9.98617e-05 0.9999 0
0.607091 0.000101092 0.392808
0.500002 0.249998 0.25
0.103468 0.551635 0.344897
0.310337 0.689663 0
0.689655 0.310345 0
0.00010204 0.749898 0.25
0.066967 0.502409 0.430624
0.172425 0.827575 0
0.250881 0.0681024 0.681016
0.413763 0.206954 0.379283
0.613636 0.136364 0.25
0.142859 0.214288 0.642853
0.0666579 9.04367e-05 0.933252
0.933333 0.0666672 0
0.214272 0.249995 0.535733
0.0344821 0.275887 0.689631
0.464257 0.000100424 0.535643
0.275894 0.137939 0.586167
0.344832 0.241369 0.413799
0.428568 0.285707 0.285725
0.517239 0.172415 0.310346
0.000103398 0.586146 0.41375
0.275862 0.413793 0.310345
0.275855 0.34484 0.379305
0.137881 0.345066 0.517053
0.0333285 0.066657 0.900014
0.413752 0.000102984 0.586145
0.275751 0.000102472 0.724147
0.137928 0.48276 0.379312
0.396774 0.134314 0.468912
0.000103138 0.44823 0.551667
0.269239 0.730761 0
0.599996 0.400004 0
0.206908 0.172402 0.62069
0.137931 0.413789 0.44828
