0.4 0.6 0
0.799998 0.200002 0
0.172414 0.275859 0.551727
0.48276 0.137931 0.379309
0.133334 0.866666 0
0.866663 0.133337 0
0.344828 0.172414 0.482758
0.206895 0.344828 0.448276
0.413749 0.00010329 0.586148
0.172408 0.517245 0.310346
0.379315 0.275858 0.344828
0.0689607 0.344818 0.586222
0.730766 0.269234 0
0.000103367 0.586143 0.413754
0.966667 0.0333328 0
0.655105 0.000103421 0.344791
0.310345 0.0689653 0.62069
0.379395 0.0689558 0.551649
0.137926 0.482762 0.379312
0.142846 0.607154 0.25
0.000103392 0.379271 0.620625
0.254045 0.274157 0.471798
0.000103429 0.137913 0.861983
0.6 0.4 0
0.185181 0.407394 0.407425
0.000101041 0.639943 0.359956
0.269237 0.730763 0
0.892859 0.107141 0
0.250157 0.0681703 0.681673
0.37037 0.62963 0
0.346132 0.000103219 0.653764
0.444803 0.148053 0.407144
0.299447 0.187154 0.513399
0.0333342 0.0666684 0.899997
0.107292 0.0343354 0.858373
0.137917 0.10343 0.758654
0.0333329 0.966667 0
0.108691 0.311865 0.579443
0.357153 0.392847 0.25
0.03564 0.712791 0.251569
0.333333 0.333334 0.333333
0.275875 0.344819 0.379306
0.629626 0.370374 0
9.99649e-05 0.9999 0
0.9999 9.99653e-05 0
0.760007 0.239993 0
0.27586 0.13793 0.586209
0.000103426 0.517188 0.482709
0.000103428 0.241353 0.758544
0.107143 0.892857 0
0.689661 0.0344815 0.275857
0.517188 0.000103426 0.482709
0.175223 0.123888 0.700889
0.233333 0.766667 0
0.166649 9.91442e-05 0.833252
0.214261 0.000102414 0.785636
0.24138 0.482759 0.275862
0.749898 0.00010206 0.25
0.586143 0.103464 0.310393
9.19711e-05 9.15429e-05 0.999816
0.500001 0.249999 0.25
0.607084 0.000101148 0.392815
0.396814 0.134109 0.469076
0.103447 0.551725 0.344828
0.519994 0.480006 0
0.142852 0.214279 0.642869
0.482759 0.517241 0
0.310346 0.689654 0
0.827585 0.172415 0
0.000102222 0.749898 0.25
0.214278 0.250002 0.53572
0.0667529 0.432609 0.500638
0.172413 0.827587 0
0.206896 0.448276 0.344828
0.0689573 0.137915 0.793128
0.413761 0.206958 0.37928
0.613637 0.136363 0.25
0.428565 0.571435 0
0.0666602 6.51824e-05 0.933275
0.0666657 0.933334 0
0.933335 0.0666653 0
0.103444 0.172408 0.724148
0.03448 0.275865 0.689655
0.0669888 0.502392 0.430619
0.689657 0.310343 0
0.464239 9.99474e-05 0.535661
0.551725 0.448275 0
0.068965 0.62069 0.310345
0.214282 0.535718 0.25
0.344824 0.241381 0.413795
0.42857 0.285713 0.285717
0.517241 0.172414 0.310345
0.275822 0.000103122 0.724075
0.502392 0.0669889 0.430619
0.137858 0.345178 0.516964
0.000103414 0.44823 0.551667
0.448286 0.103438 0.448276
0.206899 0.172404 0.620697
0.137927 0.413797 0.448276
0.275862 0.413793 0.310345
