0.103448 0.517241 0.379311
0.199999 0.800001 0
0.206896 0.413793 0.379311
0.310345 0.310345 0.37931
0.133334 0.866666 0
0.866663 0.133337 0
0.275864 0.172409 0.551728
0.166669 0.100002 0.733329
0.6 0.4 0
0.17241 0.275863 0.551727
0.480004 0.519996 0
9.85206e-05 0.16665 0.833252
0.26923 0.73077 0
0.0333341 0.966666 0
0.966667 0.0333334 0
0.379312 0.103445 0.517243
0.000103252 0.655105 0.344792
0.100609 0.429892 0.469499
0.214285 0.321427 0.464288
0.103432 0.000103394 0.896464
0.586206 0.103448 0.310345
0.310314 0.000103352 0.689582
0.428572 0.321428 0.25
0.103449 0.310339 0.586212
0.9999 9.99752e-05 0
0.00010241 0.214267 0.78563
0.214287 0.142857 0.642856
0.428576 0.142848 0.428576
0.148148 0.444445 0.407407
0.892859 0.107141 0
0.344833 0.0689649 0.586202
0.172411 0.482763 0.344826
0.107143 0.892857 0
0.000103366 0.275819 0.724077
0.370374 0.629626 0
0.310342 0.689658 0
0.239999 0.239999 0.520003
0.00010342 0.517186 0.482711
0.413792 0.0344828 0.551726
0.517241 0.482759 0
9.99588e-05 0.9999 0
0.333333 0.333333 0.333333
9.8579e-05 9.13802e-05 0.99981
0.103466 0.586136 0.310398
0.633333 0.366667 0
0.615329 0.000102346 0.384569
0.933334 0.0666657 0
0.124782 0.168117 0.707101
0.25 0.392863 0.357138
0.448276 0.551724 0
0.730769 0.269231 0
0.714286 0.0357142 0.25
0.0344825 0.689657 0.27586
0.413793 0.275862 0.310345
0.759996 0.240004 0
0.482709 0.000103399 0.517188
0.733258 9.98753e-05 0.266642
0.233313 9.99869e-05 0.766587
0.000103226 0.346119 0.653778
0.000102196 0.749898 0.25
0.482758 0.172415 0.344827
0.000101157 0.607077 0.392822
0.501193 0.0334126 0.465394
0.0337432 0.426362 0.539895
0.827585 0.172415 0
0.172414 0.827586 0
0.275865 0.448274 0.275861
0.37931 0.241381 0.37931
0.0343345 0.107305 0.858361
0.137927 0.0689635 0.793109
0.0681188 0.250701 0.68118
0.689659 0.310341 0
0.32167 0.178507 0.499822
0.249999 0.500001 0.25
0.295883 0.407649 0.296468
0.521709 0.068327 0.409964
0.571429 0.428571 0
0.136363 0.613637 0.25
0.239998 0.760002 0
0.0666664 0.933334 0
0.799998 0.200002 0
9.99522e-05 0.0666645 0.933236
0.178569 0.214286 0.607145
0.613636 0.136364 0.25
0.137933 0.344827 0.51724
0.0669853 0.50239 0.430624
0.24138 0.0689636 0.689657
0.103449 0.137935 0.758616
0.482737 0.24139 0.275874
0.285714 0.285714 0.428571
0.16665 9.85955e-05 0.833252
0.357141 0.392859 0.25
0.655176 0.0689599 0.275864
0.4 0.6 0
0.275861 0.103448 0.62069
0.379272 0.000103394 0.620625
0.54451 0.204191 0.251299
0.172415 0.551721 0.275864
0.000101114 0.392816 0.607083
0.344827 0.206896 0.448277
