0.275877 0.379282 0.344841
0.310346 0.241379 0.448276
0.200001 0.799999 0
0.103448 0.275862 0.62069
0.310345 0.310345 0.37931
0.866653 0.133347 0
0.133333 0.866667 0
0.379313 0.310343 0.310343
0.482757 0.137931 0.379311
0.607125 0.392875 0
0.206893 0.448278 0.344829
0.480001 0.519999 0
0.62069 0.0689651 0.310345
0.166654 9.9989e-05 0.833246
0.586148 0.000103345 0.413748
0.0689625 0.344829 0.586209
0.137931 0.413793 0.448276
0.966669 0.0333312 0
0.0333338 0.966666 0
0.214285 0.321427 0.464288
0.586206 0.137932 0.275862
0.10352 0.585922 0.310558
0.137714 0.345855 0.516431
0.214269 0.000102456 0.785628
0.000103394 0.379271 0.620625
0.250844 0.068105 0.681051
0.444445 0.148148 0.407408
0.517242 0.172413 0.310345
0.37931 0.068961 0.551729
0.379309 0.241379 0.379312
0.000102177 0.749898 0.25
0.000103362 0.44823 0.551667
0.639934 0.000101036 0.359965
0.0666655 1.63345e-05 0.933318
0.642857 0.357143 0
0.107142 0.892858 0
0.892857 0.107143 0
0.148148 0.444444 0.407408
0.107301 0.0343348 0.858364
0.310345 0.0689647 0.62069
0.370371 0.629629 0
0.000103409 0.517188 0.482709
0.137932 0.482756 0.379312
0.234046 0.40121 0.364744
0.517188 0.000103417 0.482709
0.13793 0.103447 0.758623
0.0344805 0.137986 0.827534
9.99396e-05 0.9999 0
9.9224e-05 9.51181e-05 0.999806
0.275833 0.000103385 0.724063
0.333333 0.333334 0.333333
0.109403 0.311712 0.578886
0.275863 0.448275 0.275862
0.517241 0.482759 0
0.71279 0.0356387 0.251571
0.175187 0.12406 0.700753
0.576923 0.423077 0
0.25 0.5 0.25
0.357145 0.392855 0.25
0.346119 0.000103144 0.653778
0.299461 0.187167 0.513372
0.24 0.76 0
0.431878 0.100256 0.467866
0.9999 9.99773e-05 0
0.0689652 0.206896 0.724139
0.0344818 0.689664 0.275854
0.000103407 0.241355 0.758541
0.766666 0.233334 0
0.5 0.25 0.25
0.448274 0.551726 0
0.000101172 0.607076 0.392823
0.142855 0.214282 0.642863
0.749898 0.000102149 0.25
0.172415 0.827585 0
0.428571 0.285715 0.285715
0.310344 0.689656 0
0.269241 0.730759 0
4.59726e-05 0.0999936 0.89996
0.699998 0.300002 0
0.0683238 0.409938 0.521738
0.543692 0.067961 0.388347
0.733331 0.266669 0
0.464235 0.000100414 0.535665
0.136364 0.613636 0.25
0.0666667 0.933333 0
0.827582 0.172418 0
0.933335 0.0666648 0
0.41375 0.000103408 0.586146
0.0344819 0.275866 0.689652
0.206896 0.24138 0.551724
0.647732 0.102268 0.25
0.172414 0.517241 0.310345
0.275865 0.137931 0.586205
0.344828 0.172414 0.482758
0.0669859 0.502392 0.430622
0.285708 0.285708 0.428583
0.4 0.6 0
0.448277 0.206894 0.344829
0.206896 0.172414 0.62069
0.000102952 0.655105 0.344792
