0.0967057 0.493142 0.410152
0.0101594 9.34939e-07 0.98984
0.269069 0.215897 0.515034
0.0501084 0.0889934 0.860898
0.460526 0.211356 0.328117
0.141656 0.356241 0.502103
0.0669878 0.206943 0.726069
0.0969114 0.129723 0.773365
0.0226149 0.706781 0.270604
0.194873 0.09352 0.711607
0.0578957 0.260757 0.681347
0.404743 0.168824 0.426432
0.471276 6.77043e-05 0.528656
0.265774 0.101368 0.632858
0.235055 0.159008 0.605937
0.0702154 0.470412 0.459373
0.279738 0.0389153 0.681347
0.289664 0.211143 0.499193
0.262172 0.299997 0.437831
0.585319 0.103783 0.310897
0.0679051 0.560004 0.372091
0.106519 0.299443 0.594038
0.145492 0.480015 0.374493
0.600738 0.399262 0
0.408505 0.180625 0.410869
0.893808 0.106192 0
0.107046 0.892954 0
0.642784 0.357216 0
0.191894 0.381083 0.427023
0.0207407 0.171046 0.808214
0.766666 0.233334 0
0.712689 0.0355023 0.251809
0.171898 0.0679569 0.760145
0.0343311 0.107848 0.857821
0.0682654 0.0346432 0.897091
0.309896 0.148556 0.541548
9.84883e-05 0.999902 0
0.516982 9.57016e-05 0.482923
9.77366e-05 0.346046 0.653856
9.83256e-05 0.517151 0.482751
7.73992e-05 0.749782 0.250141
5.67979e-05 9.04804e-05 0.999853
0.217439 0.108087 0.674475
0.142965 0.606886 0.250149
0.13907 3.16693e-05 0.860898
0.545414 0.204403 0.250183
0.333344 0.333298 0.333359
0.239506 0.760494 0
0.355477 0.103576 0.540947
0.375039 0.624961 0
0.749612 6.89844e-05 0.250319
0.517138 0.482862 0
0.257594 0.248859 0.493547
0.123978 0.175199 0.700823
0.250047 0.499348 0.250605
0.0325181 0.241413 0.726069
0.0350791 0.701917 0.263004
0.999908 9.20182e-05 0
0.334117 0.0291798 0.636703
0.65176 1.52969e-05 0.348224
0.242539 2.23201e-05 0.757439
0.0333676 0.432753 0.53388
0.308281 0.691719 0
0.577781 0.422219 0
0.176378 0.823622 0
0.834131 0.165869 0
0.0842714 0.449912 0.465816
0.699902 0.300098 0
1.98235e-06 0.0677854 0.932213
0.209085 0.461436 0.329479
0.392757 4.22835e-05 0.607201
0.103574 0.0998136 0.796613
0.452213 0.0939892 0.453798
0.175947 0.210618 0.613435
0.065701 0.934299 0
0.137977 0.346989 0.515034
0.451201 0.278195 0.270604
8.33163e-05 0.294989 0.704927
0.965492 0.0345076 0
0.495309 0.165773 0.338918
0.431304 0.0313104 0.537385
0.0957318 0.482744 0.421524
0.38297 0.239609 0.377421
0.0341031 0.551281 0.414616
0.444442 0.555558 0
0.272293 0.130531 0.597176
0.138763 0.515395 0.345842
0.248658 0.339737 0.411605
0.618241 0.0322394 0.349519
0.0245094 0.202125 0.773365
0.171534 0.554828 0.273638
0.350531 0.399286 0.250183
0.727979 0.272021 0
0.141037 0.858963 0
0.0567355 0.615405 0.327859
0.068107 0.306791 0.625102
0.268384 0.731616 0
0.437354 0.200722 0.361924
0.39731 0.60269 0
0.0673513 0.473276 0.459373
