0.137942 0.482757 0.379301
0.800003 0.199997 0
0.172403 0.275865 0.551732
0.482762 0.137926 0.379312
0.34483 0.137925 0.517245
0.448282 0.103422 0.448296
0.866654 0.133346 0
0.206897 0.344827 0.448277
0.379316 0.275855 0.34483
0.413746 0.000103356 0.586151
0.166653 9.99783e-05 0.833247
0.133347 0.866653 0
0.0689658 0.344824 0.58621
0.73077 0.26923 0
0.000102378 0.586125 0.413773
0.033325 0.966675 0
0.655104 0.0001032 0.344792
0.357139 0.392861 0.25
0.24138 0.482762 0.275858
0.142852 0.607148 0.25
0.586208 0.103446 0.310346
0.000103399 0.379271 0.620626
0.214268 0.000102325 0.785629
0.185182 0.407388 0.40743
0.275863 0.413793 0.310345
0.370369 0.629631 0
0.299465 0.187189 0.513346
0.346111 0.000102963 0.653786
0.253874 0.274646 0.471479
0.44445 0.148147 0.407403
0.333339 0.333329 0.333332
0.519981 0.480019 0
0.629612 0.370388 0
0.517188 0.00010335 0.482709
0.9999 9.95928e-05 0
0.96667 0.03333 0
0.51724 0.172413 0.310347
0.689655 0.0344839 0.275861
0.000102505 0.241348 0.758549
0.0356366 0.712791 0.251573
0.0689614 0.620692 0.310346
0.000103403 0.517188 0.482709
0.42857 0.285713 0.285717
0.000102012 0.137917 0.861981
0.310345 0.0689626 0.620693
0.000100899 0.639918 0.359981
0.172413 0.517242 0.310345
0.175253 0.123734 0.701013
0.108662 0.311828 0.57951
9.96218e-05 0.9999 0
0.379311 0.0689655 0.551724
0.214288 0.535712 0.25
0.482758 0.517242 0
0.107302 0.0343359 0.858362
0.551725 0.448275 0
0.502389 0.066985 0.430626
0.749898 0.000102103 0.25
0.76 0.24 0
0.233328 0.766672 0
0.0689627 0.20689 0.724148
9.91956e-05 6.73348e-05 0.999833
0.5 0.25 0.25
0.107141 0.892859 0
0.103515 0.551435 0.345051
0.142853 0.214279 0.642868
0.689666 0.310334 0
0.310342 0.689658 0
0.137926 0.103446 0.758628
0.607065 0.000100751 0.392834
0.827583 0.172417 0
0.464241 0.000100236 0.535659
0.000101296 0.749899 0.25
0.00010272 0.448231 0.551666
0.0668022 0.43217 0.501028
0.0666333 0.933367 0
0.172425 0.827575 0
0.250888 0.0681021 0.68101
0.413789 0.20691 0.379301
0.613634 0.136366 0.25
0.892861 0.107139 0
0.42856 0.57144 0
0.0666588 9.95349e-05 0.933242
0.933337 0.0666633 0
0.214288 0.249999 0.535713
0.0344827 0.275879 0.689639
0.4 0.6 0
0.206894 0.172414 0.620693
0.0669803 0.502394 0.430626
0.275861 0.13793 0.586209
0.34482 0.241373 0.413807
0.275852 0.344852 0.379296
0.26923 0.73077 0
0.068968 0.137936 0.793096
0.13793 0.344827 0.517243
0.395397 0.13732 0.467282
0.0333315 0.0666647 0.900004
0.2069 0.448266 0.344834
0.275834 0.000102879 0.724063
0.6 0.4 0
0.13793 0.413793 0.448276
