0.137929 0.48276 0.379311
0.4 0.6 0
0.799998 0.200002 0
0.482954 0.137879 0.379167
0.133334 0.866666 0
0.866665 0.133335 0
0.448276 0.103447 0.448276
0.206898 0.344824 0.448278
0.37931 0.275862 0.344828
0.519999 0.480001 0
0.41375 0.000103359 0.586146
0.172414 0.517242 0.310345
0.166656 6.19028e-05 0.833282
0.0689656 0.344826 0.586208
0.344827 0.172414 0.482759
0.73077 0.26923 0
0.000103424 0.586146 0.413751
0.310344 0.0689653 0.62069
0.551724 0.448276 0
0.357145 0.392855 0.25
0.689656 0.0344836 0.275861
0.655105 0.00010342 0.344792
0.142858 0.607142 0.25
0.214267 0.000102325 0.785631
0.275874 0.137929 0.586197
0.000103369 0.379271 0.620625
0.107297 0.0343354 0.858367
0.185186 0.407405 0.407409
0.413726 0.207026 0.379249
0.444461 0.148144 0.407395
0.0689647 0.62069 0.310345
0.58619 0.103452 0.310357
0.108677 0.311718 0.579605
0.000100946 0.639936 0.359963
0.299456 0.187164 0.51338
0.464239 0.000100435 0.53566
0.370369 0.629631 0
0.0333343 0.0666686 0.899997
0.629627 0.370373 0
9.98546e-05 0.9999 0
0.107144 0.892856 0
0.254496 0.272871 0.472633
0.333336 0.333334 0.33333
0.172413 0.275862 0.551725
0.000103391 0.517188 0.482709
0.175258 0.123713 0.70103
0.00010223 0.749898 0.25
0.000103433 0.241354 0.758542
0.517188 0.000103358 0.482709
0.24138 0.482759 0.275861
0.379311 0.0689654 0.551723
0.892858 0.107142 0
9.04989e-05 9.91865e-05 0.99981
0.346123 0.000103206 0.653774
0.76 0.24 0
0.482759 0.517241 0
0.275862 0.413793 0.310345
0.9999 9.99609e-05 0
0.233333 0.766667 0
0.0356408 0.712788 0.251572
0.933333 0.0666672 0
0.000103374 0.137916 0.861981
0.5 0.25 0.25
0.103447 0.551725 0.344828
0.60708 0.000101168 0.392819
0.310345 0.689655 0
0.6 0.4 0
0.827586 0.172414 0
0.214284 0.535715 0.250001
0.689658 0.310342 0
0.0333331 0.966667 0
0.137931 0.413793 0.448276
0.0666916 0.433119 0.500189
0.172416 0.827584 0
0.250871 0.0681027 0.681026
0.214283 0.249999 0.535717
0.0689652 0.13793 0.793104
0.275828 0.00010331 0.724069
0.749898 0.000102221 0.25
0.613636 0.136364 0.25
0.428572 0.571428 0
0.0666609 5.31242e-05 0.933286
0.0344791 0.275866 0.689655
0.0669844 0.502395 0.430621
0.428572 0.285714 0.285715
0.966668 0.0333316 0
0.344827 0.24138 0.413793
0.517241 0.172414 0.310345
0.275863 0.344827 0.37931
0.142857 0.214285 0.642858
0.502392 0.0669871 0.430621
0.137931 0.103448 0.758621
0.13793 0.344829 0.51724
0.206895 0.448277 0.344828
0.396768 0.134326 0.468906
0.000103423 0.44823 0.551667
0.269232 0.730768 0
0.0666671 0.933333 0
0.206893 0.172415 0.620692
0.103446 0.172407 0.724147
