0.241381 0.310339 0.448279
0.8 0.2 0
0.310344 0.310345 0.379311
0.482757 0.137932 0.379311
0.866665 0.133335 0
0.133334 0.866666 0
0.137929 0.48276 0.379311
0.392857 0.607143 0
0.448279 0.206891 0.34483
0.52 0.48 0
9.99438e-05 0.166668 0.833232
0.0689593 0.620694 0.310347
0.730767 0.269233 0
0.000103437 0.586146 0.413751
0.966668 0.0333325 0
0.0333325 0.966667 0
0.26667 0.73333 0
0.214281 0.142854 0.642865
0.392851 0.357149 0.25
0.379272 0.000103317 0.620625
0.0689185 0.379733 0.551348
0.344822 0.068956 0.586222
0.321438 0.214292 0.46427
0.517188 0.000103287 0.482709
0.137927 0.586212 0.275861
0.586201 0.10345 0.310349
0.148148 0.444445 0.407408
0.892856 0.107144 0
0.137926 0.0689631 0.793111
0.629628 0.370372 0
0.00010241 0.214264 0.785633
0.749898 0.000102261 0.25
0.551723 0.448277 0
0.311975 0.108659 0.579367
0.000103371 0.517188 0.482709
0.31034 0.379319 0.310341
0.482759 0.517241 0
9.98642e-05 0.9999 0
0.137931 0.275865 0.586204
0.9999 9.99614e-05 0
0.000100382 0.464257 0.535643
0.333335 0.333335 0.33333
0.444444 0.148148 0.407407
0.100255 0.431887 0.467858
0.76 0.24 0
0.187176 0.299462 0.513363
0.5 0.25 0.25
0.000103422 0.275834 0.724063
0.357145 0.642855 0
0.275863 0.103448 0.62069
0.124228 0.175153 0.700619
0.241355 0.000103391 0.758542
0.107138 0.892862 0
0.137919 0.000102975 0.861978
0.689655 0.034483 0.275862
0.0356393 0.71279 0.251571
0.517241 0.172414 0.310345
0.0343339 0.107295 0.858371
0.000101018 0.639932 0.359967
0.249998 0.500002 0.25
0.000102206 0.749898 0.25
0.344921 0.137913 0.517167
0.000103163 0.346114 0.653783
0.413793 0.137931 0.448276
0.6 0.4 0
0.827585 0.172415 0
8.85511e-05 7.01974e-05 0.999841
0.689655 0.310345 0
9.35175e-05 0.0666488 0.933258
0.423076 0.576924 0
0.401217 0.234052 0.364732
0.607083 0.000100971 0.392816
0.0681557 0.250324 0.681521
0.3 0.7 0
0.409942 0.0683238 0.521734
0.0679633 0.543694 0.388343
0.233332 0.766668 0
0.613631 0.136369 0.25
0.933333 0.0666668 0
0.0666634 0.933337 0
0.172415 0.827585 0
0.275869 0.0344801 0.689651
0.241378 0.2069 0.551722
0.102268 0.647732 0.25
0.103447 0.137921 0.758632
0.172413 0.517242 0.310345
0.172413 0.344831 0.482756
0.502392 0.0669762 0.430632
0.285713 0.285714 0.428573
0.0666678 0.0333339 0.899998
0.448277 0.275862 0.275862
0.241379 0.379311 0.379311
0.448229 0.000103393 0.551668
0.206896 0.448276 0.344828
0.172411 0.206897 0.620691
0.17241 0.103448 0.724142
0.000103436 0.413751 0.586146
0.0689646 0.310345 0.62069
0.285718 0.428571 0.285711
0.655105 0.00010343 0.344792
