0.137928 0.482762 0.37931
0.4 0.6 0
0.8 0.2 0
0.172414 0.275861 0.551724
0.866663 0.133337 0
0.344826 0.172413 0.48276
0.448276 0.103448 0.448277
0.133335 0.866665 0
0.206878 0.344836 0.448287
0.379315 0.275854 0.344831
0.51999 0.48001 0
0.413748 0.000103366 0.586149
0.172412 0.517242 0.310345
0.166647 9.30687e-05 0.83326
0.485079 0.13731 0.377611
0.0689655 0.344824 0.586211
0.730768 0.269232 0
0.000103262 0.586145 0.413751
0.966665 0.0333352 0
0.0333324 0.966668 0
0.655105 0.00010332 0.344792
0.310345 0.0689655 0.62069
0.254022 0.274236 0.471742
0.827577 0.172423 0
0.585852 0.103538 0.31061
0.214352 0.000102356 0.785546
0.107306 0.0343362 0.858358
0.346126 0.000103212 0.653771
0.185181 0.407404 0.407415
0.370371 0.629629 0
0.241379 0.482759 0.275862
0.29946 0.187166 0.513374
0.275831 0.000103222 0.724066
0.379532 0.0689403 0.551528
0.629623 0.370377 0
0.214283 0.249998 0.53572
0.0356448 0.712781 0.251574
0.9999 9.98575e-05 0
0.444443 0.148149 0.407407
0.000103413 0.137908 0.861988
9.76612e-05 9.73205e-05 0.999805
9.99422e-05 0.9999 0
0.00010273 0.379273 0.620624
0.108651 0.311891 0.579458
0.00010097 0.639935 0.359964
0.175253 0.123739 0.701009
0.749898 0.000102172 0.25
0.760003 0.239997 0
0.0344824 0.275854 0.689664
0.517188 0.000103435 0.482708
0.5 0.25 0.25
0.107144 0.892856 0
0.428569 0.285713 0.285718
0.000103326 0.517185 0.482712
0.0666591 9.96136e-05 0.933241
0.551726 0.448274 0
0.333332 0.333322 0.333347
0.000103296 0.241354 0.758543
0.103454 0.551699 0.344847
0.142856 0.214284 0.64286
0.275862 0.413793 0.310345
0.357146 0.392854 0.25
0.310338 0.689662 0
0.607088 0.00010118 0.392811
0.689659 0.310341 0
0.214279 0.535721 0.25
0.206892 0.172415 0.620693
0.000102238 0.749898 0.25
0.172417 0.827583 0
0.250541 0.0681403 0.681319
0.0689573 0.137915 0.793128
0.233332 0.766668 0
0.413643 0.207187 0.37917
0.0669599 0.502408 0.430632
0.613636 0.136364 0.25
0.689785 0.0344687 0.275747
0.13793 0.413794 0.448276
0.428566 0.571434 0
0.933332 0.0666675 0
0.0666728 0.933327 0
0.464239 0.000100175 0.535661
0.275912 0.137924 0.586164
0.344825 0.24138 0.413795
0.517239 0.172415 0.310347
0.502386 0.0669841 0.43063
0.892857 0.107143 0
0.275867 0.344825 0.379308
0.206895 0.448272 0.344833
0.137928 0.103444 0.758628
0.482761 0.517239 0
0.0689632 0.206892 0.724145
0.0666919 0.433118 0.500191
0.13793 0.344839 0.517232
0.396902 0.134043 0.469055
0.0333386 0.0666773 0.899984
0.0689659 0.620687 0.310347
0.14285 0.60715 0.25
0.000103304 0.448231 0.551665
0.269241 0.730759 0
0.6 0.4 0
