0.799995 0.200005 0
0.866666 0.133334 0
0.344823 0.172412 0.482765
0.448281 0.103443 0.448276
0.206893 0.344832 0.448276
0.379309 0.275863 0.344828
0.519995 0.480005 0
0.41375 0.000103426 0.586147
0.482851 0.137906 0.379243
0.172414 0.517241 0.310345
0.172413 0.275861 0.551727
0.166652 9.99897e-05 0.833248
0.0689529 0.344826 0.586221
0.730767 0.269233 0
0.000103154 0.586147 0.41375
0.0333335 0.966666 0
0.966667 0.0333332 0
0.655105 0.000103358 0.344792
0.253794 0.274882 0.471324
0.000103404 0.241354 0.758542
0.357145 0.392855 0.25
0.379384 0.0689572 0.551659
0.0344814 0.137965 0.827554
0.142858 0.607142 0.25
0.142856 0.214284 0.64286
0.551723 0.448277 0
0.310344 0.0689631 0.620693
0.214268 0.000102428 0.78563
0.5 0.25 0.25
0.185186 0.407406 0.407408
0.444449 0.148147 0.407404
0.107144 0.892856 0
0.000100826 0.639936 0.359963
0.892857 0.107143 0
0.502387 0.0669833 0.43063
0.749898 0.000102234 0.25
0.629629 0.370371 0
0.000103425 0.517188 0.482709
0.107296 0.034335 0.858369
0.517188 0.000103391 0.482709
0.299465 0.187172 0.513363
0.48276 0.51724 0
0.689669 0.0344812 0.27585
0.108657 0.311902 0.579441
9.93563e-05 0.0999896 0.899911
9.99602e-05 0.9999 0
0.000103201 0.379271 0.620626
0.233312 0.766688 0
0.346114 0.000103228 0.653783
0.9999 9.9979e-05 0
0.760002 0.239998 0
0.0356396 0.712785 0.251575
0.175252 0.123741 0.701007
0.214285 0.249998 0.535718
0.4 0.6 0
0.241383 0.482762 0.275855
0.103465 0.551651 0.344884
0.206892 0.172414 0.620693
0.310342 0.689658 0
0.607074 0.000101045 0.392825
0.344833 0.241377 0.41379
0.827586 0.172414 0
0.689662 0.310338 0
0.000102159 0.749898 0.25
0.0666851 0.433176 0.500139
0.333333 0.333333 0.333334
0.172413 0.827587 0
0.413777 0.206928 0.379295
9.89698e-05 9.88365e-05 0.999802
0.250446 0.0681419 0.681412
0.137931 0.413793 0.448276
0.613629 0.136371 0.25
0.370377 0.629623 0
0.428568 0.571432 0
0.0666662 0.933334 0
0.448274 0.206897 0.344828
0.034483 0.275861 0.689656
0.396775 0.13431 0.468914
0.586202 0.10345 0.310349
0.0666594 9.52005e-05 0.933245
0.137931 0.103447 0.758622
0.464238 0.000100342 0.535661
0.933333 0.0666671 0
0.0669854 0.502385 0.43063
0.275884 0.137928 0.586189
0.214283 0.535716 0.250001
0.428575 0.285716 0.285709
0.137927 0.482761 0.379313
0.517241 0.172414 0.310345
0.275857 0.344839 0.379304
0.137911 0.344934 0.517155
0.0689646 0.206894 0.724141
0.133338 0.866662 0
0.206896 0.448276 0.344828
0.0689584 0.620694 0.310347
0.275834 0.000103321 0.724063
0.000103392 0.448231 0.551666
0.269231 0.730769 0
0.6 0.4 0
0.275863 0.413794 0.310344
