0.379312 0.275858 0.344829
0.275862 0.103448 0.62069
0.241376 0.310347 0.448277
0.799999 0.200001 0
0.310345 0.310345 0.37931
0.482763 0.137923 0.379314
0.866663 0.133337 0
0.137924 0.482762 0.379313
0.392858 0.607142 0
0.51999 0.48001 0
9.97651e-05 0.166654 0.833246
0.448288 0.241374 0.310338
0.730767 0.269233 0
0.000103429 0.586145 0.413752
0.966668 0.0333321 0
0.0333325 0.966668 0
0.357141 0.392859 0.25
0.0689497 0.379452 0.551599
0.827583 0.172417 0
0.214286 0.142857 0.642857
0.321428 0.214286 0.464286
0.000102426 0.214262 0.785635
0.423077 0.576923 0
0.444444 0.148148 0.407407
0.000100948 0.639933 0.359966
0.137948 0.0344818 0.82757
0.517188 0.00010341 0.482709
0.107143 0.892857 0
0.357143 0.642857 0
0.892857 0.107143 0
0.62963 0.37037 0
0.103448 0.137928 0.758624
0.233334 0.766666 0
0.199988 5.57125e-05 0.799957
0.0343356 0.107298 0.858367
0.344827 0.0689652 0.586207
0.25 0.5 0.25
0.9999 9.98476e-05 0
0.172414 0.206896 0.62069
9.99767e-05 0.9999 0
0.333334 0.333334 0.333332
8.91925e-05 0.0666558 0.933255
0.5 0.25 0.25
9.98657e-05 9.92073e-05 0.999801
0.379271 0.000103413 0.620626
0.482761 0.517239 0
0.000103202 0.346119 0.653778
0.148147 0.444445 0.407408
0.613624 0.136376 0.25
0.123929 0.175214 0.700857
0.760002 0.239998 0
0.689659 0.0344823 0.275859
0.749898 0.000102205 0.25
0.0689635 0.620691 0.310345
0.0356395 0.712787 0.251573
0.172412 0.517242 0.310345
0.241353 0.000103349 0.758544
0.000103427 0.41375 0.586146
0.551725 0.448275 0
0.607081 0.000101088 0.392817
0.000102015 0.749898 0.25
0.689655 0.310345 0
0.172415 0.827585 0
0.0681768 0.250052 0.681771
0.311922 0.108797 0.579281
0.241376 0.379312 0.379312
0.137934 0.586205 0.275861
0.0999886 8.27969e-05 0.899929
0.413793 0.137931 0.448276
0.206897 0.448274 0.344829
0.3 0.7 0
0.413794 0.310344 0.275862
0.409939 0.0683233 0.521738
0.933335 0.0666651 0
0.0679588 0.54369 0.388351
0.401213 0.234048 0.364739
0.133334 0.866666 0
0.0666664 0.933334 0
0.275863 0.0344823 0.689654
0.000103436 0.517188 0.482709
0.24138 0.206896 0.551724
0.102271 0.647729 0.25
0.517241 0.172414 0.310345
0.137925 0.275907 0.586168
0.172414 0.344827 0.482759
0.502392 0.0669853 0.430623
0.655105 0.000103338 0.344792
0.172412 0.103447 0.724141
0.285715 0.285715 0.428571
0.275862 0.413794 0.310345
0.000100416 0.464241 0.535659
0.100259 0.431876 0.467865
0.187167 0.299461 0.513372
0.6 0.4 0
0.000103398 0.275833 0.724063
0.344883 0.137919 0.517198
0.44823 0.000103427 0.551667
0.586206 0.103448 0.310345
0.068963 0.310346 0.620691
0.266666 0.733334 0
