0.200001 0.799999 0
0.799993 0.200007 0
0.310342 0.310342 0.379316
0.241261 0.448521 0.310218
0.379314 0.206881 0.413806
0.103433 0.172423 0.724144
0.133342 0.866658 0
0.24138 0.137929 0.620692
0.600001 0.399999 0
0.479999 0.520001 0
0.413794 0.275862 0.310345
0.730768 0.269232 0
0.2692 0.7308 0
0.448281 0.13789 0.413829
0.966675 0.0333254 0
0.0333275 0.966673 0
0.100164 0.432394 0.467442
0.103287 0.51736 0.379353
0.0333173 0.166677 0.800006
0.733266 9.99754e-05 0.266634
0.551642 9.97975e-05 0.448258
0.551721 0.103453 0.344826
0.103459 0.310317 0.586224
0.100002 9.94144e-05 0.899899
0.0669957 0.502376 0.430628
0.000102425 0.138103 0.861794
0.482709 0.000103434 0.517187
0.000102236 0.749898 0.25
0.295805 0.407808 0.296387
0.107144 0.892856 0
0.409121 0.147716 0.443164
0.615374 0.000102526 0.384523
0.370388 0.629612 0
0.240001 0.240001 0.519998
0.000103318 0.517188 0.482709
0.866668 0.133332 0
0.172428 0.5517 0.275872
9.98482e-05 0.9999 0
0.51726 0.0689314 0.413809
0.103441 0.586212 0.310347
0.333333 0.333333 0.333333
0.9999 9.99106e-05 0
0.241403 0.37928 0.379317
0.44825 0.55175 0
0.37963 0.0344624 0.585908
0.1724 0.275854 0.551746
0.206893 0.206893 0.586213
9.85011e-05 9.80822e-05 0.999803
0.400025 0.599975 0
0.148158 0.444389 0.407453
0.143052 0.0342711 0.822677
0.00010321 0.346134 0.653763
0.21428 0.321386 0.464334
0.434275 0.315725 0.25
0.345754 0.103296 0.55095
0.89286 0.10714 0
0.430606 0.0669892 0.502405
0.137932 0.241373 0.620694
0.0740761 0.185178 0.740746
0.714287 0.0357134 0.25
0.357161 0.249994 0.392845
0.759992 0.240008 0
0.0344923 0.689648 0.275859
0.299957 9.90397e-05 0.699944
0.544509 0.204192 0.251298
0.249996 0.500004 0.25
0.000101054 0.607074 0.392825
0.0335529 0.429507 0.53694
0.137946 0.344843 0.517211
0.172406 0.137926 0.689668
0.357135 0.392865 0.25
0.827584 0.172416 0
0.172416 0.827584 0
0.239994 0.760006 0
0.310343 0.689657 0
0.51724 0.48276 0
0.357303 0.00010139 0.642596
0.448254 0.206934 0.344813
0.689675 0.310325 0
0.321421 0.178561 0.500018
0.206896 0.0689608 0.724143
0.275871 0.275871 0.448258
0.000102981 0.241329 0.758568
0.571435 0.428565 0
0.136358 0.613642 0.25
0.613631 0.136369 0.25
0.000100312 0.3929 0.607
0.0666678 0.933332 0
0.93333 0.0666697 0
0.633338 0.366662 0
0.206881 0.000103134 0.793016
0.172417 0.482757 0.344826
0.0333348 0.0665104 0.900155
0.034477 0.27586 0.689663
0.260851 0.105593 0.633555
0.655188 0.0689442 0.275868
0.482754 0.241382 0.275864
0.103445 0.103445 0.793109
0.000102882 0.655107 0.34479
0.517247 0.172404 0.310348
