0.13793 0.482759 0.379311
0.172414 0.275859 0.551727
0.800001 0.199999 0
0.482759 0.137931 0.37931
0.866666 0.133334 0
0.133334 0.866666 0
0.448278 0.103445 0.448278
0.206897 0.344827 0.448276
0.37931 0.275862 0.344828
0.519999 0.480001 0
0.41375 0.000103345 0.586146
0.172414 0.517241 0.310345
0.166654 7.49476e-05 0.833271
0.0689649 0.344828 0.586207
0.730768 0.269232 0
0.000103359 0.586145 0.413752
0.966668 0.0333324 0
0.0333332 0.966667 0
0.310345 0.0689655 0.62069
0.551724 0.448276 0
0.357143 0.392857 0.25
0.000103417 0.137918 0.861978
0.444467 0.148142 0.407391
0.482759 0.517241 0
0.749898 0.000102258 0.25
0.00010343 0.44823 0.551667
0.379356 0.0689605 0.551684
0.107142 0.892858 0
0.000101009 0.639936 0.359963
0.299459 0.187179 0.513362
0.250288 0.0681563 0.681555
0.107293 0.0343355 0.858372
0.62963 0.37037 0
0.6 0.4 0
0.37037 0.62963 0
0.142857 0.214285 0.642858
0.108644 0.311923 0.579433
0.241379 0.482759 0.275862
0.517188 0.000103413 0.482709
0.000103264 0.241355 0.758542
0.4 0.6 0
0.5 0.25 0.25
0.000103317 0.379271 0.620625
0.428572 0.571428 0
9.99308e-05 0.9999 0
0.000103395 0.517188 0.482709
9.93866e-05 7.90779e-05 0.999822
0.333333 0.333333 0.333334
0.142859 0.607141 0.25
0.185188 0.407398 0.407414
0.9999 9.99555e-05 0
0.0666629 0.933337 0
0.892856 0.107144 0
0.346117 0.000103149 0.653779
0.175255 0.123724 0.701021
0.214285 0.25 0.535716
0.689655 0.0344832 0.275862
0.214264 0.000102465 0.785633
0.0356384 0.712788 0.251573
0.502392 0.0669868 0.430621
0.760004 0.239996 0
0.933333 0.0666671 0
0.103448 0.551724 0.344828
0.428575 0.285716 0.285709
0.254049 0.274147 0.471804
0.310341 0.689659 0
0.607083 0.000101154 0.392816
0.827586 0.172414 0
0.689656 0.310344 0
0.000102217 0.749898 0.25
0.0668053 0.432152 0.501042
0.137931 0.413793 0.448276
0.233332 0.766668 0
0.172414 0.827586 0
0.0689652 0.13793 0.793104
0.613636 0.136364 0.25
0.0666663 3.82387e-06 0.93333
0.0344829 0.275867 0.68965
0.396845 0.134156 0.468999
0.464239 0.000100424 0.535661
0.0669837 0.502393 0.430623
0.275869 0.13793 0.586202
0.269235 0.730765 0
0.214283 0.535717 0.25
0.0333115 0.0666679 0.900021
0.344828 0.241379 0.413793
0.517241 0.172414 0.310345
0.344827 0.172414 0.482759
0.275861 0.344829 0.37931
0.413764 0.206953 0.379283
0.137931 0.103448 0.758622
0.137815 0.345384 0.5168
0.586196 0.103456 0.310348
0.0689591 0.620694 0.310347
0.206897 0.448274 0.344829
0.206896 0.172414 0.62069
0.275832 0.000103435 0.724064
0.655104 0.000103386 0.344792
0.103447 0.172412 0.724141
0.275862 0.413793 0.310345
