0.158743 0.505434 0.335823
0.163209 0.0212111 0.81558
0.031451 0.102843 0.865706
0.0597213 0.403872 0.536406
0.105571 0.478589 0.415841
0.160928 0.279318 0.559754
0.244229 0.0317408 0.72403
0.0682948 0.614136 0.317569
0.385452 0.13694 0.477608
0.103051 0.261886 0.635063
0.148033 0.443995 0.407972
0.0204106 0.0674407 0.912149
0.37972 0.0608789 0.559402
0.238067 0.339734 0.422198
0.0231153 0.976885 0
0.244421 0.0929 0.662679
0.131884 2.59552e-05 0.86809
0.0332615 0.333287 0.633451
0.103261 0.589792 0.306947
0.733282 0.266718 0
9.43872e-05 0.103516 0.896389
0.357172 0.392442 0.250386
0.068525 0.931475 0
0.217834 4.81653e-05 0.782117
0.801684 0.198316 0
0.448839 0.244903 0.306258
0.428236 0.14298 0.428783
0.346276 8.1651e-05 0.653642
0.0688628 0.344363 0.586774
0.39213 0.60787 0
0.893173 0.106827 0
0.576963 0.423037 0
8.40778e-05 0.615446 0.38447
0.54482 0.204522 0.250658
0.107285 0.0344273 0.858288
0.517131 0.000101773 0.482768
8.96557e-05 7.3443e-05 0.999837
0.299247 0.105082 0.59567
0.652635 6.27829e-05 0.347302
9.69118e-05 0.4828 0.517103
0.33332 0.333358 0.333322
0.517211 0.482789 0
0.24063 0.240227 0.519143
0.168192 0.124703 0.707105
8.56123e-05 0.999914 0
0.0357325 0.71361 0.250658
0.999904 9.61898e-05 0
0.322371 0.677629 0
0.573085 0.104388 0.322527
0.267438 0.732562 0
0.766647 0.233353 0
0.144124 0.855876 0
2.56647e-05 0.311025 0.688949
0.712788 0.0356471 0.251565
8.91364e-05 0.233465 0.766446
0.283305 0.354847 0.361848
0.208151 0.54043 0.251419
0.142085 0.214145 0.64377
0.642206 0.357794 0
0.323168 0.215076 0.461756
0.143158 0.428803 0.428039
0.295298 6.96305e-05 0.704632
0.433401 0.0310865 0.535513
0.585882 5.63613e-05 0.414062
0.834297 0.165703 0
0.532952 0.0157537 0.451294
0.266945 0.437453 0.295602
0.215144 0.323161 0.461695
0.458625 0.541375 0
0.0667481 0.132181 0.80107
0.692946 0.307054 0
0.0685811 0.448651 0.482768
0.0303378 0.53464 0.435022
5.4487e-05 0.733302 0.266643
0.72119 1.44155e-05 0.278796
0.102207 0.292557 0.605237
0.245221 0.0636725 0.691106
0.966656 0.0333442 0
0.0665707 1.47194e-05 0.933415
0.104182 0.376546 0.519272
0.605167 0.144687 0.250146
0.179291 0.500319 0.32039
8.34524e-05 0.415747 0.584169
0.380642 0.0998836 0.519474
0.135423 0.613919 0.250658
0.476926 0.267585 0.255489
0.174432 0.0669985 0.75857
0.427267 0.236303 0.33643
0.169912 0.245412 0.584676
0.176008 0.34184 0.482152
0.0287757 0.166918 0.804306
0.92855 0.0714497 0
0.0279806 0.63531 0.33671
0.0916378 0.523404 0.384958
0.433191 8.52536e-05 0.566724
0.116765 0.0970637 0.786172
0.556314 0.0541915 0.389495
0.451091 0.16026 0.388649
0.424847 0.575153 0
0.315082 0.13345 0.551468
