0.448345 0.206821 0.344834
0.310328 0.241372 0.4483
0.285257 0.392321 0.322423
0.199994 0.800006 0
0.310343 0.310343 0.379314
0.517097 0.207093 0.27581
0.137936 0.482728 0.379335
0.103415 0.448431 0.448154
0.866667 0.133333 0
0.133333 0.866667 0
0.607087 0.392913 0
0.166643 8.92883e-05 0.833267
0.26923 0.73077 0
0.413574 0.000102004 0.586324
0.586145 0.000100173 0.413755
0.0333271 0.966673 0
0.73335 0.26665 0
0.392854 0.357146 0.25
0.214273 0.321408 0.464319
0.586045 0.138145 0.27581
0.234115 0.401278 0.364606
0.000103296 0.137925 0.861972
0.23999 0.76001 0
0.148124 0.444452 0.407424
0.000102171 0.749898 0.25
0.142801 0.21419 0.643009
0.892855 0.107145 0
0.285691 0.285692 0.428617
0.63992 0.000100633 0.359979
0.642854 0.357146 0
0.299379 0.187282 0.51334
0.107296 0.0343353 0.858369
0.44443 0.148106 0.407464
0.370377 0.629623 0
0.379308 0.0689699 0.551722
0.749898 0.000102096 0.25
0.000103276 0.517188 0.482709
9.99803e-05 0.9999 0
0.712817 0.0356002 0.251583
0.214274 0.000102434 0.785624
0.000103162 0.241363 0.758534
0.333325 0.333326 0.33335
0.766666 0.233334 0
0.310342 0.689658 0
0.107141 0.892859 0
0.517237 0.482763 0
0.175246 0.123772 0.700982
0.103473 0.586091 0.310436
0.413781 0.27587 0.310348
9.56366e-05 7.08981e-05 0.999833
0.346148 0.00010315 0.653749
0.9999 9.99553e-05 0
0.499995 0.250005 0.25
0.250004 0.499996 0.25
0.137925 0.379312 0.482763
0.000100685 0.607058 0.392842
0.0345121 0.689698 0.27579
0.172417 0.827583 0
0.448275 0.551725 0
0.543883 0.0679529 0.388164
0.827573 0.172427 0
0.0333332 0.0666664 0.9
0.576945 0.423055 0
0.0666566 9.8624e-05 0.933245
0.250868 0.0680952 0.681037
0.37931 0.241388 0.379302
0.0689575 0.137915 0.793128
0.400005 0.599995 0
0.700001 0.299999 0
0.0683197 0.409978 0.521703
0.933334 0.0666662 0
0.0666663 0.933334 0
0.0344301 0.275907 0.689663
0.206961 0.24136 0.55168
0.206926 0.448257 0.344817
0.647748 0.102252 0.25
0.46424 9.99978e-05 0.53566
0.172369 0.517282 0.310349
0.517188 0.000103258 0.482709
0.278829 0.137368 0.583802
0.487943 0.174241 0.337816
0.344682 0.172527 0.482791
0.0669856 0.502434 0.430581
0.137926 0.103443 0.758631
0.31062 0.413613 0.275768
9.65811e-05 0.379277 0.620627
0.431925 0.100261 0.467814
0.136373 0.613627 0.25
0.275818 0.000102131 0.72408
0.620683 0.068968 0.310349
0.103355 0.345412 0.551234
0.000103217 0.448234 0.551663
0.480005 0.519995 0
0.206897 0.172414 0.620688
0.966671 0.0333292 0
0.103449 0.172393 0.724158
8.86388e-05 0.655149 0.344763
0.111231 0.311063 0.577707
0.066677 0.300046 0.633278
0.310345 0.0689346 0.62072
