0.4 0.6 0
0.172373 0.275869 0.551758
0.8 0.2 0
0.310344 0.413794 0.275862
0.866666 0.133334 0
0.133339 0.866661 0
0.448285 0.103411 0.448304
0.37931 0.275862 0.344828
0.166646 9.50701e-05 0.833259
0.73077 0.26923 0
0.487591 0.136654 0.375756
0.000103326 0.586145 0.413752
0.0333335 0.966667 0
0.275861 0.310346 0.413793
0.310345 0.0689639 0.620691
0.357139 0.392861 0.25
0.379357 0.0689603 0.551683
0.142858 0.607142 0.25
0.214249 0.000102382 0.785649
0.000103327 0.379271 0.620625
0.0666597 2.42725e-05 0.933316
0.185183 0.407408 0.407409
0.34612 0.000103108 0.653777
0.749898 0.000102263 0.25
0.10714 0.89286 0
0.275873 0.379285 0.344842
0.444449 0.148148 0.407403
0.892854 0.107146 0
0.0356358 0.712795 0.25157
0.370371 0.629629 0
0.333333 0.33333 0.333337
0.299439 0.18717 0.51339
0.108657 0.311844 0.579499
0.107292 0.0343354 0.858373
0.206895 0.344828 0.448277
0.9999 9.99036e-05 0
0.519998 0.480002 0
0.413466 0.207522 0.379012
0.5 0.25 0.25
0.551727 0.448273 0
9.95321e-05 0.9999 0
0.000103434 0.517188 0.482709
0.827584 0.172416 0
0.629629 0.370371 0
0.066679 0.933321 0
0.0689584 0.34483 0.586211
0.482766 0.517234 0
0.175254 0.123725 0.701021
0.233332 0.766668 0
9.94427e-05 9.51977e-05 0.999805
0.000101002 0.63993 0.359969
0.214271 0.249975 0.535754
0.000103428 0.241355 0.758542
0.000103396 0.137872 0.862025
0.76 0.24 0
0.275737 0.000103284 0.72416
0.689654 0.034484 0.275862
0.966673 0.0333275 0
0.58611 0.103473 0.310418
0.517188 0.000103437 0.482709
0.517243 0.172412 0.310346
0.103447 0.551725 0.344828
0.31034 0.68966 0
0.607053 0.000101171 0.392846
0.689658 0.310342 0
0.0689672 0.137934 0.793098
0.068956 0.620698 0.310347
0.000102227 0.749898 0.25
0.0666712 0.433296 0.500033
0.17241 0.82759 0
0.250897 0.0681036 0.681
0.613636 0.136364 0.25
0.428571 0.571429 0
0.933328 0.0666724 0
0.34482 0.17241 0.482771
0.034472 0.275855 0.689673
0.464239 0.000100426 0.53566
0.413746 0.000103261 0.58615
0.066979 0.502391 0.43063
0.275867 0.137933 0.5862
0.214278 0.535722 0.25
0.344829 0.241379 0.413793
0.428567 0.285723 0.285709
0.17241 0.517244 0.310346
0.137931 0.103433 0.758636
0.241379 0.482759 0.275862
0.137928 0.413796 0.448276
0.137928 0.344839 0.517233
0.0333333 0.0666667 0.9
0.142856 0.214284 0.64286
0.396904 0.134028 0.469068
0.206896 0.448275 0.344829
0.000103299 0.44823 0.551667
0.502395 0.0669754 0.43063
0.269239 0.730761 0
0.59999 0.40001 0
0.206897 0.172412 0.620691
0.0689587 0.206881 0.72416
0.254086 0.274046 0.471867
0.655105 0.000103408 0.344792
