0.103445 0.517245 0.37931
0.199998 0.800002 0
0.172407 0.275853 0.55174
0.379319 0.206876 0.413806
0.24138 0.448275 0.310345
0.10344 0.172417 0.724143
0.866665 0.133335 0
0.133335 0.866665 0
0.241385 0.137916 0.620698
0.6 0.4 0
0.480003 0.519997 0
0.413793 0.275862 0.310345
0.269238 0.730762 0
0.448272 0.137922 0.413806
0.966671 0.0333295 0
0.0333331 0.966667 0
0.000103389 0.655105 0.344792
0.551667 0.000103005 0.44823
0.448278 0.551722 0
0.0999994 9.92078e-05 0.899901
0.551771 0.103437 0.344791
0.4342 0.3158 0.25
0.00010319 0.346122 0.653774
0.103452 0.310318 0.58623
0.25 0.5 0.25
0.000103256 0.137914 0.861983
0.655175 0.0344788 0.310346
0.733253 9.99845e-05 0.266647
0.260925 0.105581 0.633495
0.933334 0.0666662 0
0.0337556 0.426151 0.540093
0.633335 0.366665 0
0.310345 0.310345 0.37931
0.409041 0.147767 0.443192
0.615328 0.000102521 0.384569
0.000102185 0.749898 0.25
0.141978 0.0343181 0.823703
0.380016 0.0344422 0.585542
0.482709 0.000103397 0.517187
0.240001 0.240001 0.519999
0.370371 0.629629 0
0.148148 0.444445 0.407406
0.107142 0.892858 0
0.333335 0.333335 0.333331
9.96965e-05 0.9999 0
0.482746 0.241386 0.275869
0.0001034 0.517184 0.482713
0.759997 0.240003 0
0.206877 0.000103336 0.793019
0.299966 9.99056e-05 0.699934
8.72397e-05 8.92046e-05 0.999824
0.241394 0.379277 0.379329
0.8 0.2 0
0.517241 0.482759 0
0.9999 9.99145e-05 0
0.714287 0.0357131 0.25
0.240001 0.759999 0
0.0333325 0.0666644 0.900003
0.892856 0.107144 0
0.0344851 0.689654 0.275861
0.544504 0.204189 0.251307
0.517098 0.0689835 0.413918
0.214286 0.321429 0.464284
0.000101153 0.607081 0.392818
0.172417 0.827583 0
0.172426 0.137947 0.689627
0.103447 0.586208 0.310345
0.827586 0.172414 0
0.0742013 0.185162 0.740637
0.31034 0.68966 0
0.448263 0.20692 0.344817
0.275863 0.275863 0.448275
0.689656 0.310344 0
0.000103374 0.241356 0.758541
0.295894 0.407641 0.296466
0.100266 0.431837 0.467897
0.571428 0.428572 0
0.136363 0.613637 0.25
0.613637 0.136363 0.25
0.430731 0.0669524 0.502317
0.0666657 0.933334 0
0.730769 0.269231 0
0.172413 0.48276 0.344827
0.206895 0.068962 0.724143
0.357141 0.250001 0.392858
0.206897 0.206897 0.586206
0.137884 0.345052 0.517064
0.0344803 0.275866 0.689654
0.0669864 0.502388 0.430625
0.103448 0.103448 0.793104
0.344874 0.103387 0.55174
0.357147 0.392853 0.25
0.137931 0.241379 0.62069
0.357099 0.00010122 0.6428
0.172415 0.551721 0.275864
0.000101078 0.39282 0.607079
0.4 0.6 0
0.321477 0.178558 0.499965
0.517245 0.172408 0.310347
0.0333359 0.166685 0.799979
