3.94839e-05 0.0333307 0.96663
0.241377 0.137927 0.620696
0.241378 0.482761 0.275861
0.448285 0.10344 0.448275
0.482759 0.241379 0.275862
0.379316 0.310341 0.310343
0.413793 0.241378 0.344829
0.699999 0.300001 0
0.379313 0.206891 0.413796
0.37931 0.137931 0.482759
0.482763 0.137924 0.379313
0.2 0.8 0
0.392857 0.607143 0
0.0689529 0.655235 0.275812
0.566667 0.433333 0
0.766666 0.233334 0
0.0333328 0.966667 0
0.966667 0.0333329 0
0.172412 0.275863 0.551725
0.266667 0.733333 0
0.250002 0.392852 0.357146
0.379574 0.0344648 0.585961
0.428572 0.321428 0.25
0.586187 0.103453 0.31036
0.206897 0.206897 0.586206
0.105262 0.298247 0.596491
0.357143 0.392857 0.25
0.275862 0.310345 0.413793
0.260876 0.105589 0.633535
0.000103343 0.137931 0.861965
0.0333318 0.0666658 0.900002
0.000103176 0.65378 0.346117
0.0356389 0.712788 0.251573
0.09999 9.91089e-05 0.899911
0.142857 0.428572 0.428571
0.655172 0.0689655 0.275862
0.409093 0.147729 0.443178
0.357142 0.642858 0
0.629566 0.000100951 0.370333
0.933333 0.0666671 0
0.14306 0.0342792 0.822661
0.239999 0.239999 0.520003
0.103449 0.586204 0.310347
0.299976 9.99637e-05 0.699924
0.00010343 0.517187 0.482709
0.000103189 0.346119 0.653778
9.99836e-05 0.9999 0
0.482709 0.000103394 0.517187
0.607143 0.392857 0
0.204545 0.545455 0.25
0.0666665 0.933333 0
0.333333 0.333333 0.333333
9.91993e-05 9.24535e-05 0.999808
0.482761 0.517239 0
0.0740909 0.185182 0.740727
0.857142 0.142858 0
0.000103393 0.586146 0.413751
0.714289 0.0357109 0.25
0.73077 0.26923 0
0.107144 0.892856 0
0.733262 9.99026e-05 0.266638
0.9999 9.98943e-05 0
0.535715 0.214285 0.25
0.444454 0.259245 0.296301
0.800001 0.199999 0
0.0678376 0.389462 0.5427
0.0672649 0.538119 0.394616
0.172414 0.137931 0.689655
0.166667 0.833333 0
0.357107 0.000101435 0.642792
0.423076 0.576924 0
0.613636 0.136364 0.25
0.517245 0.0689647 0.41379
0.538461 0.461539 0
0.300001 0.699999 0
0.666667 0.333333 0
0.285711 0.464289 0.25
0.000103347 0.241362 0.758535
0.103448 0.103448 0.793104
0.214286 0.321428 0.464286
0.174261 0.487931 0.337808
0.206881 0.000103249 0.793016
0.344848 0.103445 0.551707
0.103448 0.241379 0.655172
0.464299 0.17855 0.357151
9.98381e-05 0.433287 0.566613
0.000102254 0.749898 0.25
0.430619 0.0669858 0.502395
0.344826 0.275861 0.379313
0.137931 0.344828 0.517241
0.321433 0.21428 0.464287
0.206891 0.0689619 0.724147
0.566607 9.99442e-05 0.433293
0.0344828 0.275862 0.689655
0.233332 0.766668 0
0.899998 0.100002 0
0.275862 0.172414 0.551724
0.0689654 0.448276 0.482759
0.136365 0.613635 0.25
0.0333337 0.166669 0.799998
