0.142923 0.367369 0.489708
0.186367 0.254296 0.559338
0.55932 0.186438 0.254242
0.0974561 0.49317 0.409374
0.331238 0.413998 0.254764
0.356635 0.167747 0.475618
0.652184 0.0978165 0.25
0.199977 0.500004 0.300018
0.733334 0.266666 0
0.266669 0.733331 0
0.122626 0.0831256 0.794248
0.399999 0.600001 0
0.6 0.4 0
0.199992 0.800008 0
0.800001 0.199999 0
0.842103 0.157897 0
0.044112 0.573498 0.38239
0.28125 0.156249 0.5625
0.131813 0.510696 0.35749
0.0496354 0.31679 0.633575
0.399992 0.199996 0.400012
0.0952469 0.904753 0
0.904752 0.0952476 0
0.556818 0.0719684 0.371213
0.642858 0.357142 0
0.190464 0.380927 0.428609
0.158963 0.300335 0.540702
0.478263 0.239131 0.282606
0.335571 0.0492189 0.61521
0.357143 0.642857 0
0.247817 0.286557 0.465626
0.237721 0.254826 0.507454
0.149472 0.0303686 0.82016
0.0254087 0.708795 0.265797
1 0 0
5.59639e-17 1 0
0.121699 0.269863 0.608437
0.333333 0.333333 0.333334
0.600001 0.149999 0.25
0.176538 0.187147 0.636316
0.0725542 0.370948 0.556497
0.399994 0.350006 0.25
0.0416478 0.0416478 0.916704
0.5 0.5 0
0.764701 0.235299 0
0.151018 0.452871 0.396111
0.331095 0.301003 0.367902
0.0891751 0.42038 0.490445
0 0 1
0.0307599 0.138707 0.830533
0.425417 0.0883917 0.486191
0.235297 0.764703 0
0.208322 0.208322 0.583357
0.6875 0.3125 0
0.115792 0.189431 0.694777
0.285722 0.464278 0.25
0.111117 0.111117 0.777767
0.475524 0.167825 0.356651
0.144234 0.605766 0.25
0.724138 0.0258619 0.25
0.157901 0.842099 0
0.371429 0.257141 0.37143
0.227271 0.454542 0.318187
0.23223 0.361426 0.406345
0.323664 0.231198 0.445138
0.571423 0.428577 0
0.282841 0.33972 0.377439
0.428571 0.571429 0
0.240324 0.0996892 0.659987
0.505705 0.133082 0.361213
0.0626907 0.216303 0.721007
0.428572 0.142856 0.428572
0.142699 0.128905 0.728396
0.172411 0.551727 0.275863
0.454549 0.295451 0.25
0.312493 0.687507 0
0.634165 0.0487636 0.317072
0.269194 0.437135 0.293671
0.5 0.25 0.25
0.491228 0.0175438 0.491228
0.274152 0.20741 0.518438
0.527951 0.155284 0.316765
0.379315 0.310332 0.310353
0.0833138 0.666686 0.25
0.0175393 0.49123 0.491231
0.339629 0.377359 0.283012
0.0384629 0.961537 0
0.0789237 0.131826 0.78925
0.961533 0.0384669 0
0.189762 0.0647989 0.745439
0.370386 0.111135 0.518479
0.303799 0.278485 0.417716
0.0983638 0.245951 0.655685
0.247329 0.136904 0.615767
0.235294 0.509802 0.254904
0.199997 0.299996 0.500007
0.246905 0.396445 0.356651
0.584619 0.123075 0.292306
0.0833322 0.611108 0.30556
0.445528 0.207915 0.346557
