0.6 0.4 0
0.199999 0.800001 0
0.275863 0.172413 0.551724
0.137905 0.482855 0.379239
0.413795 0.310344 0.275861
0.133342 0.866658 0
0.866665 0.133335 0
0.103447 0.448277 0.448277
0.275857 0.379313 0.34483
0.480009 0.519991 0
9.99971e-05 0.166663 0.833237
0.344827 0.0689655 0.586207
0.269232 0.730768 0
0.586146 0.000103417 0.413751
0.966668 0.0333325 0
0.0333333 0.966667 0
0.310343 0.310342 0.379315
0.448274 0.551726 0
0.274553 0.253908 0.471539
0.407407 0.185183 0.40741
0.892859 0.107141 0
0.607142 0.142858 0.25
0.0689655 0.310345 0.62069
0.103462 0.586152 0.310386
0.639934 0.000100963 0.359965
0.629629 0.370371 0
0.000103424 0.41375 0.586147
0.187577 0.299316 0.513107
0.502396 0.0669874 0.430616
0.392855 0.357145 0.25
0.379309 0.275863 0.344828
0.148149 0.444444 0.407407
0.370376 0.629624 0
0.517242 0.172413 0.310345
0.311925 0.108645 0.57943
0.517236 0.482764 0
8.73014e-05 9.57622e-05 0.999817
0.57143 0.42857 0
0.9999 9.98881e-05 0
0.1342 0.396828 0.468972
0.239998 0.760002 0
9.98581e-05 0.9999 0
0.517188 0.000103438 0.482709
0.379273 0.000103372 0.620624
0.241354 0.000103433 0.758542
0.124001 0.1752 0.700799
0.712793 0.0356362 0.251571
0.344859 0.137941 0.5172
0.0343355 0.107298 0.858367
0.333331 0.333331 0.333338
0.766667 0.233333 0
0.0344937 0.689647 0.275859
0.000103186 0.34612 0.653776
0.137908 0.000103393 0.861989
0.620691 0.0689633 0.310346
0.482759 0.241379 0.275862
0.25 0.5 0.25
0.551651 0.103462 0.344887
0.172414 0.344827 0.482759
0.214264 0.142843 0.642894
0.000101176 0.607066 0.392833
0.000102226 0.749898 0.25
0.689657 0.310343 0
0.172417 0.827583 0
0.310334 0.689666 0
0.749898 0.000102172 0.25
0.433129 0.0666906 0.500181
0.249998 0.214286 0.535716
0.0689556 0.379385 0.551659
0.827583 0.172417 0
0.068098 0.250896 0.681006
9.49863e-05 0.0666547 0.93325
0.172413 0.103448 0.724138
0.137934 0.0689672 0.793098
0.172416 0.206888 0.620696
0.206915 0.413784 0.379302
0.0666667 0.933333 0
0.107143 0.892857 0
0.000100392 0.464239 0.53566
0.933332 0.0666679 0
0.275868 0.034477 0.689655
0.137931 0.275862 0.586207
0.000103341 0.517188 0.482709
0.000103383 0.655105 0.344792
0.535718 0.214282 0.25
0.000102403 0.214259 0.785638
0.241383 0.344818 0.413799
0.285713 0.428569 0.285718
0.413793 0.137931 0.448276
0.172414 0.517241 0.310345
0.066979 0.502405 0.430616
0.103449 0.137929 0.758623
0.0666616 0.0333308 0.900008
0.000103302 0.275832 0.724065
0.136364 0.613636 0.25
0.448278 0.206894 0.344828
0.44823 0.000103381 0.551667
0.730767 0.269233 0
0.344821 0.241378 0.4138
0.4 0.6 0
