0.310345 0.241379 0.448276
0.103448 0.275856 0.620697
0.200004 0.799996 0
0.379323 0.310333 0.310344
0.13334 0.86666 0
0.60714 0.39286 0
0.206876 0.448288 0.344836
0.413758 9.33666e-05 0.586149
0.166648 5.97124e-05 0.833292
0.620693 0.0689606 0.310346
0.269224 0.730776 0
0.586141 0.000103333 0.413756
0.13793 0.413801 0.448269
0.0333193 0.966681 0
0.966664 0.0333357 0
0.733334 0.266666 0
0.142858 0.214295 0.642847
0.137735 0.34573 0.516536
0.214288 0.321431 0.464282
0.310344 0.689656 0
9.89281e-05 8.42853e-05 0.999817
0.21431 0.000102311 0.785587
0.275857 0.448286 0.275857
0.000101882 0.749897 0.250001
0.000103217 0.137916 0.861981
0.517237 0.482763 0
0.892855 0.107145 0
0.379363 0.0689597 0.551678
0.250684 0.0681251 0.681191
0.444435 0.148145 0.40742
0.866637 0.133363 0
0.108886 0.31189 0.579224
0.639924 0.000100992 0.359975
0.480008 0.519992 0
0.699995 0.300005 0
0.642848 0.357152 0
0.299445 0.187199 0.513356
0.10715 0.89285 0
0.370372 0.629628 0
0.000103432 0.517187 0.482709
0.517189 0.000103123 0.482708
0.310348 0.0689544 0.620698
9.96779e-05 0.9999 0
0.357147 0.392852 0.250001
0.999902 9.833e-05 0
0.000103264 0.379261 0.620635
0.346116 0.000102463 0.653782
0.76667 0.23333 0
0.0344814 0.275873 0.689646
0.586209 0.137933 0.275858
0.107274 0.0343423 0.858384
0.175115 0.124405 0.70048
0.310345 0.310345 0.37931
0.0333341 0.0666682 0.899998
0.0689613 0.344829 0.58621
0.25 0.499999 0.250001
0.239977 0.760023 0
0.103621 0.585508 0.310871
0.000100916 0.607029 0.39287
0.482785 0.137887 0.379328
0.000103319 0.241361 0.758536
0.333343 0.333343 0.333314
0.379309 0.241379 0.379312
0.712791 0.0356398 0.251569
0.499999 0.25 0.250001
0.0344933 0.689648 0.275859
0.464256 0.000100127 0.535644
0.448268 0.551732 0
0.103444 0.172412 0.724144
0.749897 0.000101903 0.250001
0.172428 0.827572 0
0.827587 0.172413 0
0.576928 0.423072 0
0.0689656 0.137931 0.793103
0.068329 0.409961 0.52171
0.137933 0.482755 0.379312
0.543692 0.0679649 0.388343
0.136381 0.613618 0.250001
0.000103381 0.655104 0.344792
0.234063 0.401211 0.364727
0.0666623 9.99642e-05 0.933238
0.933332 0.0666676 0
0.0666538 0.933346 0
0.206887 0.241383 0.55173
0.647708 0.102291 0.250001
0.172411 0.517243 0.310346
0.275948 0.137918 0.586134
0.517235 0.172412 0.310353
0.428568 0.285718 0.285714
0.137927 0.103443 0.75863
0.148144 0.444441 0.407415
0.344826 0.172415 0.482758
0.0669843 0.502376 0.43064
0.285708 0.285707 0.428585
0.431567 0.100165 0.468267
0.275834 0.000103209 0.724063
0.000103394 0.448228 0.551668
0.4 0.6 0
0.448286 0.206882 0.344832
0.206883 0.172414 0.620703
