0.6 0.4 0
0.275853 0.172416 0.551731
0.200002 0.799998 0
0.137913 0.482827 0.37926
0.866637 0.133363 0
0.133339 0.866661 0
0.172414 0.344827 0.482759
0.103448 0.448277 0.448276
0.27586 0.379311 0.344829
0.480016 0.519984 0
0.000103388 0.413749 0.586147
0.517247 0.172405 0.310348
9.9967e-05 0.166654 0.833246
0.344834 0.068955 0.586211
0.344822 0.206898 0.44828
0.269226 0.730774 0
0.586152 0.000103416 0.413744
0.0333289 0.966671 0
0.000103401 0.655105 0.344792
0.13793 0.275867 0.586203
0.482755 0.137933 0.379312
0.392855 0.357145 0.25
0.103491 0.586037 0.310472
0.379271 0.000103436 0.620626
0.137927 0.0689634 0.79311
0.241384 0.344821 0.413795
0.966668 0.0333318 0
0.407404 0.185186 0.40741
0.639937 0.000100931 0.359962
0.482758 0.241379 0.275862
0.107143 0.892857 0
0.629625 0.370375 0
0.333341 0.333338 0.333321
0.517241 0.482759 0
0.187168 0.299462 0.513371
0.44823 0.000103428 0.551667
0.034336 0.107297 0.858367
0.370372 0.629628 0
0.448274 0.551726 0
0.000102138 0.749898 0.25
0.9999 9.97574e-05 0
0.310344 0.689656 0
0.311941 0.108662 0.579398
0.517188 0.000103418 0.482709
0.892859 0.107141 0
9.99752e-05 0.9999 0
0.274654 0.25388 0.471465
0.000100981 0.607081 0.392818
0.0689631 0.379359 0.551678
0.25 0.5 0.25
0.00010237 0.21428 0.785618
0.607138 0.142862 0.25
9.47762e-05 9.39517e-05 0.999811
0.0344787 0.689692 0.275829
0.137888 0.000102542 0.86201
0.172414 0.51724 0.310345
0.241355 0.00010332 0.758542
0.148149 0.444444 0.407407
0.24 0.76 0
0.123785 0.175285 0.70093
0.766671 0.233329 0
0.249995 0.214281 0.535724
0.712782 0.0356447 0.251574
0.000103209 0.346104 0.653793
0.000103399 0.517188 0.482709
0.551631 0.103437 0.344931
0.214285 0.142857 0.642858
0.689659 0.310341 0
0.172415 0.827585 0
0.206935 0.413773 0.379292
0.749898 0.000102211 0.25
0.433277 0.0666749 0.500048
0.827586 0.172414 0
0.0681514 0.25035 0.681498
0.0689652 0.310345 0.62069
0.0669862 0.502397 0.430617
8.01298e-05 0.0666516 0.933268
0.066663 0.933337 0
0.933348 0.0666522 0
0.000103118 0.275833 0.724063
0.571427 0.428573 0
0.275856 0.0344785 0.689666
0.344859 0.137925 0.517217
0.00010043 0.46424 0.535659
0.502391 0.0669923 0.430617
0.535713 0.214287 0.25
0.285719 0.428575 0.285706
0.448278 0.206893 0.344829
0.344827 0.275864 0.379309
0.103449 0.137925 0.758626
0.0666699 0.033335 0.899995
0.620697 0.0689539 0.310349
0.134206 0.396824 0.468971
0.73077 0.26923 0
0.400001 0.599999 0
0.172416 0.206885 0.620699
0.17238 0.10343 0.72419
0.136363 0.613637 0.25
0.413793 0.275862 0.310345
0.413796 0.137924 0.448279
