0.88983 0.11017 0
0.00432426 0.0955582 0.900118
1.38203e-07 0.232061 0.767939
0.308285 0.27692 0.414796
0.745604 0.254396 0
0.494956 0.162442 0.342603
3.59842e-08 0.324619 0.67538
0.46433 0.53567 0
0.232728 0.22579 0.541482
0.622672 0.377328 0
0.298615 0.128191 0.573194
0.421287 0.104862 0.473851
0.289182 0.710818 0
0.0958225 0.473075 0.431103
0.341251 0.408748 0.25
0.164411 0.246446 0.589143
0.371212 0 0.628788
0.389641 0.610359 0
0.546914 0.453087 9.25466e-08
0.130625 0.201668 0.667707
0.531803 0.218197 0.25
0.082507 0.28692 0.630573
5.59004e-09 0.16146 0.83854
0.0922483 0.657751 0.25
0.0534492 0.00538518 0.941166
0.0722839 0.425376 0.50234
0.276408 0.250681 0.472911
0 0.75 0.25
0.248339 0.751661 0
0.0575919 0.942408 0
0.575007 0.151455 0.273538
2.77556e-17 1 0
0.379261 0.0841209 0.536618
0.126638 1.22319e-15 0.873362
0.247379 0.0302747 0.722346
0.130869 0.869131 0
0.28109 0.37043 0.34848
0.363644 0.188022 0.448334
0.00208072 0.519917 0.478002
0.0683159 0.133595 0.798089
0.0997141 0.900286 0
0.426954 0.573046 0
0.644166 0 0.355834
0.228966 0.521033 0.250001
0.455376 0.266752 0.277872
0.087641 0.584936 0.327423
0.144877 0.0933126 0.761811
0.816841 0.183159 0
0.217275 0.471476 0.311249
0.0331806 0.561224 0.405595
0.584068 0.415932 0
0.0273819 0.972618 0
0.291078 0.445029 0.263894
0.132264 0.520895 0.346842
0.181363 0.818637 0
0.0593534 0.2183 0.722346
0.217957 0.16222 0.619824
0.406799 0.229528 0.363673
0.0884076 0.0569417 0.854651
0.479406 0.0184206 0.502173
0.117897 0.326956 0.555147
0.664956 0.335044 0
0.855316 0.144684 0
0.779792 0.220208 0
0.346603 0.311248 0.342149
0 0.636 0.364
0.580923 0.0138034 0.405273
0.711639 0.288361 0
0.327762 0.672238 0
0.25718 0.0915998 0.65122
0.351384 0.648616 0
0.231824 0.340056 0.42812
1.62899e-08 0.458518 0.541482
0.182549 0.00649803 0.810953
0.323892 0.173644 0.502464
0.927395 0.0726049 0
0.0096266 0.392573 0.597801
0.194319 0.430075 0.375605
0.442087 0.149803 0.40811
0.287663 4.86716e-06 0.712332
0.678753 0.034985 0.286262
0.160126 0.580879 0.258995
1 0 0
0.422181 0.327818 0.250001
0 0 1
0.150504 0.374475 0.475021
0.0377034 0.664412 0.297885
0.75 0 0.25
0.322299 0.0529179 0.624783
0.215656 0.784344 0
0.501728 0.0800061 0.418266
0.507003 0.492997 0
0.416598 0.00857195 0.57483
0.646876 0.103123 0.250001
0.527108 8.96942e-11 0.472892
0.965874 0.034126 0
0.168332 0.129287 0.702381
0.337836 0.361797 0.300367
0.576505 0.0843308 0.339164
0.203965 0.289316 0.506718
