0.497167 0.502833 0
0.0409161 0.527361 0.431723
0.143421 0.537337 0.319242
0.0653593 0.68464 0.250001
0.49171 0.0806841 0.427605
8.46797e-12 0.667856 0.332144
0.353047 0.259125 0.387829
0.189738 0.210167 0.600095
0.166828 0.010657 0.822515
6.38656e-10 0.502309 0.497691
0.224628 0.140581 0.634792
0.395718 0.126104 0.478178
0.395011 0.604989 0
0 1 0
0.430801 5.81406e-06 0.569194
0.672842 0.327158 0
0.650256 0 0.349744
0.913535 0.0864651 0
0.31394 0.436044 0.250016
0.636384 0.363616 0
0.111475 0.0818193 0.806705
0.401957 0.27393 0.324113
0.347635 0.361048 0.291317
0.445639 0.0443911 0.50997
0.370734 0.197744 0.431522
0.570593 0.429407 0
0.482095 0.267904 0.250001
0.14376 0.158094 0.698146
0.187376 0.812624 0
0.709232 0.290768 0
0.328099 0.164278 0.507623
0.109728 3.80711e-07 0.890272
0.602935 0.0803701 0.316695
0.236963 0.356654 0.406383
0.109622 0.378776 0.511602
0.114148 0.885852 0
0.298845 0.0960317 0.605123
1.09907e-13 0.1153 0.8847
0.31164 0.3229 0.36546
2.72653e-18 0.392934 0.607066
0.874299 0.125701 0
0.171474 0.473058 0.355467
0.534596 0.465404 0
0.0905337 0.459454 0.450012
0.749999 0 0.250001
0 0 1
0.311088 0.0119412 0.676971
0.0946873 0.629809 0.275503
0.460296 0.225518 0.314186
0.45807 0.54193 0
0.222035 0.521615 0.256351
0.956146 0.0438543 0
0.522338 0.131598 0.346065
5.20417e-18 0.749999 0.250001
0.0314538 0.31432 0.654226
0.238717 0.458471 0.302812
0.261463 0.391201 0.347336
0.35539 0.0842762 0.560333
0.0368791 0.11288 0.850241
3.8439e-13 0.281215 0.718785
0.296183 0.703817 0
0.0324675 0.441604 0.525928
0.216777 0.783223 0
0.238113 0.0675479 0.694339
0.579666 0.00375441 0.41658
0.0642826 0.176698 0.759019
0.829017 0.170983 0
0.23233 0.24692 0.52075
0.442538 0.155746 0.401715
0.259351 0.740649 0
0.785696 0.214304 0
0.24327 6.65591e-05 0.756663
0.680257 0.0228182 0.296924
0.429259 0.570741 0
0.000114815 0.604611 0.395274
0.745572 0.254428 0
0.16243 0.092032 0.745538
0.150591 0.849409 0
0.368687 0 0.631313
0.149204 0.42036 0.430436
0.523765 1.17123e-07 0.476235
0.363212 0.636788 0
0.0724492 0.927551 0
0.0430045 0.0209102 0.936085
0.188366 0.334297 0.477337
0.409928 0.340072 0.250001
0.556219 0.19378 0.250001
0.0816963 0.328871 0.589433
0.260675 0.18944 0.549885
0.599953 0.400047 0
1 0 0
0.3308 0.6692 0
0.108042 0.235814 0.656143
9.06214e-11 0.197094 0.802906
0.0377046 0.962295 0
0.0703297 0.553633 0.376037
0.643673 0.106311 0.250016
0.172223 0.577776 0.250001
0.16364 0.278055 0.558305
0.275374 0.28068 0.443945
