0.376531 0.244438 0.379031
0.205701 0.320343 0.473956
0.033635 0.966365 0
0.311359 0.688641 0
0 0.559898 0.440102
0.26655 0.73345 0
0.608219 0.0789408 0.31284
0.480842 0.0815265 0.437631
0.173527 0 0.826473
0.101212 8.00627e-06 0.89878
0.961034 0.0389661 0
0.539265 0.119761 0.340974
0.171905 0.394593 0.433502
0.0123327 0.67501 0.312657
0.265107 0.476534 0.258359
0.0902243 0.445843 0.463932
0.207508 0.124669 0.667823
0.125806 0.483465 0.390728
0.0717808 0.134213 0.794006
0.149305 0.227133 0.623562
1.41236e-05 0.101052 0.898934
0.634467 4.45885e-14 0.365533
0.00566234 0.346132 0.648206
0.551725 0.448275 0
0.0708932 0.248526 0.680581
0.0874397 0.314866 0.597695
0.296599 0.374738 0.328663
0.224465 0.404633 0.370902
0.17528 0.27414 0.550581
0.336526 0.208161 0.455313
0.810921 0.189079 0
0.185403 0.814597 0
0.00642866 0.156781 0.83679
0.0568212 0.400106 0.543072
0.0871188 0.0569394 0.855942
0.84644 0.15356 0
3.17853e-05 0.271978 0.72799
0.566626 0.0316826 0.401691
0.424625 0.267383 0.307992
0.472315 0.000118655 0.527567
0.0778124 0.672187 0.25
0.250776 0.237179 0.512045
0.773639 0.226361 0
0.223406 0.776594 0
0 0 1
0.637851 0.112148 0.25
0.126607 0.356825 0.516568
0.415453 0.0440315 0.540516
0.222288 0.0612355 0.716477
0.463671 0.165948 0.37038
0.000473878 0.482437 0.51709
0.381941 0.119595 0.498463
0.334516 0.0764104 0.589074
0.75 0 0.25
0.157133 0.522604 0.320263
0 0.75 0.25
0.666516 0.333484 0
0.596893 0.403107 0
0.100356 0.171653 0.72799
0.474773 0.525227 0
0.0663096 0.93369 0
0.338281 0.314742 0.346977
0.435417 0.564583 0
9.46535e-18 0.614909 0.385091
0.245518 0.000760006 0.753722
0.736556 0.263444 0
0.216961 0.182321 0.600718
0.430491 0.152285 0.417224
0.512868 0.487132 0
0.0802887 0.591382 0.32833
0.108974 0.891026 0
0 1 0
0.395973 0.604027 0
0.921174 0.0788264 0
0.310998 0.160619 0.528383
8.31263e-17 0.413068 0.586932
0.204273 0.545727 0.25
0.682184 0.0229151 0.294901
0.0343488 0.0267296 0.938922
0.148741 0.0799351 0.771324
0.304079 0.0152328 0.680688
0.410066 0.338699 0.251236
2.55508e-05 0.218631 0.781343
1 0 0
0.263129 0.0931653 0.643705
0.880911 0.119089 0
0.376485 0 0.623515
0.284508 0.290333 0.42516
0.630295 0.369705 0
0.214118 0.471354 0.314528
0.703065 0.296935 0
0.349121 0.400879 0.25
0.485229 0.264771 0.25
0.490758 0.205273 0.30397
0.357276 0.642724 0
0.0658847 0.54862 0.385495
0.145846 0.854154 0
0.553514 0.189763 0.256723
0.139289 0.595063 0.265647
0.534313 1.23387e-12 0.465687
