0.487846 0.167584 0.34457
0.814815 0.185185 0
0.514602 0.235397 0.25
0.526022 0.075231 0.398747
0.744424 0.255576 0
0.555437 0.100263 0.3443
0.75 0 0.25
0.110877 0.639102 0.250022
0.207912 0.382072 0.410016
0.171227 0.460069 0.368704
0.233194 0.0111318 0.755674
0.970268 0.0297322 0
0.439197 0.274153 0.28665
0.16233 0.173341 0.664329
0.423021 0.215392 0.361587
0.404636 0.344799 0.250564
0.25243 0.420888 0.326682
0.237532 0.762468 0
0.14557 0.0744984 0.779931
0.000241899 0.192233 0.807525
0.108335 0.130459 0.761205
0.780322 0.219678 0
0.881435 0.118565 0
0.628035 0.371965 0
0 0.482305 0.517695
0.221555 0.503572 0.274874
1.2442e-05 0.564951 0.435036
0.437802 2.70228e-05 0.562171
0.292923 0.101979 0.605099
0.350422 0.113851 0.535727
0.420056 0.579944 0
1.05571e-05 0.37377 0.62622
0.246498 0.24444 0.509062
0.603026 0.146974 0.25
0.0541823 0.473431 0.472387
0 0 1
0.189841 0.0930564 0.717103
0.147484 0.284518 0.567998
0.34901 0.65099 0
0.0990818 1.63209e-07 0.900918
0.540161 0.155661 0.304178
0.312367 0.195695 0.491938
0.367977 0.307973 0.32405
0.587169 0.412831 0
0.247444 0.156569 0.595987
0.547817 6.11953e-07 0.452183
0.0278464 0.417105 0.555049
0.40603 0.0678796 0.52609
1.07433e-06 0.647323 0.352676
0.256688 0.0695452 0.673767
0.106334 0.246281 0.647385
0.113486 0.368925 0.517588
0 1 0
0.485883 0.514117 0
0.0641493 0.548803 0.387048
0.0794114 0.608813 0.311776
0.074429 0.0896287 0.835942
0.265455 0.303486 0.431059
0.384881 0.615119 0
0.614693 5.09093e-09 0.385307
1.23198e-08 0.244326 0.755674
0.164878 0.835122 0
0.123562 0.876438 0
0.0328026 0.687941 0.279256
0.335278 0.394936 0.269786
0.667688 0.332312 0
0.200175 0.799825 0
0.297462 0.452538 0.25
0.163243 9.31466e-08 0.836757
0.453676 0.546324 0
0.303965 0.366041 0.329994
0.122947 0.436246 0.440807
0.153471 0.515783 0.330745
0.354973 0.0348252 0.610202
0.670336 0.00193268 0.327732
0.48229 0.020469 0.497241
0.705655 0.294345 0
0.332135 0.262313 0.405552
0.314578 5.37088e-07 0.685422
0.019203 0.0395389 0.941258
0.0806939 0.919306 0
0.313213 0.686787 0
1 0 0
0.0155867 0.299427 0.684987
0.000206247 0.109593 0.8902
0.384987 0.184905 0.430108
0 0.75 0.25
0.27569 0.72431 0
0.851627 0.148373 0
0.187034 0.562944 0.250022
0.0408755 0.959125 0
0.0737706 0.2029 0.72333
0.666352 0.0824188 0.25123
0.0699294 0.331544 0.598527
0.930796 0.0692036 0
0.518917 0.481083 0
0.204428 0.218283 0.577289
0.449609 0.101299 0.449092
0.55063 0.44937 0
0.187681 0.327935 0.484384
