0 0.681555 0.318445
0.527424 0.0955334 0.377042
0.43705 0.00602548 0.556924
0.331967 0.418032 0.250001
0.296822 0.703178 0
0.440002 0.559998 0
1 0 0
0.699627 0.300373 0
0.369155 0.630845 0
0.210107 0.413022 0.376871
0.19316 1.6698e-12 0.80684
0.179639 0.359899 0.460462
0.0378045 0.962196 0
0.589382 0.410618 0
0.1124 1.53767e-05 0.887584
0.609508 0.0464865 0.344005
0.600712 0.149252 0.250036
0.070095 0.227902 0.702003
0.250943 0.498501 0.250556
0.676628 0.000102103 0.32327
0.0174175 0.171087 0.811495
0.733223 0.266777 0
0.57326 0.11358 0.313161
0.20572 0.047727 0.746553
0.278188 0.366058 0.355753
0.266307 0.183846 0.549847
0.238454 0.319611 0.441935
0.868435 0.131565 0
0.965148 0.0348524 0
0.518309 0.481691 0
0.174628 0.241075 0.584297
0.190204 0.504111 0.305685
0.0687614 0.931239 0
0.136082 0.863918 0
0.586799 0 0.413201
0.100683 0.649316 0.250001
0.335455 0.664545 0
0.21344 0.145642 0.640917
0.374561 0.206386 0.419053
0.103724 0.896276 0
0.129379 0.337141 0.53348
0.355732 0.151439 0.492829
0.771642 0.228358 0
0.441433 0.12755 0.431017
1.81332e-17 0.326658 0.673342
0.377684 0.0860049 0.536311
0.211729 0.788271 0
0.289823 0.242912 0.467265
3.02497e-17 0.54493 0.45507
0.931938 0.0680619 0
0.308868 0 0.691132
0.0628049 0.538699 0.398496
0.179101 0.102835 0.718064
0.260712 0.0779411 0.661347
0.0965557 0.0608163 0.842628
0.0952996 0.586793 0.317907
0.0824452 0.406178 0.511377
3.42542e-17 0.617069 0.382931
0.495878 0.179859 0.324263
0.259296 0.433242 0.307463
0.898755 0.101245 0
0.204304 0.282043 0.513652
0.0166166 0.0378106 0.945573
0.142584 0.500086 0.35733
0.479724 0.520276 0
0.0926979 0.286001 0.621301
0 0.749999 0.250001
0.145959 0.189975 0.664065
0.106922 0.146526 0.746553
0.628092 0.371908 0
0.403494 0.346505 0.250001
0.835929 0.164071 0
0.550705 0.449295 0
0.357715 0.328712 0.313573
5.55112e-17 1 0
0.128563 0.456098 0.415338
0.325007 0.0746081 0.600385
0.0564111 0.370214 0.573375
0.253805 0.746195 0
2.56408e-17 0.461904 0.538096
0.166845 0.833155 0
0.806124 0.193876 0
0.664467 0.335533 0
0.131269 0.0783733 0.790357
4.82567e-11 0.13057 0.86943
2.254e-17 0.406045 0.593955
0.473898 0.0672601 0.458842
0.532254 0.213972 0.253775
0.467066 0.282933 0.250001
0 0 1
5.33044e-11 0.241669 0.758331
0.749999 0 0.250001
0.404861 0.595139 0
0.378068 2.44347e-12 0.621932
0.66208 0.0878123 0.250108
0.157923 0.588659 0.253418
0.410723 0.226311 0.362966
0.318353 0.284297 0.39735
0.523119 0 0.476881
0.0501816 0.487492 0.462326
