0.207523 0.792477 0
1.78925e-05 0.257312 0.74267
0.609801 0.0648618 0.325338
0.931448 0.0685519 0
0.410776 0.589224 0
0.316689 0.683311 0
0.515128 0.484872 0
0.128248 0.278118 0.593635
0 0.75 0.25
0.444683 0.555317 0
0.151246 0.598746 0.250008
0.217922 0.53207 0.250008
0.828394 0.171606 0
0.309249 0.0993742 0.591377
0.0661511 0.933849 0
0.159986 0.174969 0.665045
0.191212 0.236561 0.572227
0.729355 0.270645 0
0 1 0
4.31482e-05 0.396644 0.603312
0.135239 0.864761 0
0.61801 0.38199 0
0.336724 0.25987 0.403406
0.582898 0.417102 0
0.112876 0.552652 0.334472
0.0389274 0.189666 0.771407
0.224867 0.317359 0.457775
0.576982 0.146483 0.276535
0.899588 0.100412 0
0.154829 0.331416 0.513755
0.227678 4.55078e-08 0.772322
0.0908464 0.518811 0.390343
0.000426093 0.469708 0.529865
0.279897 0.336555 0.383548
0.391267 0.0693814 0.539352
0.758993 0.241007 0
0.0706516 0.463928 0.465421
0.456864 0.0810135 0.462122
0.75 0 0.25
0.467633 0.281031 0.251337
0.428369 0.199707 0.371925
0.128166 0.429535 0.442299
4.06308e-05 0.593377 0.406582
0.196745 0.400838 0.402417
1 0 0
0.797526 0.202474 0
0.65354 0.34646 0
0.511666 0.000101086 0.488233
3.4078e-06 0.109773 0.890224
0.676385 0.0204688 0.303146
0.186624 0.0904656 0.722911
0.61648 8.81231e-05 0.383431
1.93642e-07 0.665051 0.334949
0.0663426 0.330345 0.603312
0.100145 0.238806 0.661049
0.226465 0.146117 0.627418
0.480299 0.519701 0
0.256232 0.241869 0.501899
0.181245 0.476427 0.342328
0.280855 0.719145 0
0.344913 0.150845 0.504242
0.114059 0.134662 0.751279
0.669617 0.0803826 0.25
0.0805738 0.0882437 0.831183
0.86342 0.13658 0
0.312141 0.375327 0.312532
0.0224718 0.298857 0.678671
0.0354064 0.0354917 0.929102
0.536854 0.213146 0.25
2.79164e-05 0.146354 0.853618
0.556666 0.0218728 0.421461
0.0794077 0.670592 0.25
0.350479 0 0.649521
0.245684 0.754316 0
0.426233 0.0106011 0.563166
0.255591 0.4513 0.293109
0.34965 0.65035 0
0.505758 0.11213 0.382111
0.392651 0.28599 0.32136
0.550202 0.449798 0
0.396257 0.170075 0.433668
0.972335 0.0276646 0
0.101828 0.898172 0
0.0608 0.382626 0.556574
0.398819 0.35118 0.25
0.324196 0.425796 0.250008
0.14681 0.0466172 0.806573
0 0 1
0.492003 0.186638 0.32136
0.299481 0.229895 0.470624
0.0131852 0.534316 0.452499
0.0343038 0.965696 0
0.38175 0.61825 0
0.253997 0.199497 0.546507
0.0635958 0.620427 0.315977
0.166368 0.833632 0
0.266358 0.071909 0.661733
0.685809 0.314191 0
0.112883 3.82128e-06 0.887113
0.28833 0.00610432 0.705566
