0.741406 0.258594 0
0.0135381 0.218314 0.768147
0.620736 0.0773594 0.301904
0.339128 0.660872 0
0.412016 0.213093 0.374892
8.0577e-05 0.180955 0.818965
0.637203 0.362797 0
0.0383835 0.961616 0
0.0713596 0.0496626 0.878978
0.157584 0.216607 0.625809
0.0946881 0.655312 0.25
0.183649 0.816351 0
0.588813 0.0142082 0.396979
0.0709653 0.33952 0.589515
0.0755022 0.924498 0
0.00245273 0.38475 0.612797
0.127183 0.488563 0.384254
0.28218 0.309928 0.407892
0.351342 0.0858449 0.562813
0.522067 0.2279 0.250032
1 0 0
0.447989 0.147593 0.404417
0.223957 0.277299 0.498745
0.115996 0.418614 0.46539
0.476944 0.208907 0.314149
0.135186 0.864814 0
0.0788777 0.616489 0.304633
0.475274 0.0812273 0.443499
0.304958 0.695042 0
0.850649 0.149351 0
0 0 1
0.290858 0.200216 0.508927
0.812135 0.187865 0
0.371358 0.378642 0.25
0.0110698 0.450437 0.538493
0.187168 0.0457315 0.767101
0.412945 0 0.587055
0.0846337 0.46907 0.446296
0.16281 0.00124743 0.835943
0.304805 0.445195 0.25
0.0895104 0.168441 0.742048
0.0854387 9.28374e-05 0.914468
0.000903078 0.555598 0.443499
3.40478e-17 1 0
0.207342 0.395365 0.397293
0.888302 0.111698 0
0.0346987 0.129986 0.835315
0.338602 0.0333929 0.628005
0.672793 0.327207 0
0.462077 0.287923 0.25
0.262683 0 0.737317
0.108961 0.0815251 0.809514
0.358967 0.293922 0.347111
0.543951 0.0975867 0.358462
0.777064 0.222936 0
0.219268 0.0907809 0.689951
0.75 0 0.25
0.18132 0.36105 0.457631
0.374385 0.625615 0
0.211662 0.461165 0.327173
0.283649 0.0980059 0.618345
0.14692 0.284878 0.568201
0.172594 0.577405 0.25
0.408659 0.313638 0.277703
0.0837978 0.377709 0.538493
0.413219 0.586781 0
0.530071 0.469929 0
0.539192 0 0.460808
0.379181 0.160725 0.460094
0.133203 0.550382 0.316415
0.279948 0.388123 0.331929
0.0226052 0.593141 0.384254
0.310049 0 0.689951
0.264479 0.735521 0
0.51839 0.151223 0.330387
0.681131 0.0610211 0.257848
0.451944 0.548056 0
0.337171 0.234146 0.428682
0.603508 0.396492 0
0.704947 0.295053 0
0.472568 0 0.527432
0.601292 0.148708 0.25
0.231219 0.503776 0.265005
0 0.672469 0.327531
0.14927 0.124198 0.726533
0.108836 0.891164 0
0.927757 0.0722435 0
0.183604 0.158506 0.65789
1.08057e-07 0.0783838 0.921616
0.082527 0.252487 0.664986
0.567027 0.432973 0
0.235867 0.180105 0.584028
0 0.75 0.25
0.662224 0 0.337776
0.965659 0.0343409 0
7.13042e-05 0.498417 0.501512
0.492204 0.507796 0
0.224361 0.775639 0
0.407216 0.0766597 0.516124
1.16469e-08 0.304032 0.695968
