0.099105 0.000159339 0.900736
0.210456 0.285307 0.504237
3.11736e-19 0.749998 0.250002
2.23222e-17 0.246673 0.753327
0.253947 0.000649821 0.745403
0.669834 0.330166 0
0.415286 0.156212 0.428502
0.596187 0.403813 0
0.256378 0.121139 0.622483
0.161192 0.838808 0
0.128443 0.871557 0
0.282104 0.309028 0.408869
0.0806277 0.209085 0.710287
0.0975569 0.902443 0
0.30646 0.69354 0
0.0845028 0.0713563 0.844141
1 0 0
0.47964 0.270358 0.250002
0.33417 0.0771816 0.588649
1.44055e-19 0.346579 0.653421
0.338834 0.000994266 0.660172
0.473826 0.0522666 0.473908
0.575894 0.105489 0.318617
0.16247 0.358791 0.478738
0.337197 0.203222 0.459581
0.272005 0.044958 0.683037
0.560623 0.439377 0
0.0469459 0.362477 0.590577
0.0371052 0.531595 0.4313
0.373831 0.1192 0.506969
0.000177431 0.687932 0.31189
0.429117 0.0397358 0.531147
0.745654 0.254346 0
1.08855e-07 0.607668 0.392332
0.0273015 0.131246 0.841452
0.623606 0.126393 0.250002
0.325859 0.34617 0.32797
2.50405e-15 0.189078 0.810922
0.521527 0.478473 0
0.106046 0.264134 0.62982
0.560652 0 0.439348
0.844788 0.155212 0
0.170392 0.0639972 0.765611
5.69267e-15 0.429847 0.570153
0.0316138 0.0117068 0.956679
0.00993718 0.298576 0.691487
0.63443 0.36557 0
0.398133 0.000683315 0.601184
0.117115 0.458683 0.424202
0.428458 0.243571 0.32797
7.53368e-11 0.0959639 0.904036
0.421263 0.578737 0
0.37647 0.25876 0.364769
0.497198 5.74474e-10 0.502802
0.100084 0.129224 0.770691
0.749998 0 0.250002
0.497903 0.174127 0.32797
0.888464 0.111536 0
0.1292 0.619593 0.251207
0.154751 0.537429 0.307821
0.108374 0.519719 0.371907
0.199386 0.114036 0.686578
0.512128 0.083188 0.404684
0.603788 0.0242377 0.371974
0.202626 0.547372 0.250002
0.254273 0.371578 0.374149
0 1 0
0.0737288 0.67627 0.250002
0.345366 0.654634 0
0.551799 0.193783 0.254418
0.0649105 0.935089 0
0.192626 0.404832 0.402542
0.00138271 0.506335 0.492282
0.147213 0.189484 0.663303
0.48591 0.51409 0
0.924739 0.0752612 0
0.134167 0.30766 0.558173
0.0648279 0.419788 0.515384
0.266627 0.223726 0.509647
0.341602 0.408396 0.250002
0.233847 0.766153 0
0.81575 0.18425 0
0.173652 4.04055e-05 0.826307
0.679964 0.0600844 0.259952
0.406202 0.328843 0.264955
0.70554 0.29446 0
0.0581294 0.610777 0.331093
0.270117 0.729883 0
0.201412 0.214507 0.584081
0.195844 0.804156 0
0.223104 0.454022 0.322874
0.263506 0.4805 0.255994
0.777657 0.222343 0
0.453929 0.546071 0
0.658402 0 0.341598
0.384669 0.615331 0
0.0324079 0.967592 0
0 0 1
0.961391 0.0386089 0
0.296033 0.143317 0.56065
