0.623074 0.376926 0
0.17525 0.82475 0
0.957694 0.0423062 0
0 0.532793 0.467207
0.553245 0.0096093 0.437146
0.781687 0.218313 0
0.289903 0.0256011 0.684496
2.78932e-07 0.212682 0.787318
0.510276 0.489724 0
9.86136e-11 0.433843 0.566157
0.303064 0.208422 0.488514
0.0725981 0.510184 0.417218
0.108359 0.427 0.464641
0.369625 0.0369751 0.5934
0.0392806 0.566062 0.394657
0.0822757 0.169216 0.748508
0.589315 0.410685 0
0.218306 0.781694 0
0.035269 0.34644 0.618291
0.540919 0.136543 0.322538
0.2968 0.7032 0
0.170159 0.520903 0.308938
0.403762 0.0937089 0.502529
0 1 0
0.158137 0.591863 0.25
0.167282 0.343496 0.489222
0.121484 0.181032 0.697484
0.380461 0.155919 0.463621
0.332325 0.667675 0
0.75 0 0.25
0.264151 0.735849 0
0.144295 0.0977001 0.758005
0.304161 0.316129 0.379711
0.437222 2.91248e-15 0.562778
0.0408905 0.95911 0
0.81543 0.18457 0
1 0 0
0.640059 0.109941 0.25
0.16208 0.00960623 0.828314
0.00700902 0.244483 0.748508
0.476843 0.154499 0.368657
0.467189 0.0826206 0.45019
0.428209 0.571791 0
0.142087 0.475817 0.382096
0.215922 0.256516 0.527562
0.602268 0.00012066 0.397611
0.744254 0.255746 0
0.365958 0.634042 0
0.0753274 0.674673 0.25
0.494797 6.59846e-05 0.505137
0.883664 0.116336 0
0.210782 0.394561 0.394657
0.0534575 0.0685817 0.877961
0.217798 0.0705674 0.711635
0 0.75 0.25
0.185149 0.208043 0.606808
0.664013 0.335987 0
0.300377 0.385929 0.313694
1.44032e-10 0.633657 0.366343
0.690314 0.0524202 0.257265
0.255429 0.308073 0.436498
0.232288 6.36689e-08 0.767712
0.391049 0.282832 0.326119
0.406004 0.193687 0.400309
2.76457e-05 0.122012 0.877961
0.380126 0.368194 0.25168
0.399713 0.600287 0
0.111502 0.310613 0.577886
0.120253 0.879747 0
0.466731 0.283269 0.25
0.468467 0.531533 0
0.0700732 0.376402 0.553525
0.456406 0.240647 0.302948
0.0177273 0.689701 0.292572
0.579525 0.0704707 0.350005
0.00329761 0.0509993 0.945703
0.311038 0.438962 0.25
0.333569 0.253163 0.413269
0.0476525 0.124712 0.827636
0.283011 0.0926017 0.624387
0.0931321 0.250728 0.65614
0.919605 0.0803954 0
0.354615 2.36221e-16 0.645385
0.236865 0.434099 0.329036
0.705197 0.294803 0
0.316089 0.121829 0.562081
0.150115 0.849885 0
0.0354316 0.475964 0.488605
0.567752 0.182248 0.25
0.206638 0.139912 0.653449
0.0865219 0.913478 0
0.555371 0.444629 0
0.239939 0.510061 0.25
0.849339 0.150661 0
0.0868366 0.00589374 0.90727
0 0 1
0.267365 0.18103 0.551605
0.673213 0 0.326787
0.0863248 0.585667 0.328008
1.57761e-10 0.302734 0.697266
