0.149556 0.475796 0.374648
0.342008 0.407992 0.25
0.914908 0.0850921 0
0.327616 0.200374 0.47201
0.183616 0.215704 0.60068
0.183708 0.0800193 0.736273
0.482613 0.228354 0.289033
0.000272506 0.0648239 0.934904
0.266328 0.733672 0
0.372442 0.217839 0.40972
0.452875 0.297125 0.25
0.300117 0 0.699883
0.645741 0.354259 0
0.22614 0.77386 0
0.0997902 0.0117878 0.888422
0.122867 0.598361 0.278772
0.429146 0.570854 0
0.11841 0.0715876 0.810003
0.174945 0.503066 0.321989
0.717794 0.282206 0
0.439106 0 0.560894
0.492737 0.0750052 0.432258
0 0.374846 0.625154
0.830207 0.169793 0
0 0 1
0.569987 0.430013 0
0.304551 0.695449 0
0.128274 0.419087 0.452639
0.274162 0.295269 0.430569
0.16532 0.270981 0.5637
0.517168 0.142802 0.34003
0.380107 0.0154934 0.6044
0.245179 0.13546 0.61936
0.466084 0.533916 0
0.248137 0.00221912 0.749644
0.193641 0.556359 0.25
0.97268 0.0273197 0
0.0786844 0.671316 0.25
1 0 0
0.0661836 0.508205 0.425612
0 1 0
0.236406 0.441712 0.321882
0.0892573 0.562153 0.34859
0.39886 0.60114 0
0.350994 0.111207 0.537799
0.044935 4.25044e-15 0.955065
0.600393 0.110682 0.288925
0.410672 0.256083 0.333245
0.197639 0.802361 0
0.61016 0.38984 0
0.873132 0.126868 0
0.0123344 0.616543 0.371122
0.330882 0.669118 0
2.07761e-06 0.479608 0.52039
0.387116 0.341434 0.27145
0.0596411 0.438437 0.501922
0.176192 6.90706e-14 0.823808
0.224177 0.367455 0.408368
3.16288e-06 0.284159 0.715837
0.187552 0.336833 0.475615
0.103574 0.13415 0.762276
0 0.230043 0.769957
0.0269949 0.0921406 0.880864
0.514374 8.89784e-12 0.485626
0.112318 0.347808 0.539875
0.159382 0.840618 0
0.120829 0.879171 0
0.292376 0.37623 0.331394
3.3946e-07 0.671986 0.328013
0.0340215 0.409199 0.55678
0.569922 0.0591628 0.370915
0.75 0 0.25
0.428995 0.0988846 0.47212
0.552566 0.197434 0.25
9.17671e-18 0.75 0.25
0.270353 0.075177 0.65447
0.248834 0.494083 0.257083
0.681333 0.318667 0
0.402133 0.157248 0.440619
0.939408 0.0605915 0
0.0840345 0.224891 0.691075
0.596216 0 0.403784
0.502229 0.497771 0
0.0369612 0.315469 0.64757
0.786365 0.213635 0
0.330615 0.308565 0.36082
0.680466 0 0.319534
0.662158 0.0797781 0.258064
0.366511 0.633489 0
0.53177 0.46823 0
0.0066178 0.164958 0.828424
0.75366 0.24634 0
0.0439808 0.956019 0
0.000406089 0.555199 0.444395
0.238806 0.257004 0.50419
0.273974 0.170227 0.555798
0.110928 0.263197 0.625875
0.161454 0.16191 0.676636
0.081834 0.918166 0
0.450879 0.176241 0.37288
