0.790667 0.209333 0
0.540574 0.141413 0.318013
0.0661238 0.680158 0.253718
0.196212 0.158386 0.645402
0.639481 0.360519 0
0.340848 0.19374 0.465413
0.337473 0.311102 0.351425
0.498019 0.501981 0
0.565733 0.434267 0
0.749998 0 0.250002
0.95772 0.0422801 0
0.314017 0.685983 0
0.205415 0.458047 0.336538
0.176216 0.373588 0.450196
0.405468 0.0339129 0.56062
1 0 0
0.294149 0.26557 0.440281
0 0.749998 0.250002
0.675443 0.324557 0
0.100154 0.581709 0.318137
0 0.281806 0.718194
0.185713 0.248663 0.565623
0.310156 0.43871 0.251134
0.0829172 0.435582 0.481501
0.236892 0.348713 0.414396
0.6786 5.24156e-05 0.321348
0.696203 0.0408595 0.262938
0.439975 0.309953 0.250071
0 1 0
0.0784561 0.921544 0
0.592358 0.00135326 0.406289
0.442882 0.0766241 0.480494
0.479378 5.68126e-10 0.520622
0.0514505 0.565866 0.382684
0.00657303 0.21143 0.781997
0.287036 0.398325 0.314639
0.131361 0.617505 0.251134
0.600012 0.399988 0
0.23481 7.82074e-17 0.76519
0.912673 0.0873275 0
0.133445 0.0725646 0.79399
0.146387 0.447323 0.406289
0.577942 0.172056 0.250002
0.177383 0.822617 0
0.104009 0.302907 0.593085
0.359776 0 0.640224
0.337877 0.0700218 0.592102
0.261709 0.216868 0.521423
0.450521 0.191233 0.358246
0.151687 0.00750942 0.840803
0.0666482 0.108344 0.825007
0.0498659 0.251353 0.698782
0.505971 0.229544 0.264484
0.209589 0.790411 0
0.250827 0.155074 0.594099
0.0919694 0.162271 0.745759
8.12617e-06 0.378303 0.621689
0.192192 0.54487 0.262938
0.101977 0.00010459 0.897919
0.755353 0.244647 0
0 0 1
2.80392e-05 0.155681 0.844291
0.828747 0.171253 0
0.868825 0.131175 0
0.240934 0.759066 0
0.0419799 0.0271455 0.930875
0.381784 0.368214 0.250002
0.493996 0.0968398 0.409164
0.130132 0.23225 0.637618
0.430999 0.569001 0
0.0297912 0.403818 0.566391
0.278948 0.0116111 0.709441
7.00748e-09 0.547382 0.452618
0.532095 0.467905 0
0.325486 0.143431 0.531084
0.211172 0.29508 0.493748
1.59884e-05 0.631646 0.368338
0.259657 0.0896765 0.650667
0.138836 0.861164 0
0.410389 0.268754 0.320857
0.468856 0.531144 0
8.32406e-06 0.09357 0.906422
0.577752 0.0644583 0.357789
0.10674 0.89326 0
0.0400707 0.318913 0.641016
0.247263 0.502735 0.250002
0.131198 0.34818 0.520622
0.34763 0.65237 0
0.0409135 0.959087 0
0.279143 0.720857 0
0.109936 0.497509 0.392556
0.523506 0.0245901 0.451904
0.000692753 0.479854 0.519453
0.719265 0.280735 0
0.404499 0.158284 0.437217
0.176232 0.109593 0.714176
0.0200287 0.667048 0.312923
0.361783 0.234538 0.403679
0.646763 0.102104 0.251134
0.390483 0.609517 0
