1.64891e-17 0.297042 0.702958
0.205054 0.360767 0.434179
0.572452 0.427548 0
0.0713247 0.582384 0.346292
0.0128119 0.664326 0.322862
0.281684 0.436912 0.281405
0 0 1
0.000472015 0.609421 0.390107
0.613253 0.076732 0.310015
0.133041 0.476852 0.390107
9.04283e-10 0.185618 0.814382
0.56233 0.0939575 0.343713
0.499392 0.203476 0.297133
0.273425 0.259878 0.466697
0.653742 0 0.346258
0.23848 0.110733 0.650788
0.110773 0 0.889227
0.0984846 0.370903 0.530612
0.200946 0 0.799054
0.41087 0.154871 0.434259
0.471301 0.000776552 0.527922
0.347982 0.402018 0.25
0.164399 0.579358 0.256244
1 0 0
0.688379 0.0260848 0.285537
0.073753 0.926247 0
0.798549 0.201451 0
0.0321401 0.323016 0.644844
0.143044 0.0720819 0.784874
0.0198459 0.236649 0.743505
4.16334e-17 0.75 0.25
0.335781 0.033666 0.630553
0.116795 0.633205 0.25
0.174775 0.515866 0.309359
0.768146 0.231854 0
0.164102 0.128785 0.707113
0.398519 0.601481 0
0.254222 0.495776 0.250002
0.420676 0.32779 0.251535
0.1075 0.206296 0.686203
0.0667234 0.152025 0.781252
0.176375 0.823625 0
0.120424 0.262919 0.616657
0.377559 0.0741477 0.548294
0.149366 0.281827 0.568808
0.323341 0.36633 0.310329
0.295079 0 0.704921
0.20557 0.173549 0.620881
0.923485 0.076515 0
0.436828 0.0863136 0.476858
0.0682665 0.50397 0.427764
0.146742 0.401136 0.452122
0.5751 0.1749 0.25
0.31763 0.68237 0
0.374033 0.275353 0.350614
2.33114e-06 0.478085 0.521913
0.24844 0.222514 0.529045
0.505551 0.131704 0.362745
0.436095 0.197018 0.366887
0.477927 0.272073 0.25
0.404538 0 0.595462
0.95438 0.0456198 0
0.334254 0.164304 0.501442
0.541392 0 0.458608
0.458565 0.541435 0
0.27494 0.72506 0
0.240527 0.759473 0
1.80044e-10 0.100938 0.899062
0.0401151 0.959885 0
0.50928 0.0631223 0.427598
5.55112e-17 1 0
0.0726611 0.0918742 0.835465
0.731208 0.268792 0
0.498574 0.501426 0
0.611305 0.388695 0
0.0332773 0.028905 0.937818
0.0602402 0.685284 0.254476
0.0667917 0.441968 0.49124
0.281817 0.319285 0.398898
0.887285 0.112715 0
2.00846e-06 0.411908 0.58809
0.222879 0.0385318 0.738589
0.530034 0.469966 0
0.597211 0.00914959 0.393639
0.360207 0.639793 0
0.291757 0.125241 0.583002
0.654684 0.0953157 0.25
0.14385 0.85615 0
0.359202 0.225775 0.415024
3.01955e-17 0.543954 0.456046
0.857253 0.142747 0
0.827774 0.172226 0
0.691546 0.308454 0
0.232597 0.409225 0.358178
0.75 0 0.25
0.111879 0.888121 0
0.651361 0.348639 0
0.19094 0.309946 0.499115
0.428542 0.571458 0
0.200109 0.799891 0
