0.435739 0.208289 0.355972
0.0704371 0.929563 0
0.278137 0.317306 0.404557
0.309336 0.440663 0.250001
0.468159 0.531841 0
0.60582 0.0867141 0.307466
0.401628 0.598372 2.72845e-09
0.371587 0.0374432 0.59097
0.103893 0.070946 0.825161
0.513586 0.236414 0.250001
0.648318 0.351682 9.52849e-12
0.500611 0.0514358 0.447954
0.522237 0.145417 0.332346
0.845753 0.154247 6.18251e-10
0.19901 0.461569 0.339421
0 0.749999 0.250001
0.958273 0.0417267 2.14939e-13
0.807491 0.192509 1.68951e-10
0 0 1
0.566873 0.0633929 0.369734
0.0180285 0.0472281 0.934743
0.570926 0.429074 1.82299e-13
0.160209 0.839791 0
0.0801783 0.00213099 0.917691
0.109985 0.305791 0.584225
0.501898 0.498102 1.53344e-12
1.40108e-12 0.627727 0.372273
0.0320008 0.694376 0.273623
0.282294 0.396852 0.320853
0.193473 0.806527 0
3.49203e-08 0.415775 0.584225
0.257586 0.0923052 0.650109
8.59971e-05 0.340432 0.659482
0.913123 0.0868771 0
0.12368 0.87632 3.73368e-13
0.72897 0.27103 9.78218e-13
4.34917e-05 0.172168 0.827788
0.110915 0.637503 0.251583
0.767923 0.232077 3.48957e-09
0.585347 0.164644 0.250009
0.515196 0 0.484804
0.106249 0.430535 0.463217
0.0673263 0.608639 0.324035
0.450079 1.38672e-09 0.549921
0.0617774 0.179563 0.75866
0.149943 0.347767 0.50229
0.231275 0.167762 0.600964
0.536238 0.463762 0
0.149767 0.227048 0.623185
0.148376 0.0998916 0.751733
0.454833 0.295167 0.25
0.0770139 0.252228 0.670758
0.879499 0.120501 2.64899e-13
0.170217 0.425226 0.404557
2.72185e-12 0.532146 0.467854
0.680676 0.00187503 0.317449
0.607877 0.392123 1.43219e-14
0.336383 0.663617 5.21805e-15
0.374624 0.369422 0.255954
0.397853 0.281286 0.320861
1 0 0
0.391819 0.151543 0.456638
0.238722 0.0688649 0.692413
0.338735 0.00208046 0.659185
0.16647 0.583521 0.250009
0.355511 0.240361 0.404128
0.155989 3.24102e-08 0.844011
0.300377 0.699623 0
0.301484 0.205759 0.492757
0.669673 0.079311 0.251016
0.323461 0.120836 0.555702
0.26241 4.19573e-08 0.73759
0.435168 0.564832 6.75571e-13
0.203032 0.246656 0.550311
0.232853 0.512837 0.25431
0.75 0 0.25
7.09665e-05 0.255644 0.744285
0.0197601 0.458857 0.521383
0.470807 0.120932 0.408261
0.0265753 0.576651 0.396774
0.205275 0.00466564 0.790059
0.685597 0.314403 2.63012e-11
0.0959523 0.904048 1.08095e-10
0.236816 0.281103 0.482081
0.193376 0.130742 0.675882
0.23152 0.76848 0
0.0389308 0.961069 1.08095e-10
0.413477 0.0821877 0.504335
0.60345 0 0.39655
0.268592 0.731408 0
0.120283 0.525315 0.354402
5.55112e-17 1 0
0.217634 0.360594 0.421772
0.337673 0.307925 0.354402
0.125221 0.189836 0.684942
0.368828 0.631172 2.72845e-09
0.0929604 0.376689 0.53035
0.0711862 0.12885 0.799963
0.00551996 0.100868 0.893612
0.0716662 0.502065 0.426269
