0.435583 0.154514 0.409903
0.738156 0.261844 0
0.319249 0.14576 0.534991
0.368679 0.0873575 0.543964
0.437434 0.562566 0
0.289146 3.39048e-05 0.71082
0.813871 0.186129 0
4.09239e-09 0.378099 0.621901
0.646876 2.62423e-08 0.353124
0.0320855 0.967914 0
3.6833e-13 0.25567 0.74433
0.409881 0.590119 0
0.539882 0.0992059 0.360912
0.172076 0.577921 0.250003
0.0794619 0.0648748 0.855663
0.375423 0.374575 0.250003
0.220658 0.779342 0
0.0725011 0.610767 0.316731
0.193628 0.18363 0.622742
0.778721 0.221279 0
0.46332 0.0135387 0.523141
0.0670079 0.932992 0
0 1 0
0.268035 0.129906 0.602058
0.376447 0.623553 0
0.0603947 0.480797 0.458808
0.157422 0.267606 0.574971
0.00599637 0.105915 0.888089
0.197769 0.508593 0.293637
0.0105009 0.447082 0.542417
0.125528 0.231015 0.643457
0.92241 0.0775899 0
0.466515 0.283064 0.250421
0.112227 0.532265 0.355508
0.136098 0.104476 0.759425
0.52788 0.222108 0.250012
0.592396 0.407604 0
0.644851 0.105146 0.250003
0.53401 0.00479298 0.461197
0.57606 4.05328e-05 0.423899
0.100948 0.899052 0
0.421092 0.109937 0.468971
0.168342 0.146544 0.685114
0.0211379 0.57316 0.405702
0.605256 0.0652321 0.329511
0.118043 0.629272 0.252684
0.209092 0.301037 0.489871
0.695467 0.304533 0
0.00271815 0.0514917 0.94579
0.227832 0.210134 0.562034
0.0526019 0.697396 0.250003
0.134178 0.3458 0.520022
0.197112 0.403286 0.399602
0.378071 0.198973 0.422955
1 0 0
0.287986 0.353723 0.358291
0.177055 0.822945 0
0.34287 0.65713 0
1.13536e-07 0.522304 0.477696
0.887146 0.112854 0
0.324946 0.402491 0.272562
0.0903307 6.35586e-06 0.909663
0.2435 0.436259 0.320241
0.0826658 0.328192 0.589143
0.00453091 0.317248 0.678221
0.514339 0.485661 0
0.300376 0.699624 0
3.27501e-14 0.176934 0.823066
0.549341 0.450659 0
0.377381 0.312446 0.310173
0.960989 0.0390105 0
0.337912 0.028424 0.633664
0.582941 0.147086 0.269973
0.120376 0.441763 0.437861
0.224743 1.84619e-05 0.775239
0.284951 0.220894 0.494155
0.338052 0.271929 0.390019
0.237905 0.331891 0.430205
0.855429 0.144571 0
1.85898e-18 3.28355e-17 1
0.495035 0.0691618 0.435803
0.259153 0.740847 0
0.660982 0.339018 0
0.473351 0.526649 0
0.686737 0.0443122 0.268951
0.239961 0.085121 0.674918
0.267736 0.482261 0.250003
0.16678 0.00980646 0.823413
0.146393 0.476518 0.377088
0 0.749997 0.250003
0.0613725 0.148548 0.790079
0.413921 0.244905 0.341174
0.405758 0 0.594242
0.629247 0.370753 0
0.749997 0 0.250003
4.36417e-09 0.659777 0.340223
0.107157 0.393251 0.499591
0.50448 0.181766 0.313754
0.138 0.862 0
0.0815543 0.211196 0.70725
