0.277598 0.4724 0.250002
0.0766098 0.252289 0.671101
0.161384 0.094035 0.744581
0.374515 0.375199 0.250286
0.186773 0.813227 0
0.238663 0.0662007 0.695137
0.749998 0 0.250002
1.38687e-17 1 0
0.039038 0.960962 0
0.136597 0.523751 0.339653
0.364225 0.635775 0
0 0 1
0.205197 0.373483 0.42132
3.1225e-17 0.75 0.25
0.118129 0.415133 0.466738
0.0376108 0.333724 0.628666
0.194624 0.251995 0.553381
3.80721e-07 0.401141 0.598859
0.683839 0.0190999 0.297061
0.0477301 0.0118236 0.940446
0.10815 0.0545499 0.8373
2.37423e-08 0.235668 0.764332
0.75007 0.24993 0
4.22806e-18 0.304863 0.695137
0.185403 0.147617 0.666979
0.846763 0.153237 0
1.64684e-16 0.164916 0.835084
0.0458827 0.446872 0.507245
0.25088 0.74912 0
0.368209 0.172752 0.45904
0.15334 0.313102 0.533559
0.0747231 0.136744 0.788533
0.141862 0.452432 0.405706
0.631401 0.368599 0
0.707038 0.292962 0
0.125205 1.01649e-12 0.874795
0.489129 0.256591 0.25428
0.37933 0.0929514 0.527718
0.217301 0.782699 0
0.077663 0.500602 0.421735
0.474846 0.151965 0.373189
0.153726 0.217609 0.628666
0.315014 0.262868 0.422119
0.200223 0.511571 0.288206
0.494338 0.0767722 0.42889
0.22343 0.302189 0.474381
0.815687 0.184313 0
0.884419 0.115581 0
0.162913 0.587087 0.25
0.112678 0.287929 0.599393
0.205493 0.000260642 0.794246
0.366117 6.65422e-10 0.633883
0.23508 0.171935 0.592985
0.380905 0.2441 0.374995
0.963692 0.0363081 0
0.265845 0.35994 0.374215
0.507009 0.000172631 0.492818
0.0975482 0.617992 0.28446
0.324501 0.155415 0.520085
0.399069 0.600931 0
0.278208 0.0040238 0.717769
0.549036 0.134536 0.316428
0.337033 0.322258 0.34071
0.28657 0.71343 0
0.51132 0.48868 0
0.262084 0.225317 0.512599
0.0549557 0.572817 0.372227
0.426823 0.113637 0.45954
0.150218 0.849782 0
0.0882472 0.383757 0.527995
0.0921707 0.168673 0.739156
0.288985 0.413954 0.297061
0.437549 0.00907016 0.553381
9.82866e-17 0.0984252 0.901575
0.77789 0.22211 0
1 0 0
0.438505 0.216301 0.345194
0.422064 0.301833 0.276102
4.61553e-05 0.673224 0.32673
8.11065e-18 0.584817 0.415183
0.319345 0.680655 0
0.513149 0.202391 0.28446
0.551083 0.448917 0
0.426764 0.573236 0
0.668461 0.331539 0
0.0555423 0.69009 0.254368
0.46926 0.53074 0
0.0738423 0.926158 0
0.222472 0.438752 0.338776
7.03395e-18 0.507182 0.492818
0.346946 0.0600688 0.592985
0.28463 0.0831362 0.632234
0.625613 0 0.374387
0.595652 0.0666156 0.337732
0.591113 0.158885 0.250002
0.112157 0.887843 0
0.921643 0.0783573 0
0.591271 0.408729 0
0.66241 0.0873574 0.250233
0.562576 0.0228886 0.414535
