0.000118595 0.492378 0.507503
0.242319 0.0493367 0.708345
0.145235 0.259755 0.59501
1.12729e-18 0.75 0.25
0.283838 0.716162 0
0.513144 0.0642016 0.422655
0.338659 0.0947925 0.566548
0.471235 0.528765 0
0.0840177 0.665982 0.25
0.149045 0.451948 0.399008
0.0621076 0.498852 0.439041
3.87006e-17 1.68106e-17 1
0.355873 0.297753 0.346374
0 0.548742 0.451258
0.187007 0.138561 0.674432
0.233335 0.285948 0.480717
0.0677885 0.00115544 0.931056
0.901308 0.0986925 0
0.0040528 0.691318 0.304629
0.0215711 0.27076 0.707669
0.0926653 0.363585 0.54375
0.158655 0.0863746 0.754971
0.20047 0.374903 0.424627
0 1 0
0.422392 0.155314 0.422294
0.453721 0.205581 0.340698
0.0819966 0.918003 0
0.0725414 0.586761 0.340698
0.142083 0.593005 0.264912
0.347764 0.176307 0.475929
0.93098 0.0690203 0
0.51361 0.23639 0.25
0.328693 0.378145 0.293163
0.729339 0.270661 0
0.243488 0.756512 0
0.285642 0.157762 0.556596
0.00673126 0.177806 0.815463
1 0 0
0.313873 0.243173 0.442954
0.180892 0.491825 0.327283
0.863084 0.136916 0
3.93431e-06 0.414103 0.585893
0.211642 2.19016e-10 0.788358
0.10914 0.0753965 0.815463
0.494008 0 0.505992
0.0806469 0.172588 0.746766
0.135043 8.22253e-11 0.864957
0.104101 0.533118 0.362781
0.561986 0.00307292 0.434941
0.657685 0.342315 0
0.432151 0.293558 0.274291
0.278481 0.326895 0.394624
0.593154 0.066148 0.340698
0.246637 0.47965 0.273714
0.387745 0.224424 0.387832
0.430974 0.00247775 0.566548
0.690778 0.309222 0
0.244545 0.414298 0.341158
0.960707 0.0392927 0
0.268286 0.0971404 0.634574
0.359951 0.640049 0
0.0710542 0.3121 0.616846
0.824971 0.175029 0
0.410258 0.114587 0.475155
0.110451 0.223569 0.66598
0.669226 0.00441751 0.326357
0.509257 0.490743 0
0.616019 0 0.383981
0.0449018 0.438823 0.516276
0.0409157 0.959084 0
0.620539 0.379461 0
0.0521579 0.118658 0.829184
0.171099 0.828901 0
0.301192 0.448657 0.250151
7.71146e-05 0.0866099 0.913313
0.174252 0.309111 0.516637
0.257049 0.215068 0.527883
0.693898 0.0556864 0.250416
0.430101 0.569899 0
0.619606 0.129978 0.250416
0.584333 0.415667 0
0 0.227334 0.772666
0.555154 0.162619 0.282227
0.12444 0.87556 0
0.318166 0 0.681834
0 0.342788 0.657212
0.397056 0.602944 0
9.24251e-19 0.614913 0.385087
0.32222 0.67778 0
0.493017 0.138838 0.368145
0.75 0 0.25
0.398022 0.35182 0.250158
0.545077 0.454923 0
0.759366 0.240634 0
0.791814 0.208186 0
0.203804 0.796196 0
0.20152 0.547909 0.250571
0.209292 0.188263 0.602445
0.343624 0.0334291 0.622947
0.109224 0.416377 0.474399
