0.401385 0.146547 0.452067
0.122687 0.877313 0
0.0972787 0.306804 0.595917
9.48525e-06 0.070783 0.929207
0.403647 0.252819 0.343535
0.045917 0.609265 0.344818
0.00762983 0.530124 0.462246
0.523446 0.226554 0.25
0.565805 0.434195 0
4.16334e-17 0.75 0.25
0.151936 0.460636 0.387428
0.0837497 0.91625 0
0.356515 0.210657 0.432828
0.285712 0.07965 0.634638
0.0768605 0.673139 0.25
0.711363 0.288637 0
0.588048 0 0.411952
0.345545 0.654455 0
1 0 0
0.575027 0.164226 0.260747
0.382912 0.617088 0
0.671624 0 0.328376
0.673113 0.0640293 0.262858
0.447799 0.158581 0.39362
0.309498 0.690502 0
0.836439 0.163561 0
0.34523 0.0900536 0.564716
0.282027 0.46785 0.250123
0.0617881 0 0.938212
0.051754 0.165928 0.782318
0.0838955 0.243638 0.672466
0.877147 0.122853 0
0.0618979 0.0950057 0.843096
0.75 0 0.25
0.105953 0.369339 0.524708
0.751902 0.248098 0
0.187649 0.25205 0.560301
1.10955e-05 0.14034 0.859649
0.427441 0.064132 0.508427
0.154804 0.21321 0.631986
0.353684 0.315638 0.330678
0.196294 0.803706 0
0.197913 0.116197 0.685891
0.223706 0.526293 0.25
2.42465e-05 0.249873 0.750103
0.148769 0.000683378 0.850548
0.549379 0.115942 0.334679
0.0970769 0.031085 0.871838
8.77216e-09 0.45994 0.54006
0.180762 0.346334 0.472904
0.48487 0.0883037 0.426826
0.226589 0.432703 0.340708
0.675151 0.324849 0
0.601465 0.398535 0
0.398599 0.351065 0.250335
0.416025 0.583975 0
0.483041 0.199398 0.317562
0.263397 0.353796 0.382807
0.301198 0.38665 0.312151
0.313708 8.96414e-05 0.686203
0.234326 0.314748 0.450926
0.337026 0.410753 0.252222
0.0381474 0.961853 0
0.273793 0.726207 0
0.646852 0.353148 0
0.450832 0.549168 0
0.245377 0.0238557 0.730768
0.173491 0.517638 0.308871
0.093687 0.42387 0.482443
0 0 1
0.208444 0.000144776 0.791412
0.304456 0.170835 0.524708
0.12037 0.166946 0.712685
0.486044 0.513956 0
2.77556e-17 1 0
0.140949 0.0780253 0.781026
0.36507 0.0184581 0.616472
0.914437 0.0855633 0
1.58795e-11 0.363163 0.636837
0.0320809 0.397479 0.570441
0.0170374 0.298718 0.684244
0.155749 0.593907 0.250344
0.950215 0.0497847 0
3.87098e-17 0.697334 0.302666
0.235753 0.173005 0.591242
0.443707 0.282136 0.274157
0.303939 0.285206 0.410855
0.184026 0.391677 0.424297
0.792266 0.207734 0
0.161617 0.838383 0
0.586972 0.0569766 0.356052
0.0745481 0.494167 0.431285
6.89597e-09 0.612549 0.387451
0.23775 0.76225 0
0.258941 0.243084 0.497975
0.634643 0.115357 0.25
0.10378 0.551402 0.344818
0.517456 0.00887211 0.473672
0.523278 0.476722 0
0.450815 4.93418e-12 0.549185
