1.61411e-17 0.75 0.25
0.240464 0.0801655 0.67937
0.000223072 0.529545 0.470232
0.219706 0.00514294 0.775151
0.590283 0.409717 0
0.216972 0.783028 0
1.32435e-11 0.606511 0.393489
0.158041 0.410403 0.431556
0.131575 0.531071 0.337354
0.426659 0.256893 0.316448
0 0 1
0.523026 6.42349e-11 0.476974
0.0166188 0.390055 0.593326
0.762661 0.237339 0
0.644002 0 0.355998
0.0642159 0.160633 0.775151
0.608817 0.106115 0.285067
0.0459041 0.566577 0.387519
0.206634 0.154803 0.638563
0.270333 0.233303 0.496365
0.126019 0.107975 0.766006
0.237407 0.369581 0.393013
0.44656 0.55344 0
2.77868e-11 0.338214 0.661786
4.85229e-09 0.169721 0.830279
0.0756523 0.61026 0.314088
0.148268 6.9212e-13 0.851732
0.293252 0.398548 0.3082
0.399354 0.118065 0.482581
0.0727781 0.927222 0
0.190459 0.0592705 0.75027
0.848672 0.151328 0
0.109155 0.340615 0.55023
0.179615 0.305392 0.514993
0.298697 0.292943 0.408359
0.188336 0.53152 0.280144
0.401978 0.348022 0.25
0.483318 0.061111 0.455571
0.344222 0.210085 0.445693
0.728792 0.271208 0
0.2354 0.304792 0.459807
0.0823762 0.00162467 0.915999
0.0647191 0.307078 0.628203
1 0 0
0.298334 1.3676e-08 0.701666
0.0797869 0.484274 0.435939
0.490189 0.259811 0.25
0.110521 0.208517 0.680962
0.251741 0.497983 0.250276
0.310735 0.161252 0.528013
0.20637 0.249659 0.543971
0.531187 0.098355 0.370458
0.331467 0.418258 0.250276
0.406781 0.593219 0
0.162125 0.584621 0.253254
0.59148 0.0142626 0.394257
0.290785 0.709215 0
0.387074 0.239877 0.37305
0.432885 0.166679 0.400435
0.452655 0.000155847 0.547189
0.307032 0.0535148 0.639454
0.691538 0.0179444 0.290517
0 1 0
0.153722 0.143155 0.703123
0.180492 0.819508 0
0.330186 0.333522 0.336291
0.00014688 0.067188 0.932665
0.75 0 0.25
0.922694 0.0773064 0
0.808607 0.191393 0
0.63031 0.36969 0
0.000540476 0.675142 0.324318
0.362646 0.0784951 0.558859
0.548406 0.451594 0
0.0763345 0.67339 0.250276
0.671415 0.0785656 0.250019
0.0283983 0.271005 0.700596
0.10376 0.0639284 0.832311
0.0660383 0.4254 0.508562
0.031716 0.10868 0.859604
0.329533 0.670467 0
0.700725 0.299275 0
0.505462 0.166305 0.328233
0.480639 0.519361 0
0.14773 0.85227 0
0.665704 0.334296 0
0.163193 0.222453 0.614354
1.53369e-09 0.458029 0.541971
0.382886 0.000114724 0.616999
0.0363222 0.963678 0
4.24209e-07 0.23874 0.76126
0.964215 0.0357849 0
0.884093 0.115907 0
0.2796 0.125885 0.594515
0.565083 0.184917 0.25
0.368888 0.631112 0
0.514919 0.485081 0
0.214553 0.455206 0.330242
0.111498 0.888502 0
0.254078 0.745922 0
