0.271173 0.44628 0.282546
0.439991 0.0581714 0.501837
0.650791 1.56759e-12 0.349209
0.312018 0.0704685 0.617513
0.214091 5.98755e-06 0.785903
0.00528599 0.215756 0.778958
0.087028 0.303807 0.609165
0.106344 0.643653 0.250003
0.74289 0.25711 0
0.371532 0.0829248 0.545543
3.98184e-11 0.0817061 0.918294
0.335885 0.413439 0.250676
0.666254 0.0837427 0.250003
0.197744 0.313646 0.48861
0.749997 0 0.250003
0.186346 0.563273 0.250381
0.586501 0.413499 0
0.298794 0.701206 0
0.66446 0.33554 0
0.253452 0.746548 0
0.0195821 0.336655 0.643763
0.184824 0.403542 0.411634
0.33576 0.236553 0.427687
0.0357236 0.964276 0
0.115812 0.181918 0.70227
0.174842 0.825158 0
0.702472 0.297528 0
0.129878 0.38543 0.484692
0.253907 0.272175 0.473918
0.563841 0.171463 0.264696
0.332865 0.349662 0.317473
0.553032 0.446968 0
2.7608e-10 0.651356 0.348644
0.515997 0.02334 0.460663
0.338088 0.661912 0
0.444038 0.290835 0.265127
0.0779276 0.144968 0.777104
0.155421 0.251689 0.59289
2.03143e-06 0.151501 0.848497
0.0720983 0.0945679 0.833334
0.534871 0.124394 0.340736
0.775306 0.224694 0
0.0484338 0.0206636 0.930903
0.220655 0.212412 0.566933
0.0748296 0.464508 0.460663
0.478516 1.57686e-07 0.521483
6.15638e-05 0.562549 0.43739
0.625227 0.374773 0
0.480632 0.519368 0
0.402258 0.347738 0.250003
0.689723 0.0201034 0.290174
0.238161 0.511836 0.250003
0.193634 0.476885 0.329481
0.572071 8.12643e-05 0.427848
0.919599 0.0804011 0
0.263891 0.384917 0.351192
6.35521e-18 0.415771 0.584229
0.172351 0.0892586 0.738391
0.319127 4.32142e-12 0.680873
0.585312 0.052567 0.362121
0.490671 0.0873683 0.421961
0.37317 0.62683 0
0.188917 0.153052 0.658031
0.283479 0.318316 0.398206
0.810114 0.189886 0
0.512683 0.237314 0.250003
0.113365 3.6453e-07 0.886635
0.135322 0.33293 0.531747
0.0718844 0.928116 0
0.0775689 0.245199 0.677232
0.0879557 0.594025 0.31802
0.882015 0.117985 0
0.0822382 0.388119 0.529643
0.408512 0.591488 0
0.84637 0.15363 0
0.387282 1.93744e-13 0.612718
0.388746 0.264684 0.346571
0.0311956 0.686538 0.282266
0.617772 0.100671 0.281558
1.1464e-17 0.749997 0.250003
0.212315 0.787685 0
0.516795 0.483205 0
0.0607963 0.546433 0.39277
0.140448 0.859552 0
4.33745e-18 0.283765 0.716235
0.429179 0.172616 0.398206
0 1 0
0.302066 0.177416 0.520518
0.956016 0.0439838 0
0.149508 0.0435363 0.806955
7.37658e-18 0.482591 0.517409
1 0 0
0.443102 0.556898 0
0.253954 0.0362272 0.709819
0.132958 0.509417 0.357625
0.110073 0.889927 0
0.389825 0.153735 0.456439
0.474686 0.207453 0.317862
0 0 1
0.27462 0.129714 0.595666
