0.554863 0.445137 0
0.00543216 0.657386 0.337182
0.79436 0.20564 0
0.198061 0.551938 0.25
0.315109 0.243269 0.441622
0.610645 0.124703 0.264651
0.24249 0.00626036 0.75125
0.235231 0.764769 0
0.159109 0.37616 0.464731
0.314871 7.58498e-05 0.685053
6.35489e-08 0.388312 0.611688
0.0857979 0.539328 0.374875
0.624157 0.375843 0
0.210379 0.307571 0.482049
0.205017 0.434569 0.360414
0.482057 0.26086 0.257083
0.0886752 0.282531 0.628794
0.0882789 0 0.911721
0.481744 0.0834832 0.434773
0.271279 0.728721 0
0.764603 0.235397 0
0.543979 0.10824 0.347781
1 0 0
0 0.514979 0.485021
0.306392 0.693608 0
0.0801399 0.422551 0.497309
0.350331 0.649669 0
0.695946 0.304054 0
0.126823 0.224212 0.648966
0.00484417 0.0451198 0.950036
0.28837 0.382949 0.328681
0.384755 0.121765 0.49348
0.0207696 0.424964 0.554267
0.828299 0.171701 0
0.75 0 0.25
0.165633 0.160011 0.674355
0.227633 0.366364 0.406003
0.115524 0.0355596 0.848916
0.359268 0.0101859 0.630546
0.861014 0.138986 0
0.269669 0.480331 0.25
0.151002 0.848998 0
0.393387 0.606613 0
0.645648 0.0459181 0.308434
0.729969 0.270031 0
0.430902 0.319098 0.25
0.356628 0.259247 0.384126
0.483479 0.516521 0
0.205635 0.0784873 0.715878
0.371931 0.375279 0.252789
0.157098 0.51 0.332902
0.12144 0.62856 0.25
0 1 0
0.353416 0.321025 0.325559
0.282417 0.314112 0.40347
0.11391 0.88609 0
0.0123688 0.326644 0.660987
0.567335 0.182665 0.25
0.661336 0.338664 0
0.454786 0.150595 0.39462
0 0.580045 0.419955
0.438285 0.0607267 0.500988
0.929722 0.0702784 0
0.174515 0 0.825485
0.303657 0.160642 0.535701
0.503719 0.188217 0.308064
0.522457 0.477543 0
0.0534929 0.683539 0.262968
0.434523 0.237818 0.327658
0.571427 0.00882398 0.419749
0.417713 9.27508e-16 0.582287
0.0670639 0.0854462 0.84749
0.893113 0.106887 0
0.392713 0.186718 0.420569
0.280658 0.216094 0.503248
0.968798 0.0312023 0
0.102944 0.588664 0.308392
0.0780018 0.921998 0
0.0637037 0.203445 0.732851
0.437897 0.562103 0
0.50652 0 0.49348
0.322213 0.0797186 0.598069
0.0403886 0.959611 0
0.131342 0.323065 0.545594
0 0.263659 0.736341
0.0170691 0.175382 0.807549
0.122978 0.457726 0.419297
2.90337e-18 0.131593 0.868407
0 0.75 0.25
0.589232 0.410768 0
0.689463 0.0603113 0.250226
0.121871 0.105632 0.772498
0.32623 0.42377 0.25
0.25573 0.0979917 0.646278
0 0 1
0.625847 0 0.374153
0.0593404 0.361024 0.579635
0.189384 0.810616 0
0.216756 0.191795 0.591449
0.192894 0.259875 0.547232
