0.0743729 0.264459 0.661168
0.433895 0.278652 0.287453
0.255135 0.494865 0.25
0.0973015 0.592496 0.310202
0.441941 0.211821 0.346238
0.29663 0.70337 0
0.37472 0.105221 0.520059
0.339003 0.660997 0
0.853767 0.146233 0
0.36102 0.38898 0.25
1 0 0
0.0392049 0.454643 0.506152
0 0.644071 0.355929
0.678169 0.0144625 0.307369
0.673404 0.076596 0.25
0.534713 0.116245 0.349043
0.368378 0.211299 0.420322
0.374654 0.277217 0.348129
1.64206e-14 0.422129 0.577871
0.656916 0.343084 0
0.306871 0.0554826 0.637647
0.414899 0.335101 0.25
0.141994 0.0653409 0.792665
0.738346 0.261654 0
0.888695 0.111305 0
0.226435 0.460418 0.313147
0.0982331 0.467518 0.434249
0.537085 0.187561 0.275355
0.294201 0.282748 0.42305
1.93077e-05 0.288903 0.711078
0.147538 0.852462 0
0.126766 0.329098 0.544136
0.0364721 0.0469707 0.916557
0.51507 0.0742893 0.410641
0.702581 0.297419 0
0.395078 0.0261136 0.578808
0.148614 0.514405 0.336981
0.223356 0.225841 0.550803
0.0624496 0.373881 0.563669
0.811289 0.188711 0
0.613479 0.136521 0.25
0.616701 0.383299 0
0.623209 2.02238e-08 0.376791
0.278459 1.00483e-05 0.721531
0.183404 0.195435 0.621162
0.0767271 0.538552 0.384721
0.125732 0.182594 0.691674
0.0860888 0.913911 0
0.502646 0.247354 0.25
0.187161 0.812839 0
0.375799 0.624201 0
0.341114 0.177115 0.481771
6.0623e-16 0.130178 0.869822
0.529885 0.470115 0
0.266029 0.247442 0.486528
0.567986 0.00191299 0.430101
0.593258 0.0779619 0.32878
0.932101 0.0678988 0
0 0.517705 0.482295
0.357678 8.05054e-12 0.642322
0.75 0 0.25
0.012204 0.578492 0.409304
8.10962e-16 0.174141 0.825859
0.2055 8.43214e-09 0.7945
0 0 1
0.435797 0.1195 0.444702
0.149532 0.25118 0.599288
0.113184 0.886816 0
0.575296 0.424704 0
0.119265 4.89374e-09 0.880735
0.287039 0.356485 0.356476
0.464645 0.158526 0.376828
0.414366 0.585634 0
0.0744112 0.0955894 0.829999
0.0399275 0.960072 0
0 1 0
0.0398717 0.215603 0.744525
0.176163 0.09813 0.725707
0 0.75 0.25
0.272451 0.149046 0.578503
0.0877288 0.147365 0.764906
0.966057 0.0339429 0
0.299768 0.408333 0.291899
0.187087 0.309171 0.503741
0.234356 0.0524307 0.713214
0.225219 0.774781 0
0.454323 9.03411e-11 0.545677
0.452817 0.547183 0
0.08982 0.66018 0.25
0.184395 0.428848 0.386758
0.486099 0.0321298 0.481771
0.775025 0.224975 0
0.0261926 0.680253 0.293555
0.225272 0.130168 0.64456
0.261408 0.738592 0
0.49545 0.50455 0
0.101507 0.407775 0.490718
0.224733 0.354945 0.420322
1.37983e-14 0.355732 0.644268
0.176445 0.573555 0.25
