0.118027 0.881973 0
0.405405 0.594595 0
0 0 1
0.123129 0.143029 0.733843
0.00275225 0.465607 0.531641
0.0396805 0.545565 0.414754
0.542523 0 0.457477
0.511587 0.130454 0.35796
0.000907086 0.0709116 0.928181
0.437579 0.166566 0.395855
1.84081e-05 0.539286 0.460696
0 1 0
0.408032 0.0517708 0.540198
0.114709 0.63529 0.25
0.554399 0.445601 0
0.742364 0.257636 0
0.258993 0.741007 0
0.22636 0.128068 0.645572
0.471672 0.207644 0.320684
0.151677 0.189879 0.658444
0.39307 3.05477e-16 0.60693
2.26832e-09 0.140007 0.859993
0 0.75 0.25
0.893759 0.106241 0
0.192004 0.221272 0.586724
0.370919 0.629081 0
0.00106124 0.209439 0.789499
0.391316 0.358684 0.25
0.295624 1.34531e-05 0.704363
0.0896106 0.394759 0.515631
0.590547 0.409453 0
0.66357 0.33643 0
0.220367 4.50657e-14 0.779633
0.317359 0.192684 0.489956
0.121981 0.000107512 0.877911
0.129247 0.306181 0.564572
0.181362 0.32374 0.494899
0.0720059 0.2382 0.689794
0.0385047 0.961495 0
0.0681363 0.00733619 0.924527
0.125236 0.514795 0.359969
0.357571 0.217099 0.425331
0.227302 0.261951 0.510747
0.289031 0.104039 0.60693
0.0553402 0.17107 0.77359
0.331597 0.668403 0
0.433002 0.285005 0.281992
0.965313 0.0346871 0
0.196084 0.0891994 0.714716
0.102091 0.288305 0.609603
0.869631 0.130369 0
0 0.644648 0.355352
0.828687 0.171313 0
0.386803 0.256291 0.356906
0.293128 0.706872 0
0.0368246 0.691618 0.271558
0.189903 0.810097 0
0.0155218 0.345158 0.63932
0.269668 0.283904 0.446428
0.592262 0.0101063 0.397632
0.75 0 0.25
0.102287 0.595018 0.302695
0.405774 0.117836 0.47639
0.48162 0.51838 0
0.222564 0.3526 0.424836
0.273145 0.186657 0.540198
0.312765 0.329275 0.35796
0.507411 0.0734717 0.419117
0.484369 0 0.515631
0.689334 0.0281984 0.282468
0.32457 0.02467 0.65076
0.233154 0.426513 0.340333
0.170246 0.563182 0.266572
0.645246 0.104456 0.250298
0.590139 0.0894713 0.32039
0.502989 0.247011 0.25
0.31074 0.439259 0.25
0.932215 0.0677848 0
0.440136 0.559864 0
0.0747074 0.0898716 0.835421
0.32815 0.10697 0.564879
0.196621 0.485072 0.318307
0.0725138 0.473143 0.454343
0.22997 0.77003 0
0.627714 0.372286 0
0.0787624 0.921238 0
1 0 0
0.77 0.23 0
0.654941 2.90852e-16 0.345059
0.799562 0.200438 0
0.238332 0.511668 0.25
0.576262 0.17344 0.250298
0 0.400517 0.599483
0.701424 0.298576 0
0.138147 0.437017 0.424836
0 0.296466 0.703534
0.154077 0.0418863 0.804036
0.517523 0.482477 0
0.155849 0.844151 0
0.286244 0.404631 0.309126
