3.57317e-17 1.97794e-17 1
0.827281 0.172719 0
0.722678 0.277322 0
0.341793 0.346784 0.311423
0.011911 0.524292 0.463797
0.636438 0.363562 0
0.701844 0.298156 0
0.189923 0.163642 0.646435
0.612679 4.56557e-13 0.387321
0.356766 0.0101289 0.633105
0.561803 0.0160855 0.422111
0.0248902 0.362904 0.612206
0.529802 0.470198 0
0.0769988 0.102884 0.820117
0.263661 0.395812 0.340527
0.0457091 0.451721 0.502569
0.131823 0.141124 0.727053
2.47584e-05 0.667249 0.332726
0.58278 0.0723376 0.344883
0.203668 0.533667 0.262665
0.53774 0.21226 0.25
0.301595 0.698405 0
0.378866 0.621134 0
0.161804 0.449851 0.388344
0.432015 0.317984 0.25
0.360637 0.104175 0.535188
0.0694952 0.297399 0.633105
0.214991 5.79458e-10 0.785009
0.758228 0.241772 0
0.891986 0.108014 0
0.27498 0.152216 0.572804
0.435846 0.0721773 0.491977
0.562389 0.437611 0
0.226682 0.246321 0.526996
0.413519 0.125629 0.460852
0.372756 0.0536347 0.573609
0.155946 0.0534161 0.790638
0 0.75 0.25
0.361715 0.22711 0.411175
0.0608372 0.186469 0.752694
0.109483 0.208679 0.681838
0.297702 0.310102 0.392196
0.384499 0.281208 0.334293
0.667444 0.332556 0
0.217966 0.782034 0
0.495991 0.504009 0
0.0540245 0.565896 0.380079
0.682888 0.00257758 0.314535
1 0 0
0.00434457 0.165879 0.829776
0.130625 0.284964 0.584411
0.803258 0.196742 0
0.30632 0.201261 0.49242
0.447922 0.258853 0.293226
0.439304 0.163883 0.396813
0.264801 0.274311 0.460888
0.537008 0.133433 0.329559
0.295759 0.45424 0.25
0.126981 3.74789e-05 0.872982
0.58749 0.145977 0.266533
0.462557 0.537443 0
0.172534 0.323356 0.50411
0.0572744 0.690342 0.252384
0.462012 0.20637 0.331618
0.0842458 0.617648 0.298106
0.41772 0.58228 0
0.494606 0.0821536 0.42324
0.666577 0.0834225 0.25
0.929299 0.0707008 0
0.340326 0.659674 0
0.365467 0.384201 0.250332
0 0.575827 0.424173
0.852742 0.147258 0
0.194733 0.0735381 0.731729
0.285351 4.98204e-13 0.714649
0.128822 0.871178 0
0.174913 0.825087 0
0.434341 2.24497e-05 0.565636
8.80746e-17 0.256746 0.743254
0.0576918 0.0319355 0.910373
0.128866 0.394807 0.476327
0.0899773 0.365898 0.544125
0.75 0 0.25
0.204255 0.214575 0.581169
1.65889e-15 0.433202 0.566798
0.13928 0.524731 0.335989
0.962258 0.0377419 0
0.206793 0.369087 0.42412
1.12108e-16 0.326807 0.673193
0.0853069 0.914693 0
0.503513 0 0.496487
0.603368 0.396632 0
0.237809 0.468966 0.293226
0.0426918 0.957308 0
0.254552 0.0851867 0.660262
0 0.088491 0.911509
0.141482 0.608518 0.25
0 1 0
0.26411 0.73589 0
0.0852235 0.48382 0.430956
