0.114831 0.568317 0.316852
0.35941 0.39059 0.25
0 0 1
0.178543 0.49232 0.329137
0.101436 0.170277 0.728287
0.652692 0.347308 0
0.686778 0.000113644 0.313108
0.27108 0.72892 0
0.963482 0.0365185 0
0.314071 0.369069 0.31686
0.270401 0.0145414 0.715057
0.165417 0.302625 0.531958
0.0656989 0.934301 0
6.97214e-06 0.394276 0.605717
0.335246 1.11659e-16 0.664754
0.377616 0.220041 0.402344
0.0961926 0.903807 0
0.885806 0.114194 0
0.290777 0.450532 0.258692
0.0204404 0.447842 0.531717
0.159615 0.186976 0.653409
0.75 0 0.25
0.103828 0.51386 0.382313
0.224082 0.096804 0.679114
0.671659 0.078341 0.25
0.0313938 0.0364986 0.932108
0.0587129 0.691287 0.25
0.300738 0.172174 0.527088
0.0758109 0.362287 0.561902
0.615476 0.384524 0
0.535066 0.464934 0
2.67449e-08 0.1024 0.8976
0.250282 0.135128 0.614591
0.129859 0.870141 0
0.385961 0.285567 0.328472
0.339332 0.181284 0.479384
0.0712895 0.637329 0.291382
0.239341 0.262603 0.498056
0.521848 0.0812353 0.396916
0.236002 0.416301 0.347697
0.450792 0.549208 0
0.407114 0.592886 0
0.0748745 0.240743 0.684382
0.442284 4.73786e-08 0.557716
9.70947e-10 0.507984 0.492016
0.690512 0.309488 0
0.0100811 0.325784 0.664135
0 1 0
0.474466 0.18532 0.340214
0.38785 0.0965921 0.515558
0.16292 0.586885 0.250195
0 0.666441 0.333559
0.216797 2.40693e-17 0.783203
0.789183 0.210817 0
0.430112 0.318752 0.251136
0.201576 0.341803 0.45662
0.579672 0.100824 0.319504
0.328298 0.087807 0.583895
0.308563 0.275018 0.416419
0.305037 0.694963 0
0.0993753 1.06453e-08 0.900625
1.54236e-07 0.27489 0.725109
0.224926 0.525074 0.25
0.158798 0.0771988 0.764003
0.0952583 0.110496 0.794246
0.757892 0.242108 0
0.488099 0.511901 0
0 0.75 0.25
0.207655 0.214916 0.577429
0.0825235 0.462919 0.454558
0.147792 0.0197947 0.832413
0.825421 0.174579 0
0.237951 0.762049 0
0.375812 0.0225985 0.601589
0.534286 0.000948487 0.464766
0.502518 0.247279 0.250203
0.160757 0.436899 0.402344
0.345149 0.654851 0
0.547342 0.200928 0.25173
0.0363793 0.595727 0.367894
0.576561 0.423439 0
0.0343049 0.965695 0
0.0299741 0.201417 0.768609
0.104441 0.272966 0.622593
0.141341 0.36941 0.489249
0.0695438 0.080668 0.849788
0.273201 0.352011 0.374788
0.456815 0.0696644 0.47352
0.858049 0.141951 0
0.725999 0.274001 0
0.00415727 0.574206 0.421637
0.616496 0.133503 0.25
0.61726 1.71324e-15 0.38274
0.91531 0.0846903 0
0.20231 0.79769 0
0.169813 0.830187 0
6.92395e-08 0.167601 0.832399
1 0 0
0.430684 0.143493 0.425823
0.377407 0.622593 0
