0.0797644 0.149291 0.770945
0.114054 0.0787464 0.807199
0.269215 0.730785 0
0.0986753 0.530266 0.371059
0.889479 0.110521 0
0.613818 0 0.386182
0 0.749997 0.250003
1 0 0
0.749997 0 0.250003
0.481389 0.518611 0
0.128299 1.2361e-10 0.871701
0.123076 0.211123 0.665801
0.0577577 0.477073 0.465169
0 0.566343 0.433657
0 1 0
0.0442321 0.0920973 0.863671
0.48656 0.0170618 0.496378
0.169492 0.580505 0.250003
0.58872 0.0888578 0.322422
0.100535 0.17914 0.720325
0.669658 0.330342 0
2.81776e-12 0.643296 0.356704
0.391428 0.267714 0.340858
0.346859 0.653141 0
0.147684 0.852316 0
0.212784 0.401958 0.385259
0.185031 0.814969 0
0.188919 0.339326 0.471756
0.201703 0.172952 0.625345
0.000116201 0.243157 0.756727
0.037331 0.690572 0.272097
0.393866 0.183419 0.422716
2.31687e-06 0.38131 0.618688
0.159051 0.272689 0.56826
4.56801e-07 0.316042 0.683958
0.352443 0.35562 0.291937
0.0787617 0.921238 0
0.252429 0.307416 0.440155
0.344274 0.405723 0.250003
0.325851 0.140962 0.533187
0.0486289 0.411279 0.540092
0.271205 0 0.728795
0.545717 7.36029e-11 0.454283
0.627074 0.372926 0
0.0364752 0.963525 0
0.260706 0.0632443 0.67605
0.612071 0.137926 0.250003
4.04004e-17 1.51108e-17 1
0.495957 0.150474 0.353568
0.816772 0.183228 0
0.269487 0.1451 0.585413
0.582411 0.417589 0
0.781295 0.218705 0
0.415016 0.088606 0.496378
0.345325 0.241605 0.41307
0.382498 0.617502 0
0.386379 0.000123191 0.613498
0.00123206 0.175976 0.822792
0.681189 0 0.318811
0.167222 0.49173 0.341048
0.223091 0.776909 0
0.962226 0.0377738 0
0.559305 0.440695 0
0.705773 0.294227 0
0.133005 0.433948 0.433047
0.464343 0.216166 0.319491
0.739583 0.260417 0
0.311606 0.317334 0.371059
0.534777 0.0519808 0.413242
0.28118 0.468693 0.250128
0.461586 1.02493e-16 0.538414
0.212444 0.516877 0.27068
0.0552001 0.277109 0.667691
4.69672e-06 0.0750167 0.924979
0 0.472061 0.527939
0.323759 0.000103226 0.676138
0.30816 0.205967 0.485873
0.196602 0.0552553 0.748143
0.226495 0.242895 0.530609
0.177517 0.125434 0.697048
0.343285 0.0726637 0.584052
0.112094 0.887906 0
0.304811 0.695189 0
0.539248 0.186897 0.273854
0.420049 0.579951 0
0.062227 0.00707631 0.930697
0.66829 0.0688492 0.26286
0.0682394 0.606983 0.324778
0.458932 0.127718 0.41335
0.499491 0.250506 0.250003
0.452225 0.547775 0
0.429071 0.320926 0.250003
0.520471 0.479529 0
0.247469 0.433185 0.319347
0.106087 0.643785 0.250128
0.926312 0.0736877 0
0.111299 0.374387 0.514314
0.0847665 0.313396 0.601837
0.85276 0.14724 0
0.193273 0.000128194 0.806599
