0.0568653 0.15996 0.783175
0 0 1
0.561916 0.438084 0
0.308985 0.691015 0
0.22625 0.0719841 0.701765
0.0131369 0.0498464 0.937017
0.35675 0.0432382 0.600011
0.52268 0.47732 0
0.965886 0.034114 0
0.223479 0.177112 0.599409
0.59324 0.15676 0.25
0.148311 4.35127e-06 0.851685
0.64894 0.0229199 0.32814
0.307193 0.142348 0.550459
0.92952 0.0704804 0
0.0883914 0.651979 0.259629
0.13615 0.114844 0.749006
0.0501878 0.288738 0.661074
0.497193 0.098006 0.404801
0.403291 0.150231 0.446478
0.354756 0.301211 0.344033
0.128161 0.355329 0.51651
0.385272 0.0780082 0.53672
0.189235 0.486112 0.324654
0.000567221 0.625242 0.37419
0.647619 0.352381 0
0.0778964 0.922104 0
0.338343 0.184946 0.47671
0.152764 0.847236 0
0.19332 0.80668 0
0.196843 0.0199822 0.783175
0.127143 0.45962 0.413236
0.219128 0.530872 0.25
0.17991 0.27911 0.540979
0.0963889 0.510695 0.392916
0.81811 0.18189 0
0.455812 0.0532274 0.490961
0.259753 0.347331 0.392916
0.118591 0.881409 0
0.37649 0.230594 0.392916
0.40729 0.59271 0
0.336458 0.663542 0
0.259879 0.464079 0.276042
0.0238932 0.492918 0.483189
0.450508 0.183965 0.365527
0.263862 0.736138 0
0.43487 2.48782e-07 0.56513
0.00294686 0.373689 0.623364
0 0.552479 0.447521
0 0.75 0.25
0.263111 3.08943e-10 0.736889
0.303661 0.270771 0.425568
0.0880244 0.00181542 0.91016
0.186225 0.385676 0.428098
0.212601 0.426812 0.360586
0.371799 0.628201 0
0.0548016 0.404219 0.540979
0.780667 0.219333 0
3.80911e-06 0.115858 0.884139
0.519979 0.212333 0.267688
0.230473 0.769527 0
0.0132639 0.238498 0.748238
0.856315 0.143685 0
0.122381 0.243914 0.633705
0.662265 0.0877344 0.25
0.274007 0.0970519 0.628941
0.253703 0.255337 0.490961
0.471023 0.278976 0.25
0.633358 1.51306e-05 0.366627
0.605396 0.394604 0
0 0.441439 0.558561
0.523012 1.32343e-07 0.476988
0.75 0 0.25
0.0903119 0.434232 0.475456
0.150639 0.599361 0.25
0.436575 0.246329 0.317096
0.133358 0.552181 0.31446
6.74971e-16 0.312496 0.687504
0.57664 0.0466796 0.37668
0 0.690415 0.309585
0 1 0
0.0954578 0.0820873 0.822455
0.17394 0.152223 0.673838
0.895436 0.104564 0
0.443598 0.556402 0
0.393514 0.354558 0.251928
0.740453 0.259547 0
0.0878979 0.200691 0.711411
0.330608 0.000653701 0.668739
1 0 0
0.314198 0.435802 0.25
0.570678 0.119527 0.309795
3.67158e-14 0.189142 0.810858
0.0391737 0.960826 0
0.214488 0.30637 0.479141
0.480165 0.519835 0
0.0874629 0.327227 0.58531
0.694225 0.305775 0
0.0711725 0.58233 0.346498
0.300441 0.390473 0.309086
