0.0450197 0.258508 0.696472
0.292793 0.163223 0.543984
0.158104 0.262664 0.579231
0.371322 0.162407 0.46627
0.0628506 0.353634 0.583516
0.236965 0.240472 0.522563
0.309573 0.324393 0.366035
0.215221 0.534779 0.25
0.07616 0.0622384 0.861602
0.056836 0.447105 0.496059
0.526154 0.103904 0.369942
0.715385 0.284615 0
0.489433 0.0599438 0.450623
0.145236 0.197152 0.657611
2.48793e-18 5.30232e-17 1
0.000400636 0.539689 0.45991
0.166811 0.46265 0.370539
0.692094 0.0557817 0.252124
0.596878 0.0481074 0.355014
0.150265 2.78868e-08 0.849735
0.156656 0.843344 0
0.0676092 0.680155 0.252236
0.357452 0.116294 0.526254
0.104241 0.173179 0.72258
0.0398431 0.960157 0
0.119209 0.880791 0
0.430386 0.0533446 0.51627
0.669229 0.330771 0
0.14364 0.40153 0.45483
0.276419 0.00369019 0.71989
0.859697 0.140303 0
0.220967 0.000370262 0.778662
0.417472 0 0.582528
0.613682 0.104793 0.281525
0.337164 0 0.662836
0.542756 0.457244 0
0.0722115 0.615834 0.311954
0 0.75 0.25
1.37998e-10 0.325451 0.674549
0.183833 0.119694 0.696472
0.611693 0.388307 0
0.285257 0.464743 0.25
0.216906 0.37097 0.412125
0.500559 0 0.499441
1 0 0
8.64424e-08 0.594681 0.405319
0.422458 0.207002 0.370539
0.288 0.712 0
0.081671 0.918329 0
0.534785 0.214794 0.250421
0.124354 0.546937 0.328708
0.576467 0.423533 0
0.892745 0.107255 0
0.646676 0.353324 0
0.0744734 0.296793 0.628734
0.27263 0.276665 0.450705
7.77624e-06 0.676877 0.323115
0.383818 0.292314 0.323868
0.325336 0.674664 0
0.072588 5.82484e-05 0.927354
0.234147 0.0693812 0.696472
0.147176 0.081351 0.771473
1.43035e-05 0.382091 0.617894
0.824388 0.175612 0
0.75 0 0.25
0.416546 0.333454 0.25
0.215121 0.162004 0.622875
0.394007 0.605993 0
0.50936 0.49064 0
0.34649 0.390018 0.263492
0.788624 0.211376 0
0.352118 0.0541702 0.593711
0.58399 0.16601 0.25
0.347543 0.227382 0.425075
0.477624 0.262703 0.259673
0.928329 0.0716707 0
3.02705e-17 1 0
0.0986484 0.498827 0.402524
0.193701 0.30618 0.500119
0.200593 0.799407 0
0.572194 0 0.427806
2.86742e-07 0.0765751 0.923425
0.463911 0.536089 0
0.256045 0.408903 0.335052
1.47043e-07 0.154493 0.845506
0.964034 0.0359658 0
0.116321 0.357476 0.526202
0.427802 0.572198 0
0.357438 0.642562 0
0.752795 0.247205 0
0.00671282 0.222899 0.770388
0.198283 0.4902 0.311517
1.4462e-12 0.456016 0.543984
0.497494 0.17425 0.328256
0.443447 0.127257 0.429297
0.146373 0.603627 0.25
0.65941 5.41098e-06 0.340584
0.0622908 0.139269 0.79844
0.243911 0.756089 0
0.284211 0.0892451 0.626543
