0.275468 0.135577 0.588955
0.307701 0.692299 0
0.274241 0.725759 0
0.612402 0.387598 0
0.721069 0.278931 0
0.530843 0.203223 0.265934
0.610022 1.57594e-09 0.389978
0.210505 0.364121 0.425373
0.132661 0.395822 0.471517
0.0927199 0.371669 0.535611
1 0 0
0.430412 0.0821342 0.487454
0.246228 0.416549 0.337222
0.683686 0.316314 0
0 1 0
0.283585 0.460497 0.255918
0.335392 0.238465 0.426143
0.681833 0.0500678 0.268099
0.35775 0.392249 0.25
0.852865 0.147135 0
0.214639 0.53536 0.25
0.485788 0.264212 0.25
0.0416805 0.180151 0.778168
0.190211 0.192692 0.617097
1.78847e-17 0.75 0.25
0.393314 0.0119316 0.594755
0.163542 0.446634 0.389824
0.558647 0.146691 0.294662
0.887085 0.112915 0
0.246254 0.753746 0
0.000245793 0.162866 0.836888
0 0 1
0.128771 0.871229 0
0.295909 0.19609 0.508001
0.186635 0.322799 0.490566
0.216079 4.24167e-06 0.783917
0.0462282 0.953772 0
0.425334 0.574666 0
0.380409 0.277627 0.341964
0.367619 0.0671332 0.565248
0.0873647 0.220232 0.692403
0.591758 0.0642499 0.343992
0.223027 0.219947 0.557025
0.499976 0.500024 0
0.296132 0.0642552 0.639613
0.09315 0.267237 0.639613
0.672471 0 0.327529
0.346186 0.653814 0
7.25807e-07 0.350649 0.64935
1.57725e-17 0.661425 0.338575
0.0456318 0.0160481 0.93832
0.0826354 0.483211 0.434153
0.772942 0.227058 0
0.463429 0.209572 0.326999
0.142732 0.283794 0.573474
0.082798 0.0798234 0.837379
0.259111 0.269748 0.471141
0.333416 1.17437e-11 0.666584
0.202327 0.797673 0
0.381406 0.618594 0
0.81465 0.18535 0
0.110988 0.126185 0.762827
0.531525 0.109629 0.358846
0.328063 0.359292 0.312645
1.62745e-08 0.555439 0.444561
0.160153 0.0384762 0.801371
0.361745 0.155361 0.482894
0.00025049 0.43455 0.565199
0.16582 0.83418 0
0.0624195 0.671646 0.265934
0.629572 0.120428 0.25
0.136229 0.613723 0.250048
0.176155 0.512639 0.311206
0.0157221 0.290255 0.694023
0.111167 1.05161e-05 0.888822
0.422288 0.299266 0.278446
0.0538281 0.336657 0.609515
0.0423819 0.563978 0.39364
0.647213 0.352787 0
0.539652 0.0257472 0.434601
0.287489 0.310895 0.401616
0.212118 0.101495 0.686387
0.474021 0.120297 0.405681
0.0594545 0.625333 0.315213
0.116254 0.552255 0.33149
0.961316 0.0386843 0
4.8447e-07 0.256928 0.743071
0.75 0 0.25
0.0300651 0.464349 0.505586
0.258643 0.022424 0.718933
0.509098 6.43593e-08 0.490902
0.00828273 0.0934499 0.898267
0.927137 0.072863 0
0.577361 0.422639 0
0.148561 0.143746 0.707693
0.472918 0.527082 0
0.538741 0.461259 0
0.412736 0.190957 0.396307
0.448666 0.00113891 0.550195
0.0868218 0.913178 0
