0.263804 0.736196 0
0.226728 0.773272 0
0.0603908 0.492348 0.447261
0.833006 0.166994 0
0.703211 0.296789 0
0.375189 0.624811 0
0.0925433 0.0665958 0.840861
0.0656394 0.142833 0.791528
0.338037 0.661963 0
0.300615 0.382623 0.316763
0.343633 0.186444 0.469923
0.29319 0.174816 0.531993
0.244217 0.395476 0.360306
0.227334 0.0728387 0.699828
0.402505 0.141594 0.4559
0.387702 0.0339679 0.578331
0.482948 0.0866955 0.430356
0.130645 0.558865 0.31049
0.00951047 0.418085 0.572405
0.456001 0.543999 0
0 0 1
0.439798 0.0699531 0.490249
0.591763 0.00192296 0.406314
0.0803614 0.330978 0.588661
0.547502 0.0671514 0.385346
0.150735 0.849265 0
0.589698 0.0934141 0.316888
0.671116 0.328884 0
0.734785 0.265215 0
0.530387 0.469613 0
0.770429 0.229571 0
0.75 0 0.25
5.62292e-05 0.57033 0.429614
0.333202 0.108564 0.558234
0.242216 0 0.757784
0.961096 0.0389039 0
0.594609 0.155391 0.25
0.303603 0.294724 0.401673
0.400542 0.344025 0.255433
0.0496896 0.283234 0.667076
0.52905 1.07588e-07 0.47095
0.0474693 0.691445 0.261086
0.177426 0.0255705 0.797003
0.128662 0.199324 0.672014
0.640033 0.359967 0
0.133879 0 0.866121
0.425853 0.253571 0.320576
0.11029 0.258585 0.631125
1.8507e-17 0.364444 0.635556
0.655526 0.0944739 0.25
0.0494819 0.017267 0.933251
0.198664 0.348964 0.452372
0.923173 0.0768272 0
0.216411 0.467418 0.316171
0.0318148 0.968185 0
5.07813e-17 1 0
0.805469 0.194531 0
0.259511 0.243644 0.496845
8.18457e-07 0.485143 0.514856
0.112961 0.887039 0
0.368899 0.226562 0.404539
0.197145 0.149506 0.653349
3.79248e-05 0.163694 0.836268
0.0761666 0.392122 0.531712
0.130402 0.401573 0.468025
0.298387 0.00965343 0.691959
0.608462 0.391538 0
0.251892 0.498108 0.25
0.469147 0.280853 0.25
0.359695 0 0.640305
0.209674 0.220023 0.570303
0.0729585 0.927042 0
0.281916 0.0918224 0.626261
1 0 0
0.149014 0.101811 0.749176
0.529514 0.131721 0.338765
0.0838105 0.192692 0.723498
0.299279 0.700721 0
0.412856 0.587144 0
0.459756 4.0346e-05 0.540204
2.90644e-05 0.241377 0.758594
0.111939 0.638061 0.25
0.190245 0.809755 0
0.522097 0.211789 0.266114
0.576248 0.423752 0
0.686987 0.0347002 0.278313
0.497779 0.502221 0
0.197534 0.549909 0.252557
0.456137 0.179906 0.363956
1.85398e-17 0.75 0.25
0.351077 0.30959 0.339334
0.000555551 0.0919919 0.907453
0.886081 0.113919 0
0.0466711 0.593023 0.360306
0.0978908 0.529819 0.37229
0.334321 0.415679 0.25
0.652916 2.25918e-05 0.347062
3.42606e-17 0.67467 0.32533
0.137902 0.456443 0.405655
0.156037 0.304376 0.539586
