0.415618 0.334381 0.250001
0.0362921 0.963708 0
4.16333e-17 0.749999 0.250001
0.190979 0.178894 0.630127
0.237108 0.762892 0
0.260651 0.150239 0.58911
0.518488 0.0803212 0.401191
0.140349 0.527067 0.332583
0.749999 0 0.250001
0.0952489 0.490037 0.414715
0.0196263 0.520929 0.459444
2.4416e-13 0.463394 0.536606
0.101725 0.898275 0
0.370038 0.376352 0.25361
0.674947 0.0750519 0.250001
0.908794 0.0912065 0
0.105997 0.606882 0.287121
0.574603 0 0.425397
0.116587 0.346807 0.536606
0.634534 1.53017e-06 0.365465
0.173568 0.449007 0.377425
0.413111 0.0389387 0.54795
5.55112e-17 1 0
0.704274 0.295726 0
0.000287391 0.210372 0.789341
0.201134 0.798866 0
0.132347 0.26738 0.600273
0.431398 0.568602 0
0.864501 0.135499 0
0.350627 0.649373 0
0 0 1
0.0712648 0.433888 0.494847
0.0225137 0.386421 0.591065
2.79152e-13 0.272407 0.727593
0.000170014 0.151053 0.848777
0.239411 0.098142 0.662447
0.410341 0.216168 0.373491
0.637516 0.362484 0
0.494894 0.0403883 0.464718
0.0683235 0.931677 0
0.742839 0.257161 0
0.389576 0.610424 0
0.363881 0.119828 0.516291
0.596241 0.403759 0
0.0752061 0.0843474 0.840447
0.32423 0.425741 0.25003
0.698704 0.00533128 0.295965
3.82177e-11 0.692297 0.307703
0.281143 0.390742 0.328115
0.261143 0.267196 0.47166
0.0940295 0.239804 0.666167
0.227642 0.226594 0.545764
0.0108143 0.647604 0.341582
9.08841e-16 0.348883 0.651117
0.782701 0.217299 0
0.475523 0.274477 0.250001
0.6715 0.3285 0
0.351406 0.202835 0.445759
0.0448481 0.0179277 0.937224
0.517998 0.213986 0.268016
0.518011 0.481989 0
0.367485 3.53199e-07 0.632515
0.387549 0.288485 0.323966
0.276201 0.723799 0
0.25249 0.497509 0.250001
0.132983 0.867017 0
0.311951 0.179188 0.50886
0.231682 0.357235 0.411083
0.0679022 0.575176 0.356922
0.206186 0.0693375 0.724476
0.236576 0.00370104 0.759723
0.0709966 0.197106 0.731897
3.23507e-11 0.586018 0.413982
4.47966e-05 0.0766789 0.923276
0.320737 0.0881981 0.591065
0.154821 0.0431758 0.802003
0.536745 0.138898 0.324357
0.435475 0.137623 0.426902
0.586696 0.163275 0.25003
1 0 0
0.0953949 0.124973 0.779632
0.323502 0.315031 0.361466
0.145575 0.155326 0.699098
0.826092 0.173908 0
0.225879 0.467381 0.306741
0.300901 2.73437e-07 0.699098
0.119311 9.27229e-17 0.880689
0.168605 0.831395 0
0.199752 0.300601 0.499648
0.152892 0.39552 0.451588
0.0791919 0.670807 0.250001
0.953978 0.0460217 0
0.558634 0.441366 0
0.475956 0.524044 0
0.18704 0.561971 0.250989
0.479085 1.88278e-06 0.520913
0.609971 0.0829846 0.307044
0.470253 0.169245 0.360502
0.313322 0.686678 0
0.0630495 0.313084 0.623866
