0.145787 0.854213 0
0.469642 0.0273022 0.503055
0.451218 6.61422e-06 0.548776
0.487513 0.228362 0.284125
0.545126 2.12417e-07 0.454873
0.161833 0.450274 0.387893
0.431858 0.171795 0.396347
0.496366 0.154732 0.348903
2.08167e-17 0.75 0.25
0.719704 0.280296 0
0.75 0 0.25
0.168007 0.573035 0.258957
0.267988 0.448875 0.283137
0 0.432139 0.567861
0.282502 0.374648 0.34285
0.454922 0.545078 0
0.230663 0.769337 0
7.15625e-18 0.257831 0.742169
0.178537 0.0955623 0.7259
0.278412 0.05306 0.668528
0.0257976 0.0434786 0.930724
0.0570709 0.223717 0.719212
0.130416 0.0175575 0.852027
0.677222 0.322778 0
0.560899 0.124915 0.314186
0.00469736 0.560168 0.435135
0.555004 0.192905 0.252091
0.264387 0.735613 0
0.587328 0.412672 0
2.94033e-05 0.333851 0.66612
0.294593 0.000999946 0.704407
0.594395 0.0310802 0.374524
0.146227 0.0554223 0.79835
0.484949 0.515051 0
0.205199 0.41352 0.381281
0.133573 0.168521 0.697906
0.402785 0.26762 0.329594
0.442272 0.307728 0.25
4.43301e-06 0.512234 0.487762
9.37587e-07 0.108338 0.891661
0.0637547 0.0842184 0.852027
0.108671 0.891329 0
0.18364 0.81636 0
0 0 1
0.4992 0.0852956 0.415504
0.238526 0.511474 0.25
0.0884961 0.137769 0.773735
0.0700189 0.557285 0.372696
0.633971 0.366029 0
0.20137 0.480854 0.317777
0.381771 0.00480098 0.613428
0.144147 0.527744 0.32811
0.167761 0.372051 0.460188
0.164813 0.192178 0.643009
0.364079 0.352556 0.283366
1 0 0
0.783453 0.216547 0
0 1 0
0.155019 0.27075 0.574231
0.257564 0.193112 0.549324
0.0958681 0.65293 0.251202
0.379193 0.620807 0
0.316125 0.30494 0.378935
0.0904457 0.260949 0.648606
0.520682 0.479318 0
0.301748 0.698252 0
0.238383 0.325956 0.435661
0.372764 0.0768261 0.550409
0.959219 0.040781 0
0.0904173 0.000120368 0.909462
1.5841e-07 0.62893 0.371069
0.224645 1.88603e-12 0.775355
0.34805 0.239081 0.412869
0.0769701 0.92303 0
0.0362953 0.963705 0
0.665839 0 0.334161
0.381756 0.167978 0.450266
0.045839 0.356316 0.597845
0.817859 0.182141 0
0.233647 0.149227 0.617126
0.55184 0.44816 0
0.415959 0.584041 0
0.323151 0.10144 0.575408
0.213751 0.275777 0.510473
0.678533 0.071467 0.25
0.127577 0.327095 0.545328
0.0910927 0.407398 0.501509
0.891256 0.108744 0
0.338766 0.411234 0.25
0.0821349 0.611346 0.306519
0.625192 0.113719 0.261089
0.0716804 0.485689 0.442631
0.00163534 0.178135 0.82023
0.423908 0.104855 0.471237
0.923854 0.0761463 0
0.0156166 0.688483 0.2959
0.86134 0.13866 0
0.752575 0.247425 0
0.290957 0.22688 0.482163
0.33968 0.66032 0
