2.36654e-21 0.857149 0.142851
6.61587e-22 0.961539 0.038461
7.62822e-20 0.583332 0.416668
4.99414e-22 0.434781 0.565219
2.51462e-21 0.92308 0.0769202
7.23325e-20 0.565218 0.434782
6.28573e-22 0.238096 0.761904
3.82334e-22 0.0909077 0.909092
1.65927e-21 0.909091 0.0909087
3.78676e-22 0.172414 0.827586
6.51874e-22 0.37931 0.62069
2.42726e-22 0.0476098 0.95239
1.65339e-21 0.642851 0.357149
6.4609e-22 0.95 0.0499996
1.6976e-21 0.842105 0.157895
1.65681e-21 0.631578 0.368422
4.99034e-22 0.190476 0.809524
1.69538e-21 0.869568 0.130432
4.75719e-22 0.206905 0.793095
3.55735e-22 0.0740678 0.925932
1.58832e-21 0.782612 0.217388
1.26111e-21 0.45834 0.54166
7.56823e-20 0.166668 0.833332
1.26244e-21 0.466667 0.533333
7.77749e-20 0.9 0.0999998
7.21229e-20 0.772726 0.227274
2.66293e-21 0.125011 0.874989
4.36925e-22 0.391304 0.608696
1.65482e-21 0.68182 0.31818
5.39582e-22 0.233331 0.766669
4.99621e-22 0.428573 0.571427
1.65367e-21 0.533333 0.466667
6.65449e-22 0.966668 0.0333324
0.344558 0.276564 0.419589
5.62858e-22 0.32 0.68
6.34929e-22 0.142856 0.857144
1 2.78e-12 0
2.19434e-21 0.809524 0.190476
3.4183e-22 0.0666666 0.933333
6.09182e-22 0.30769 0.69231
5.42256e-22 0.111113 0.888887
0.584483 0 0.430709
1.56858e-21 0.666667 0.333333
2.20658e-21 0.600001 0.399999
2.14368e-25 9.48555e-05 0.999905
2.91431e-22 0.0333327 0.966667
6.56352e-22 0.275859 0.724141
1.68838e-21 0.695648 0.304352
5.01097e-22 0.749998 0.250002
0.583677 0.403239 0.0321933
5.41235e-22 0.2 0.8
2.25824e-21 0.999901 9.88404e-05
2.39192e-21 0.863631 0.136369
2.13179e-22 0.0416646 0.958335
7.47256e-20 0.571428 0.428572
4.6332e-22 0.413795 0.586205
0.603616 0.416601 7.37764e-09
1.99205e-19 0.5 0.5
0.339646 0.252428 0.432583
2.49755e-21 0.931035 0.0689645
0.605968 0.343525 0.0745396
6.24019e-22 0.347824 0.652176
2.02359e-21 0.63636 0.36364
7.48687e-20 0.821418 0.178582
2.36208e-21 0.1 0.9
7.2208e-20 0.833332 0.166668
1.65379e-21 0.727273 0.272727
7.16873e-20 0.250001 0.749999
1.73983e-21 0.333332 0.666668
1.65607e-21 0.444443 0.555557
1.25911e-21 0.370381 0.629619
2.35531e-21 0.791666 0.208334
1.65341e-21 0.519999 0.480001
1.70108e-21 0.480005 0.519995
2.48654e-21 0.714285 0.285715
4.42226e-22 0.619053 0.380947
2.36837e-21 0.851852 0.148148
2.39155e-21 0.894738 0.105262
3.53462e-22 0.0833339 0.916666
4.35206e-22 0.181822 0.818178
2.49561e-21 0.879999 0.120001
2.23106e-21 0.653842 0.346158
2.50115e-21 0.916666 0.083334
5.04063e-22 0.214287 0.785713
1.7006e-21 0.739127 0.260873
1.59625e-21 0.555557 0.444443
1.6964e-21 0.956524 0.0434759
7.17443e-20 0.291666 0.708334
1.65474e-21 0.59091 0.40909
3.38097e-22 0.260869 0.739131
1.69951e-21 0.761908 0.238092
2.36883e-21 0.800002 0.199998
4.09183e-22 0.703702 0.296298
1.69016e-21 0.608696 0.391304
5.40071e-22 0.153835 0.846165
1.50026e-21 0.4 0.6
5.64528e-22 0.357142 0.642858
5.00689e-22 0.133334 0.866666
2.87225e-22 0.227272 0.772728
1.69969e-21 0.541666 0.458334
