3.88016e-21 0.578947 0.421053
4.17452e-21 0.266667 0.733333
4.10178e-21 0.647059 0.352941
4.20744e-20 0.851852 0.148148
6.26751e-20 0.238095 0.761905
4.17561e-21 0.307693 0.692307
2.11791e-20 0.0666661 0.933334
3.8758e-21 0.206898 0.793102
5.51498e-21 0.407408 0.592592
2.58089e-20 0.48148 0.51852
4.23973e-20 0.9 0.1
3.88075e-21 0.619048 0.380952
5.69733e-21 0.142857 0.857143
3.86484e-21 0.57143 0.42857
4.17866e-21 0.124999 0.875001
5.61926e-21 0.952381 0.0476188
3.87395e-21 0.681817 0.318183
4.17644e-21 0.592592 0.407408
5.69175e-21 0.428571 0.571429
4.17745e-21 0.708332 0.291668
5.62661e-21 0.866668 0.133332
5.71155e-21 0.166668 0.833332
4.18004e-21 0.566659 0.433341
3.86134e-21 0.217391 0.782609
3.8721e-21 0.476189 0.523811
4.08763e-21 0.55 0.45
2.59728e-20 0.272727 0.727273
4.1823e-21 0.727271 0.272729
2.21271e-20 0.0689657 0.931034
4.17879e-21 0.526316 0.473684
3.88106e-21 0.400002 0.599998
5.63348e-21 0.925925 0.0740751
4.21306e-20 0.857142 0.142858
3.86795e-21 0.583332 0.416668
3.88725e-21 0.6 0.4
3.65739e-20 0.333334 0.666666
4.01348e-20 0.8 0.2
3.89829e-21 0.185186 0.814814
5.7075e-21 0.904761 0.0952386
4.09501e-21 0.299999 0.700001
4.16704e-21 0.433335 0.566665
5.69927e-25 9.89072e-05 0.999901
6.86114e-22 0.0333357 0.966664
2.57973e-20 0.5 0.5
2.65719e-20 0.958332 0.0416677
2.61869e-20 0.944446 0.0555539
3.78319e-19 0.758621 0.241379
4.79213e-20 0.966666 0.0333339
2.58788e-20 0.933334 0.0666662
3.99628e-20 0.833336 0.166664
0.525277 1.43461e-13 0.494097
4.14487e-21 0.1 0.9
4.18134e-21 0.519998 0.480002
1 0 0
3.88729e-21 0.24138 0.75862
4.09608e-21 0.624999 0.375001
1.77954e-19 0.999904 9.61385e-05
0.592972 0.0637824 0.382315
4.15305e-21 0.7 0.3
5.69114e-21 0.892857 0.107143
4.17604e-21 0.777779 0.222221
5.69914e-21 0.366665 0.633335
5.48143e-20 0.133333 0.866667
3.99831e-20 0.826097 0.173903
4.17614e-21 0.666667 0.333333
4.17405e-21 0.0909065 0.909094
4.09972e-21 0.608695 0.391305
4.13142e-21 0.636363 0.363637
2.73308e-20 0.454545 0.545455
6.32444e-20 0.259263 0.740737
5.62153e-21 0.875001 0.124999
4.16901e-21 0.687498 0.312502
4.09128e-21 0.652174 0.347826
3.98193e-20 0.791667 0.208333
4.13985e-20 0.842105 0.157895
5.7067e-21 0.739129 0.260871
4.17787e-21 0.2 0.8
5.63021e-21 0.346156 0.653844
4.17677e-21 0.318182 0.681818
5.63304e-21 0.148149 0.851851
2.66459e-20 0.0833335 0.916666
4.1375e-21 0.380956 0.619044
4.17861e-21 0.714287 0.285713
4.00049e-20 0.814814 0.185186
6.28681e-20 0.25 0.75
7.1124e-20 0.115385 0.884615
3.89575e-21 0.0434741 0.956526
5.66679e-21 0.413797 0.586203
2.59944e-20 0.285716 0.714284
1.10873e-18 0.750001 0.249999
5.69509e-20 0.53846 0.46154
4.00275e-21 0.76667 0.23333
3.88895e-21 0.227273 0.772727
4.17484e-21 0.464286 0.535714
1.77646e-19 0.916666 0.0833338
2.07412e-20 0.391306 0.608694
4.39859e-19 0.884615 0.115385
3.85801e-21 0.448276 0.551724
5.69027e-21 0.36 0.64
5.63393e-21 0.178572 0.821428
