3.66362e-23 0.961738 0.0382622
3.22874e-23 0.923079 0.0769211
2.11205e-22 0.733333 0.266667
1.69989e-23 0.53571 0.46429
7.42123e-24 0.076922 0.923078
6.00896e-24 0.0908937 0.909106
2.70687e-23 0.909092 0.0909084
1.5618e-23 0.238092 0.761908
3.36471e-23 0.933337 0.0666627
2.27246e-23 0.7931 0.2069
1.3878e-23 0.206896 0.793104
2.2122e-23 0.592585 0.407415
9.27302e-23 0.0666665 0.933334
1.73895e-23 0.518521 0.481479
3.38282e-23 0.857143 0.142857
1.55015e-23 0.124996 0.875004
2.16007e-23 0.458345 0.541655
1.79683e-23 0.428576 0.571424
1.08201e-23 0.153842 0.846158
1.57468e-23 0.280007 0.719993
2.76688e-23 0.899999 0.100001
2.53754e-23 0.640006 0.359994
1.70874e-23 0.523808 0.476192
3.56603e-24 0.0333296 0.96667
3.35196e-23 0.966666 0.0333344
1.29319e-23 0.185183 0.814817
2.76852e-23 0.72727 0.27273
1.72953e-23 0.310344 0.689656
8.52545e-23 0.0689615 0.931038
2.76978e-23 0.93104 0.06896
2.09516e-23 0.566662 0.433338
0.504542 0.509977 1.04957e-05
2.47138e-23 0.821433 0.178567
0.480982 0.0312459 0.498146
2.03655e-22 0.714276 0.285724
2.17239e-22 0.761901 0.238099
3.2306e-23 0.772729 0.227271
1 1.33227e-15 0
2.14321e-23 0.320001 0.679999
3.4805e-23 0.629635 0.370365
2.37775e-23 0.599999 0.400001
3.36633e-23 0.884615 0.115385
0.669586 0 0.340736
0.532744 0.239688 0.246935
3.27501e-23 0.700002 0.299998
0.530494 0.453927 0.0288683
3.35972e-23 0.999927 7.28247e-05
2.15065e-23 0.681818 0.318182
1.64524e-23 0.499984 0.500016
2.4987e-23 0.782607 0.217393
0.50543 2.04297e-07 0.507382
1.4307e-23 0.133332 0.866668
9.64801e-24 0.100003 0.899997
1.67246e-23 0.241377 0.758623
2.17875e-23 0.440001 0.559999
2.50695e-23 0.814818 0.185182
2.18571e-23 0.758622 0.241378
0.256908 0.257883 0.515066
0.534233 0.429967 0.0561509
2.09982e-23 0.666667 0.333333
3.42198e-23 0.619048 0.380952
4.68901e-23 0.866667 0.133333
1.78023e-23 0.370372 0.629628
3.31663e-23 0.692291 0.307709
1.51737e-23 0.217395 0.782605
0.73291 0.277169 0
1.68756e-23 0.416664 0.583336
1.62529e-23 0.400002 0.599998
1.73423e-23 0.166666 0.833334
1.6753e-23 0.344826 0.655174
1.84122e-23 0.269528 0.730472
2.3224e-23 0.551723 0.448277
1.59737e-23 0.333332 0.666668
1.69187e-23 0.541667 0.458333
1.55707e-23 0.466659 0.533341
2.0788e-23 0.357147 0.642853
2.04935e-23 0.652178 0.347822
2.26388e-23 0.875004 0.124996
3.31632e-23 0.799998 0.200002
1.64266e-23 0.291652 0.708348
1.47695e-23 0.200001 0.799999
1.96935e-23 0.481464 0.518536
3.2905e-23 0.916672 0.0833275
2.5041e-23 0.833335 0.166665
2.58999e-23 0.851851 0.148149
8.78395e-24 0.083338 0.916662
2.27151e-23 0.571429 0.428571
2.10638e-23 0.608695 0.391305
2.84516e-27 9.1678e-05 0.999908
2.25209e-23 0.740738 0.259262
2.14142e-23 0.586204 0.413796
1.41668e-23 0.249997 0.750003
1.0926e-23 0.115383 0.884617
7.59894e-23 0.142854 0.857146
3.35338e-23 0.956526 0.0434736
4.46998e-24 0.0416635 0.958336
1.56687e-23 0.227271 0.772729
1.76533e-23 0.384615 0.615385
2.10873e-23 0.75 0.25
9.43629e-23 0.178571 0.821429
