1.21092e-23 0.206895 0.793105
1.75592e-23 0.434778 0.565222
6.39485e-24 0.0869544 0.913046
1.20866e-23 0.578949 0.421051
3.43666e-22 0.730769 0.269231
1.88998e-23 0.266667 0.733333
1.75548e-23 0.357144 0.642856
1.73586e-23 0.74074 0.25926
1.12972e-23 0.280001 0.719999
1.48802e-23 0.222221 0.777779
1.802e-23 0.851852 0.148148
1.20973e-23 0.421053 0.578947
1.7507e-23 0.399998 0.600002
7.67781e-24 0.0666644 0.933336
1.18931e-23 0.481481 0.518519
1.75636e-23 0.900003 0.0999966
1.22357e-23 0.239994 0.760006
1.20062e-23 0.714285 0.285715
1.22335e-23 0.450004 0.549996
1.06666e-23 0.124995 0.875005
1.78811e-23 0.952387 0.0476128
1.75532e-23 0.611111 0.388889
1.38872e-23 0.966667 0.0333329
1.20982e-23 0.230768 0.769232
1.8317e-23 0.904761 0.095239
1.75598e-23 0.291669 0.708331
1.71958e-23 0.347824 0.652176
1.62828e-23 0.571426 0.428574
1.09682e-23 0.100001 0.899999
1.08932e-23 0.14815 0.85185
1.75226e-23 0.409084 0.590916
1.21733e-23 0.476194 0.523806
1.75049e-23 0.736839 0.263161
1.75418e-23 0.925918 0.0740824
1.7504e-23 0.8 0.2
1.29284e-23 0.166671 0.833329
1.72262e-23 0.791669 0.208331
1.23331e-23 0.526316 0.473684
2.25149e-23 0.82609 0.17391
1.75622e-23 0.666666 0.333334
1.22896e-23 0.318184 0.681816
1.27765e-23 0.958331 0.0416688
3.46161e-22 0.76 0.24
2.25187e-22 0.37931 0.62069
1.76402e-23 0.884617 0.115383
3.6077e-24 0.0333312 0.966669
1.8421e-23 0.999901 9.88463e-05
1.46938e-23 0.2 0.8
1.80629e-27 9.91491e-05 0.999901
1.80127e-23 0.857144 0.142856
1.3916e-23 0.259257 0.740743
1.73301e-23 0.892856 0.107144
0.606596 0 0.407498
1.2537e-23 0.178577 0.821423
1.20229e-23 0.500006 0.499994
1 0 3.33776e-10
1.15585e-23 0.133328 0.866672
1.71573e-23 0.6 0.4
9.32979e-24 0.428574 0.571426
1.88651e-23 0.519996 0.480004
0.426746 0 0.583383
1.22738e-23 0.700003 0.299997
3.25121e-22 0.625 0.375
1.21024e-23 0.444444 0.555556
1.27229e-23 0.722223 0.277777
7.87492e-24 0.0689643 0.931036
1.74777e-23 0.814812 0.185188
1.22598e-23 0.55 0.45
1.8225e-23 0.777777 0.222223
1.75809e-23 0.875 0.125
1.75826e-23 0.652178 0.347822
1.80835e-23 0.687494 0.312506
1.83289e-23 0.944448 0.0555521
1.75217e-23 0.842106 0.157894
3.52379e-23 0.615385 0.384615
1.81215e-23 0.633332 0.366668
1.75714e-23 0.461535 0.538465
2.30558e-22 0.363634 0.636366
1.75462e-23 0.750001 0.249999
8.58105e-24 0.333331 0.666669
1.20586e-23 0.583332 0.416668
1.49826e-23 0.272727 0.727273
1.0046e-23 0.115386 0.884614
7.86266e-24 0.392857 0.607143
1.21881e-23 0.214287 0.785713
1.75462e-23 0.30435 0.69565
6.88723e-24 0.0799991 0.920001
1.24197e-23 0.708326 0.291674
1.21358e-23 0.565219 0.434781
1.75614e-23 0.249999 0.750001
1.74974e-23 0.916667 0.0833332
1.74949e-23 0.538461 0.461539
3.49713e-22 0.769231 0.230769
1.76392e-23 0.833334 0.166666
4.92957e-24 0.0416666 0.958333
1.8302e-23 0.933334 0.0666664
1.89937e-23 0.866665 0.133335
1.75538e-23 0.640002 0.359998
1.22577e-23 0.592591 0.407409
1.80638e-23 0.681818 0.318182
