4.79987e-27 0.357147 0.642853
2.32927e-26 0.576923 0.423077
2.64003e-27 0.0833239 0.916676
9.72596e-27 0.458333 0.541667
2.7099e-26 0.821432 0.178568
2.92676e-27 0.214281 0.785719
9.69907e-27 0.555554 0.444446
1.25633e-26 0.84 0.16
3.51244e-27 0.159998 0.840002
8.60202e-27 0.321433 0.678567
1.45721e-26 0.96154 0.0384595
9.15532e-27 0.299993 0.700007
8.16924e-27 0.368423 0.631577
9.12882e-27 0.545457 0.454543
9.42811e-27 0.352941 0.647059
2.64404e-27 0.172412 0.827588
6.0611e-28 0.0384599 0.96154
9.258e-27 0.423081 0.576919
3.23208e-27 0.230765 0.769235
2.76412e-26 0.769237 0.230763
1.12509e-26 0.733319 0.266681
9.17246e-27 0.692307 0.307693
1.04902e-26 0.466651 0.533349
2.25834e-26 0.966667 0.0333331
2.5078e-26 0.799997 0.200003
1.1921e-26 0.720003 0.279997
9.3745e-27 0.333331 0.666669
8.31641e-27 0.249999 0.750001
8.63138e-27 0.4 0.6
0.0950078 0.256187 0.672633
2.30622e-26 0.933334 0.0666664
1.85402e-27 0.0666651 0.933335
2.55146e-26 0.833324 0.166676
2.64473e-27 0.166673 0.833327
0.306938 0.0215842 0.689839
9.14441e-27 0.560012 0.439988
1.07578e-26 0.599999 0.400001
0.275819 0.737642 8.14509e-09
8.27892e-27 0.434777 0.565223
8.39225e-27 0.521751 0.478249
0.426387 0.511551 0.0818409
2.48002e-26 0.793097 0.206903
0.860556 0 0.14842
2.39509e-27 0.0769136 0.923086
0.312183 0 0.703679
6.93777e-27 0.500001 0.499999
1 0 7.99694e-13
1.3148e-30 9.947e-05 0.999901
0.308761 0.705693 1.98296e-05
3.1497e-27 0.200007 0.799993
1.49472e-26 0.999902 9.80484e-05
9.91323e-27 0.363644 0.636356
3.16006e-27 0.148127 0.851873
5.2893e-28 0.0333341 0.966666
9.95284e-27 0.629633 0.370367
1.03649e-26 0.740738 0.259262
8.63249e-27 0.241375 0.758625
1.12203e-26 0.681821 0.318179
1.19984e-26 0.758627 0.241373
0.432424 0.571298 0.016176
0.424593 0.395011 0.195184
2.77435e-26 0.892856 0.107144
3.53027e-27 0.107141 0.892859
8.62265e-27 0.285707 0.714293
3.59332e-27 0.133335 0.866665
2.68461e-26 0.866655 0.133345
1.48115e-26 0.653846 0.346154
8.4222e-27 0.538462 0.461538
9.40308e-27 0.347824 0.652176
9.7407e-27 0.384613 0.615387
1.15069e-26 0.75 0.25
9.09717e-27 0.480004 0.519996
8.17198e-27 0.583333 0.416667
1.17573e-26 0.7 0.3
2.998e-26 0.777776 0.222224
3.33043e-27 0.222253 0.777747
2.82548e-27 0.206896 0.793104
1.00892e-26 0.666672 0.333328
1.0276e-26 0.4138 0.5862
1.34617e-26 0.899999 0.100001
1.50321e-27 0.0999967 0.900003
9.71527e-27 0.454544 0.545456
2.62899e-26 0.851853 0.148147
9.16866e-27 0.310345 0.689655
8.82566e-27 0.266669 0.733331
9.69937e-27 0.64 0.36
2.64379e-26 0.608696 0.391304
3.98458e-27 0.185185 0.814815
2.54819e-26 0.814812 0.185188
2.33071e-26 0.923082 0.076918
2.69791e-26 0.56667 0.43333
2.72673e-26 0.880001 0.119999
1.83751e-27 0.11996 0.88004
1.02674e-26 0.379305 0.620695
8.69468e-27 0.592584 0.407416
8.53923e-27 0.388895 0.611105
1.13536e-26 0.708337 0.291663
9.99515e-27 0.444446 0.555554
1.16665e-26 0.407419 0.592581
1.45334e-26 0.620683 0.379317
