5.33127e-23 0.357144 0.642856
3.75284e-22 0.370372 0.629628
3.99879e-22 0.740739 0.259261
4.21664e-23 0.464288 0.535712
5.97478e-23 0.0909085 0.909091
2.11141e-22 0.222222 0.777778
5.81905e-23 0.851852 0.148148
3.91455e-23 0.172415 0.827585
5.96448e-23 0.296296 0.703704
3.58564e-22 0.416665 0.583335
3.69844e-22 0.4 0.6
5.33906e-23 0.0666619 0.933338
5.84602e-22 0.900002 0.0999983
6.33756e-23 0.48134 0.51866
4.54611e-23 0.190476 0.809524
6.14419e-22 0.714287 0.285713
8.10851e-23 0.125001 0.874999
6.38234e-22 0.952382 0.0476184
4.14391e-23 0.611108 0.388892
5.87856e-22 0.681817 0.318183
1.01824e-22 0.153846 0.846154
5.73117e-22 0.592593 0.407407
5.86804e-22 0.407408 0.592592
3.14612e-22 0.347824 0.652176
5.28076e-23 0.826087 0.173913
5.98749e-23 0.285714 0.714286
4.00124e-22 0.444448 0.555552
1.95776e-22 0.230771 0.769229
2.09218e-22 0.249998 0.750002
9.94778e-23 0.966667 0.0333331
5.7802e-22 0.6 0.4
5.86225e-22 0.736842 0.263158
2.48793e-23 0.166667 0.833333
3.69904e-22 0.925927 0.0740733
4.56871e-23 0.0333336 0.966666
5.79481e-22 0.857143 0.142857
5.77768e-23 0.526317 0.473683
5.87151e-22 0.666667 0.333333
3.88e-22 0.434782 0.565218
7.20925e-23 0.319998 0.680002
1.09778e-22 0.0833287 0.916671
3.62685e-22 0.2 0.8
0.612662 0 0.41088
5.94098e-22 0.958331 0.0416691
5.33524e-23 0.100007 0.899993
9.72772e-23 0.115384 0.884616
2.56533e-21 0.760001 0.239999
1.00342e-22 0.944447 0.0555527
1 6.40521e-12 0
9.82865e-23 0.799997 0.200003
6.22669e-22 0.999904 9.61399e-05
6.57171e-26 8.3177e-05 0.999917
7.01921e-22 0.633334 0.366666
5.30578e-23 0.272728 0.727272
5.32318e-23 0.133334 0.866666
2.08967e-22 0.259259 0.740741
5.6287e-22 0.5 0.5
5.30254e-23 0.892857 0.107143
0.491258 1.61855e-05 0.526979
5.9493e-23 0.041663 0.958337
7.80306e-23 0.625003 0.374997
2.06963e-23 0.476113 0.523887
3.7215e-22 0.380953 0.619047
5.87831e-22 0.7 0.3
6.1533e-22 0.814813 0.185187
3.81475e-22 0.571425 0.428575
5.34991e-23 0.068965 0.931035
5.98478e-22 0.549995 0.450005
5.97567e-22 0.777779 0.222221
7.85855e-23 0.583331 0.416669
3.38124e-22 0.392857 0.607143
5.75568e-22 0.875 0.125
2.35418e-21 0.652173 0.347827
8.20504e-23 0.458333 0.541667
5.85682e-22 0.6875 0.3125
1.0675e-20 0.722221 0.277779
7.86816e-23 0.833333 0.166667
5.99169e-22 0.904761 0.095239
6.26346e-22 0.565217 0.434783
5.6861e-22 0.842104 0.157896
6.91344e-23 0.615386 0.384614
6.8998e-23 0.333333 0.666667
7.85853e-23 0.304348 0.695652
1.46133e-22 0.181819 0.818181
3.64625e-22 0.363637 0.636363
5.35365e-23 0.75 0.25
3.92984e-23 0.142856 0.857144
3.65611e-22 0.214286 0.785714
6.15534e-22 0.708331 0.291669
2.56333e-21 0.791667 0.208333
8.1262e-23 0.538461 0.461539
5.91939e-23 0.428571 0.571429
6.33827e-22 0.52 0.48
2.58949e-21 0.76923 0.23077
4.54688e-23 0.238098 0.761902
5.33215e-23 0.916667 0.0833334
5.85288e-22 0.884616 0.115384
6.03358e-22 0.933332 0.0666676
1.01309e-21 0.866667 0.133333
8.10518e-23 0.640002 0.359998
