8.34305e-22 0.266666 0.733334
8.33443e-22 0.0909058 0.909094
8.59462e-22 0.851851 0.148149
3.39851e-22 0.238095 0.761905
8.37941e-22 0.307692 0.692308
8.9575e-22 0.0666643 0.933336
3.69038e-22 0.206987 0.793013
7.06159e-22 0.407416 0.592584
7.16686e-22 0.59259 0.40741
3.48521e-22 0.481481 0.518519
7.13191e-22 0.518518 0.481482
8.93793e-22 0.9 0.0999995
4.46753e-22 0.142858 0.857142
3.60794e-22 0.124991 0.875009
8.96163e-22 0.952383 0.0476172
7.07799e-22 0.611107 0.388893
6.95443e-22 0.681818 0.318182
2.6284e-22 0.571429 0.428571
7.22586e-22 0.708329 0.291671
5.02282e-22 0.428572 0.571428
8.5072e-22 0.640003 0.359997
8.79301e-22 0.866668 0.133332
3.12716e-22 0.0999967 0.900003
8.27639e-22 0.476194 0.523806
8.99193e-22 0.925924 0.0740758
5.5342e-22 0.399998 0.600002
7.03272e-22 0.523809 0.476191
7.15498e-22 0.586205 0.413795
5.26169e-21 0.600003 0.399997
5.85034e-22 0.300001 0.699999
8.80656e-22 0.857143 0.142857
3.05458e-22 0.217392 0.782608
8.6984e-22 0.799999 0.200001
4.75205e-22 0.166666 0.833334
7.20718e-22 0.259292 0.740708
2.98193e-22 0.0333282 0.966672
8.21261e-22 0.666666 0.333334
8.73924e-22 0.966666 0.033334
8.28982e-22 0.285713 0.714287
8.58886e-22 0.448251 0.551749
8.5875e-22 0.727274 0.272726
8.93222e-22 0.944446 0.0555543
5.12613e-22 0.18519 0.81481
1.6397e-22 0.545458 0.454542
8.21349e-22 0.999904 9.63895e-05
8.32925e-25 9.81474e-05 0.999902
3.1358e-22 0.333336 0.666664
2.61974e-22 0.566667 0.433333
0.536102 0 0.475471
6.9178e-22 0.500001 0.499999
8.22019e-22 0.826091 0.173909
7.14786e-22 0.758621 0.241379
1 2.09034e-11 0
8.70194e-22 0.892857 0.107143
6.95678e-22 0.633332 0.366668
8.038e-22 0.27268 0.72732
6.90621e-22 0.366636 0.633364
5.80371e-22 0.413777 0.586223
0.534744 0.0644035 0.40984
8.16649e-22 0.45461 0.54539
8.72956e-22 0.0689659 0.931034
8.69398e-22 0.133333 0.866667
3.44686e-22 0.241393 0.758607
7.16429e-22 0.699999 0.300001
7.98596e-22 0.433441 0.566559
7.13076e-22 0.391307 0.608693
8.59867e-22 0.777777 0.222223
8.64586e-22 0.958332 0.0416684
2.53887e-21 0.875006 0.124994
8.61406e-22 0.652177 0.347823
7.02687e-22 0.687501 0.312499
8.89512e-22 0.904763 0.0952367
8.22472e-22 0.842105 0.157895
8.60073e-22 0.615386 0.384614
8.13248e-22 0.739136 0.260864
4.45305e-21 0.2 0.8
6.22435e-22 0.34615 0.65385
5.7453e-22 0.318184 0.681816
3.61189e-22 0.227272 0.772728
2.85945e-22 0.148149 0.851851
7.37453e-22 0.0833344 0.916666
5.2153e-21 0.380953 0.619047
8.65071e-22 0.766664 0.233336
8.46251e-22 0.714285 0.285715
8.30778e-22 0.814814 0.185186
7.1439e-22 0.249999 0.750001
8.60035e-22 0.916667 0.083333
3.42233e-22 0.115383 0.884617
3.54622e-22 0.0434767 0.956523
5.56019e-22 0.359996 0.640004
7.37287e-22 0.750001 0.249999
8.21654e-22 0.791668 0.208332
5.55952e-21 0.625001 0.374999
8.24121e-22 0.535715 0.464285
4.2107e-22 0.464276 0.535724
8.30728e-22 0.833334 0.166666
8.30342e-22 0.884618 0.115382
7.21286e-22 0.551723 0.448277
8.89779e-22 0.933333 0.0666672
4.91207e-22 0.178569 0.821431
