4.1108e-21 0.266667 0.733333
2.91764e-21 0.740741 0.259259
4.17778e-21 0.761904 0.238096
4.13894e-21 0.0909074 0.909093
2.89586e-21 0.066666 0.933334
2.91381e-21 0.407409 0.592591
3.16252e-21 0.592592 0.407408
4.19935e-21 0.777779 0.222221
2.92898e-21 0.481481 0.518519
7.59064e-20 0.518519 0.481481
3.80159e-21 0.9 0.1
2.87422e-21 0.142856 0.857144
3.79103e-21 0.714286 0.285714
2.91456e-21 0.217391 0.782609
3.59305e-20 0.125 0.875
4.20534e-21 0.952383 0.0476175
1.06694e-19 0.681818 0.318182
1.0612e-19 0.8125 0.1875
2.772e-21 0.428571 0.571429
4.18621e-21 0.571428 0.428572
3.80006e-21 0.842105 0.157895
1.45646e-19 0.64 0.36
3.80051e-21 0.272729 0.727271
4.14135e-21 0.766667 0.233333
2.84356e-21 0.523812 0.476188
5.27512e-21 0.863637 0.136363
2.0314e-21 0.304348 0.695652
4.13455e-21 0.966667 0.0333335
4.24828e-21 0.400001 0.599999
3.0922e-21 0.6 0.4
2.8968e-21 0.47619 0.52381
1.83584e-21 0.0333334 0.966667
4.0731e-21 0.8 0.2
4.13256e-21 0.958331 0.0416693
3.79532e-21 0.875 0.125
4.7414e-21 0.333334 0.666666
4.17406e-21 0.944445 0.0555554
3.80741e-21 0.227274 0.772726
2.91043e-21 0.566666 0.433334
4.20015e-21 0.833334 0.166666
4.09787e-21 0.999901 9.91021e-05
9.88884e-20 0.653846 0.346154
6.82688e-20 0.190477 0.809523
2.01824e-24 9.91409e-05 0.999901
4.1987e-21 0.296297 0.703703
2.92575e-21 0.5 0.5
1 0 4.97147e-11
2.89632e-21 0.736841 0.263159
3.78578e-21 0.25 0.75
0.577054 0 0.455998
2.85419e-21 0.91667 0.0833298
3.7862e-21 0.884615 0.115385
3.79962e-21 0.892857 0.107143
4.20708e-21 0.36667 0.63333
3.79834e-21 0.633333 0.366667
2.89812e-21 0.166667 0.833333
0.559232 0.132271 0.327937
6.88871e-22 0.133334 0.866666
3.79983e-21 0.0999993 0.900001
4.18714e-21 0.666665 0.333335
1.99147e-19 0.699998 0.300002
4.21711e-21 0.925925 0.0740747
2.89893e-21 0.068966 0.931034
2.78978e-21 0.433334 0.566666
1.97511e-21 0.454544 0.545456
2.78049e-21 0.545454 0.454546
3.7946e-21 0.687499 0.312501
5.27503e-21 0.722222 0.277778
3.78535e-21 0.904763 0.0952367
9.53533e-21 0.750002 0.249998
1.06878e-19 0.818179 0.181821
4.20513e-21 0.285714 0.714286
2.2195e-19 0.782609 0.217391
5.09469e-21 0.346154 0.653846
2.88097e-21 0.608696 0.391304
4.13196e-21 0.208333 0.791667
3.79915e-21 0.851852 0.148148
3.79114e-20 0.148147 0.851853
3.7982e-21 0.0833311 0.916669
1.07015e-20 0.619047 0.380953
1.83989e-21 0.380951 0.619049
4.0922e-21 0.318182 0.681818
2.8995e-21 0.115382 0.884618
2.02298e-21 0.0434776 0.956522
4.357e-21 0.586207 0.413793
6.80256e-21 0.413794 0.586206
2.87781e-21 0.708333 0.291667
2.89736e-21 0.238095 0.761905
5.28918e-21 0.178573 0.821427
6.64468e-21 0.200001 0.799999
6.65586e-20 0.464286 0.535714
6.80447e-20 0.535714 0.464286
4.10904e-21 0.259258 0.740742
4.7554e-21 0.793103 0.206897
6.8139e-20 0.391304 0.608696
7.73552e-20 0.551725 0.448275
6.3331e-20 0.448276 0.551724
4.20217e-21 0.933337 0.0666634
1.07729e-19 0.826087 0.173913
5.19943e-21 0.359995 0.640005
