3.34497e-23 0.0499851 0.950015
6.32675e-23 0.105262 0.894738
8.68274e-23 0.740735 0.259265
1.02811e-22 0.933335 0.0666653
5.18088e-23 0.0909075 0.909093
1.01531e-22 0.909092 0.0909082
1.01633e-22 0.172414 0.827586
6.1518e-23 0.423089 0.576911
8.51492e-23 0.576922 0.423078
1.03147e-22 0.692311 0.307689
1.04053e-22 0.642841 0.357159
8.51463e-23 0.357142 0.642858
1.06815e-22 0.407411 0.592589
9.98982e-23 0.592593 0.407407
5.84747e-23 0.296292 0.703708
8.01194e-23 0.608686 0.391314
1.00757e-22 0.391304 0.608696
1.02704e-22 0.961538 0.0384615
1.02092e-22 0.444447 0.555553
8.49306e-23 0.555553 0.444447
6.73267e-23 0.190477 0.809523
8.60773e-23 0.869579 0.130421
7.23481e-23 0.130435 0.869565
7.96515e-23 0.533341 0.466659
8.57229e-23 0.736838 0.263162
1.02374e-22 0.954545 0.0454553
4.6906e-23 0.181822 0.818178
1.01509e-22 0.772722 0.227278
1.01352e-22 0.666669 0.333331
4.68085e-23 0.142856 0.857144
7.36744e-23 0.599997 0.400003
8.01913e-23 0.321426 0.678574
6.28424e-23 0.239996 0.760004
6.2337e-23 0.250001 0.749999
2.23184e-23 0.0333383 0.966662
1.00435e-22 0.434777 0.565223
8.63374e-23 0.966657 0.0333433
4.87474e-23 0.148146 0.851854
9.2807e-23 0.259258 0.740742
8.30403e-23 0.809518 0.190482
6.24086e-23 0.500003 0.499997
1.02961e-22 0.400001 0.599999
1.07258e-22 0.879997 0.120003
0.400011 0.214871 0.401689
8.5519e-23 0.565221 0.434779
1 4.45644e-13 0
9.99757e-23 0.851852 0.148148
1.04467e-22 0.699999 0.300001
1.07601e-22 0.999908 9.15053e-05
0.618007 0 0.386587
0.401834 0.238937 0.379126
6.38197e-23 0.466661 0.533339
9.98374e-23 0.759998 0.240002
1.06827e-22 0.9 0.1
6.23516e-23 0.206896 0.793104
1.07569e-22 0.166665 0.833335
1.49091e-26 9.92999e-05 0.999901
5.19355e-23 0.363641 0.636359
8.32067e-23 0.833331 0.166669
0.637821 0.37905 0
4.17165e-23 0.066668 0.933332
1.01976e-22 0.863619 0.136381
8.37619e-23 0.636359 0.363641
6.02733e-23 0.2 0.8
6.40887e-23 0.1 0.9
1.06928e-22 0.931041 0.068959
8.4644e-23 0.285714 0.714286
8.01918e-23 0.653846 0.346154
8.19395e-23 0.791661 0.208339
8.63293e-23 0.333329 0.666671
5.22111e-23 0.227279 0.772721
5.0863e-23 0.346157 0.653843
8.53759e-23 0.681822 0.318178
6.69244e-23 0.269228 0.730772
8.52859e-23 0.519997 0.480003
9.64071e-23 0.48 0.52
1.08891e-22 0.714285 0.285715
8.99228e-22 0.304346 0.695654
8.88544e-23 0.75 0.25
5.00815e-23 0.0833329 0.916667
1.01884e-22 0.916667 0.0833334
4.19669e-23 0.0434734 0.956527
7.46903e-23 0.413792 0.586208
1.01563e-22 0.586207 0.413793
7.96574e-23 0.615379 0.384621
9.99995e-23 0.384614 0.615386
6.39997e-23 0.115383 0.884617
1.0283e-22 0.454545 0.545455
8.52519e-23 0.545443 0.454557
1.00318e-22 0.821432 0.178568
8.31855e-23 0.799998 0.200002
8.50494e-23 0.727279 0.272721
8.36373e-23 0.214291 0.785709
5.09749e-23 0.157892 0.842108
8.65322e-23 0.842103 0.157897
8.54386e-23 0.624996 0.375004
5.00104e-23 0.375005 0.624995
9.6352e-23 0.894735 0.105265
1.043e-22 0.782613 0.217387
4.20461e-23 0.0740755 0.925924
