4.61218e-23 0.769234 0.230766
3.07846e-22 0.692308 0.307692
2.41546e-23 0.0526307 0.947369
4.24465e-22 0.947369 0.0526314
3.01657e-22 0.592592 0.407408
2.52148e-22 0.407408 0.592592
2.53492e-23 0.0384569 0.961543
4.21273e-22 0.961543 0.0384568
3.32357e-22 0.48148 0.51852
3.08107e-22 0.518518 0.481482
1.11437e-22 0.19048 0.80952
4.5602e-23 0.809522 0.190478
3.89988e-22 0.869567 0.130433
3.29661e-22 0.629631 0.370369
2.51134e-22 0.428569 0.571431
3.45522e-22 0.571432 0.428568
3.76394e-22 0.842104 0.157896
7.76022e-23 0.157894 0.842106
4.57258e-23 0.11111 0.88889
4.04927e-22 0.88889 0.11111
2.47426e-22 0.360002 0.639998
4.55906e-23 0.900001 0.0999991
3.21026e-22 0.476191 0.523809
1.5278e-22 0.346155 0.653845
3.52896e-22 0.799999 0.200001
1.50633e-22 0.333334 0.666666
4.63482e-23 0.136362 0.863638
3.89857e-22 0.863637 0.136363
1.07028e-22 0.181819 0.818181
3.20376e-23 0.0666677 0.933332
3.20242e-22 0.750001 0.249999
3.0826e-22 0.52381 0.47619
3.12412e-22 0.619061 0.380939
3.03442e-22 0.6 0.4
3.99638e-22 0.966666 0.0333344
4.05256e-22 0.933333 0.0666668
1.42129e-22 0.285715 0.714285
1.13822e-22 0.200003 0.799997
4.56225e-23 0.736842 0.263158
3.21277e-23 0.0769231 0.923077
0.751551 0.125786 0.142248
4.28e-23 0.666665 0.333335
4.39866e-23 0.0869536 0.913046
2.1226e-22 0.304347 0.695653
2.52066e-22 0.4 0.6
4.694e-23 0.833333 0.166667
3.03075e-22 0.700002 0.299998
1.11293e-22 0.250002 0.749998
3.55727e-22 0.566665 0.433335
4.86949e-26 9.96198e-05 0.9999
3.19277e-22 0.714286 0.285714
4.4156e-23 0.105265 0.894735
0.553494 0.205536 0.281899
2.56946e-22 0.433334 0.566666
2.4759e-22 0.366667 0.633333
2.59207e-22 0.499999 0.500001
0.739833 0.274731 0
4.27838e-22 0.999901 9.86495e-05
3.44687e-22 0.777777 0.222223
0.756571 0 0.277627
4.41931e-23 0.0999981 0.900002
3.03263e-22 0.640001 0.359999
3.98165e-22 0.896552 0.103448
3.07826e-22 0.60869 0.39131
1.11316e-22 0.166668 0.833332
1.80519e-22 0.272727 0.727273
1 0 2.22045e-16
1.11312e-22 0.214283 0.785717
0.754469 0.158026 0.111064
3.32482e-22 0.76 0.24
2.13367e-23 0.0333389 0.966661
1.14756e-22 0.227274 0.772726
3.93542e-22 0.880001 0.119999
2.39387e-22 0.454546 0.545454
3.4543e-22 0.545455 0.454545
1.55224e-22 0.318185 0.681815
4.01236e-22 0.913045 0.0869546
0.747055 0.181028 0.0930277
3.59766e-22 0.722222 0.277778
4.61038e-23 0.681818 0.318182
4.1756e-22 0.954548 0.0454517
3.43255e-22 0.551722 0.448278
2.30069e-23 0.0454542 0.954546
4.50818e-23 0.818183 0.181817
3.45551e-22 0.653846 0.346154
9.79627e-23 0.14815 0.85185
3.81669e-22 0.851852 0.148148
2.38345e-22 0.380951 0.619049
5.15454e-23 0.125001 0.874999
3.45028e-22 0.586207 0.413793
3.03464e-22 0.448275 0.551725
2.52332e-22 0.413793 0.586207
3.53733e-22 0.791668 0.208332
1.50328e-22 0.238096 0.761904
2.42864e-22 0.535714 0.464286
3.14267e-22 0.464285 0.535715
1.13621e-22 0.25926 0.74074
4.00774e-22 0.923076 0.0769237
1.33482e-22 0.296298 0.703702
2.42668e-22 0.391305 0.608695
