2.76123e-22 0.592591 0.407409
3.80645e-22 0.407408 0.592592
2.69718e-22 0.555556 0.444444
1.65515e-22 0.444443 0.555557
6.36339e-22 0.9 0.1
8.02298e-23 0.0999999 0.9
3.45305e-18 0.952381 0.0476191
9.48963e-23 0.0476158 0.952384
3.93714e-22 0.61111 0.38889
2.01177e-22 0.388889 0.611111
2.74469e-22 0.681817 0.318183
2.04037e-22 0.318182 0.681818
2.64005e-22 0.708333 0.291667
8.79617e-23 0.29167 0.70833
8.01971e-23 0.133333 0.866667
2.67265e-19 0.866667 0.133333
1.63755e-22 0.423077 0.576923
8.5007e-23 0.576921 0.423079
5.9808e-23 0.0666664 0.933334
4.2022e-22 0.933334 0.066666
6.25586e-22 0.884617 0.115383
8.32905e-23 0.115384 0.884616
1.8525e-22 0.222224 0.777776
6.78434e-23 0.0333332 0.966667
3.94268e-22 0.766665 0.233335
3.68628e-22 0.727267 0.272733
2.34173e-22 0.5 0.5
2.68788e-22 0.739129 0.260871
8.52779e-23 0.272725 0.727275
4.17368e-22 0.925925 0.0740751
8.60069e-23 0.142858 0.857142
6.7067e-23 0.260867 0.739133
2.44232e-22 0.399999 0.600001
8.8073e-23 0.600002 0.399998
1.66566e-22 0.200003 0.799997
2.68954e-22 0.799999 0.200001
8.58918e-23 0.0740744 0.925926
2.47941e-22 0.529409 0.470591
2.39038e-22 0.470589 0.529411
2.33152e-22 0.333331 0.666669
2.70689e-22 0.666664 0.333336
7.88341e-22 0.958328 0.0416724
4.03932e-22 0.777779 0.222221
4.08425e-22 0.631577 0.368423
4.012e-22 0.826089 0.173911
8.04339e-23 0.714284 0.285716
9.0219e-23 0.24138 0.75862
2.08441e-22 0.285715 0.714285
6.71093e-26 9.73497e-05 0.999903
4.20219e-22 0.687493 0.312507
6.10786e-22 0.999901 9.94444e-05
2.70133e-22 0.433333 0.566667
8.45273e-23 0.0416679 0.958332
1.5327e-18 0.480001 0.519999
1 0 0
2.63907e-22 0.566665 0.433335
2.42104e-22 0.758617 0.241383
2.0446e-22 0.875 0.125
1.95664e-22 0.233336 0.766664
2.37248e-22 0.368423 0.631577
2.31924e-22 0.3 0.7
1.85395e-22 0.857143 0.142857
5.76592e-22 0.892856 0.107144
7.79096e-23 0.107143 0.892857
1.60168e-17 0.520001 0.479999
4.19683e-22 0.966672 0.0333283
3.77923e-22 0.586209 0.413791
4.07374e-22 0.833334 0.166666
8.00955e-23 0.173913 0.826087
8.00248e-23 0.7 0.3
9.06548e-23 0.125 0.875
9.93234e-21 0.347828 0.652172
2.44245e-22 0.413792 0.586208
4.19292e-22 0.652173 0.347827
6.36314e-23 0.551724 0.448276
9.11643e-23 0.185187 0.814813
2.0978e-22 0.44828 0.55172
2.4071e-22 0.3125 0.6875
1.95524e-22 0.904762 0.0952377
6.88888e-23 0.0952336 0.904766
2.34665e-22 0.625 0.375
6.64623e-23 0.0555564 0.944444
9.58892e-23 0.944444 0.0555561
4.20368e-22 0.842106 0.157894
8.63523e-23 0.157896 0.842104
1.93194e-22 0.384615 0.615385
3.80922e-22 0.615383 0.384617
8.7226e-23 0.814807 0.185193
9.67839e-21 0.250001 0.749999
2.7157e-22 0.75 0.25
4.0802e-22 0.791671 0.208329
9.73319e-23 0.208334 0.791666
2.70661e-22 0.538462 0.461538
2.17518e-22 0.461537 0.538463
8.33073e-23 0.166667 0.833333
2.42092e-22 0.374999 0.625001
2.69047e-22 0.640001 0.359999
8.01403e-23 0.359999 0.640001
8.0212e-23 0.0833334 0.916667
5.68605e-22 0.916667 0.0833327
