9.61923e-23 0.407409 0.592591
2.06862e-19 0.592592 0.407408
2.1193e-22 0.555557 0.444443
5.78846e-19 0.444444 0.555556
8.10222e-19 0.900003 0.0999973
6.89306e-21 0.099999 0.900001
1.8745e-22 0.952381 0.0476187
9.06054e-23 0.0476186 0.952381
1.09363e-18 0.611111 0.388889
1.83718e-20 0.38889 0.61111
2.11192e-19 0.681818 0.318182
8.19301e-19 0.318182 0.681818
2.09931e-22 0.708331 0.291669
7.30626e-19 0.291668 0.708332
2.10481e-22 0.866668 0.133332
7.51235e-21 0.133333 0.866667
1.8765e-22 0.576923 0.423077
8.10695e-19 0.423078 0.576922
1.59996e-22 0.066664 0.933336
1.84634e-22 0.933333 0.0666666
1.69908e-22 0.884613 0.115387
8.29873e-19 0.115385 0.884615
8.4546e-19 0.222224 0.777776
1.88014e-22 0.777778 0.222222
2.28888e-22 0.814815 0.185185
2.09272e-22 0.727269 0.272731
2.8768e-18 0.272726 0.727274
2.62006e-22 0.925926 0.0740741
2.66001e-22 0.791666 0.208334
1.71325e-22 0.142857 0.857143
1.78935e-22 0.6 0.4
2.64545e-22 0.4 0.6
1.59213e-22 0.200002 0.799998
1.61524e-22 0.333334 0.666666
4.42836e-19 0.8 0.2
1.879e-22 0.966669 0.033331
1.4471e-18 0.666663 0.333337
7.61239e-23 0.0333328 0.966667
9.85248e-23 0.0833326 0.916667
9.41425e-23 0.0416673 0.958333
2.11679e-22 0.75862 0.24138
8.29329e-23 0.892858 0.107142
2.34016e-22 0.241379 0.758621
2.65918e-22 0.857143 0.142857
1.88315e-22 0.260867 0.739133
8.17952e-19 0.529409 0.470591
1 2.56042e-10 0
1.88078e-22 0.173913 0.826087
2.72678e-22 0.999906 9.37545e-05
3.50548e-22 0.5 0.5
1.96933e-26 9.87778e-05 0.999901
1.88356e-22 0.958332 0.0416682
1.05782e-18 0.368422 0.631578
1.07138e-18 0.433333 0.566667
9.2689e-23 0.0740739 0.925926
2.11131e-22 0.714286 0.285714
1.25984e-18 0.631577 0.368423
8.13991e-19 0.904762 0.0952377
2.02577e-22 0.826087 0.173913
1.88315e-22 0.766667 0.233333
9.99216e-23 0.107143 0.892857
1.75253e-22 0.470589 0.529411
1.52074e-20 0.566669 0.433331
1.90129e-22 0.3 0.7
2.09951e-22 0.520002 0.479998
8.43491e-19 0.208332 0.791668
2.08281e-22 0.7 0.3
1.61969e-22 0.125 0.875
2.15412e-20 0.347827 0.652173
2.61872e-22 0.652172 0.347828
8.8611e-19 0.448278 0.551722
2.66428e-22 0.875001 0.124999
1.5927e-22 0.413791 0.586209
8.18188e-19 0.551724 0.448276
7.53871e-23 0.312501 0.687499
2.60358e-22 0.687495 0.312505
1.78979e-22 0.0952379 0.904762
6.93145e-23 0.0555547 0.944445
8.33374e-19 0.944445 0.0555551
1.43864e-18 0.586208 0.413792
1.70481e-22 0.842105 0.157895
1.59452e-22 0.157898 0.842102
8.18501e-19 0.739131 0.260869
1.59455e-22 0.384614 0.615386
1.59523e-20 0.615384 0.384616
7.1928e-19 0.285715 0.714285
4.88634e-19 0.479998 0.520002
1.79005e-22 0.185187 0.814813
9.05202e-23 0.249998 0.750002
2.10295e-22 0.750001 0.249999
1.60192e-22 0.233336 0.766664
9.97498e-23 0.538462 0.461538
1.78719e-22 0.461537 0.538463
1.6134e-22 0.833333 0.166667
1.87203e-22 0.166667 0.833333
8.63671e-19 0.625 0.375
9.39077e-23 0.374999 0.625001
1.88099e-22 0.64 0.36
8.96133e-23 0.360001 0.639999
1.86543e-22 0.916667 0.0833334
