3.66745e-24 0.15999 0.84001
1.02831e-23 0.407408 0.592592
2.97892e-24 0.107134 0.892866
5.63796e-24 0.700002 0.299998
3.72643e-24 0.357143 0.642857
6.40135e-24 0.304349 0.695651
4.1969e-24 0.192308 0.807692
4.17464e-24 0.206892 0.793108
7.04629e-24 0.0869506 0.913049
3.69794e-24 0.266671 0.733329
5.95816e-24 0.733333 0.266667
6.43656e-24 0.833331 0.166669
1.04824e-23 0.884627 0.115373
7.09644e-24 0.7931 0.2069
5.82408e-24 0.720006 0.279994
2.21291e-24 0.222221 0.777779
4.64964e-24 0.576921 0.423079
5.65913e-24 0.76923 0.23077
6.37971e-24 0.85715 0.14285
4.15922e-24 0.592592 0.407408
4.26746e-24 0.555541 0.444459
5.65994e-24 0.75 0.25
5.42978e-24 0.727272 0.272728
3.43823e-24 0.239997 0.760003
2.44959e-24 0.10001 0.89999
7.35915e-24 0.6 0.4
3.71971e-24 0.310343 0.689657
0.422925 0.0228277 0.568431
3.80885e-24 0.166663 0.833337
8.48218e-24 0.933336 0.0666643
7.76132e-24 0.444445 0.555555
5.67005e-24 0.640003 0.359997
0.601213 0.363973 0.0504143
6.43209e-24 0.827577 0.172423
4.37185e-24 0.200001 0.799999
4.37344e-24 0.565218 0.434782
1.73346e-24 0.0689649 0.931035
3.59328e-24 0.125 0.875
0.374915 0.611264 0.0331153
3.77684e-24 0.37931 0.62069
1.03974e-23 0.892858 0.107142
0.414781 0.0814426 0.518718
7.44073e-24 0.999912 8.81156e-05
0.610646 0.403961 0
3.54248e-24 0.115386 0.884614
7.38669e-24 0.666665 0.333335
0.61403 1.00695e-10 0.398948
5.63524e-24 0.519999 0.480001
0.374392 0.643485 0
0.251168 0.76255 0
9.97812e-25 0.0333335 0.966666
0.170569 0.349193 0.499155
2.71878e-28 9.71425e-05 0.999903
5.58867e-24 0.740741 0.259259
6.0349e-24 0.692315 0.307685
1.02879e-23 0.499999 0.500001
5.62418e-24 0.631585 0.368415
1 7.11504e-11 0
0.437216 5.82538e-05 0.577689
5.65872e-24 0.259259 0.740741
5.63741e-24 0.758631 0.241369
0.608197 0.321925 0.0978135
8.42643e-24 0.925925 0.0740747
3.74439e-24 0.133329 0.866671
0.372179 0.245073 0.402236
5.78593e-24 0.533334 0.466666
8.43337e-24 0.23077 0.76923
8.58377e-24 0.966674 0.0333262
3.06558e-24 0.33334 0.66666
1.02727e-23 0.866661 0.133339
4.6306e-24 0.799999 0.200001
3.78352e-24 0.413786 0.586214
7.11083e-24 0.285712 0.714288
1.04642e-23 0.608693 0.391307
1.0438e-23 0.466655 0.533345
4.50198e-24 0.777778 0.222222
5.65257e-24 0.653845 0.346155
6.18984e-24 0.708313 0.291687
6.44383e-24 0.846152 0.153848
1.00092e-23 0.586203 0.413797
8.2653e-24 0.899999 0.100001
1.5339e-24 0.0666654 0.933335
4.15243e-24 0.178572 0.821428
4.58806e-24 0.366665 0.633335
5.78362e-24 0.214288 0.785712
5.65428e-24 0.681816 0.318184
1.92594e-24 0.0799953 0.920005
1.07699e-23 0.481493 0.518507
4.23966e-24 0.148148 0.851852
5.10888e-24 0.25 0.75
3.72506e-24 0.272725 0.727275
4.30316e-24 0.545452 0.454548
3.14288e-24 0.346163 0.653837
3.99968e-24 0.428572 0.571428
3.69009e-24 0.392856 0.607144
3.27212e-24 0.296299 0.703701
6.40341e-24 0.318183 0.681817
1.06324e-24 0.0416594 0.958341
7.21777e-24 0.814815 0.185185
4.77825e-24 0.620675 0.379325
