6.67863e-21 0.592587 0.407413
6.86802e-21 0.407409 0.592591
6.71511e-21 0.444442 0.555558
7.95283e-21 0.555556 0.444444
1.61696e-21 0.0999991 0.900001
1.20607e-20 0.9 0.0999996
7.12827e-22 0.0476191 0.952381
1.1572e-20 0.952381 0.0476189
5.19654e-21 0.388892 0.611108
8.18153e-21 0.611111 0.388889
5.34335e-21 0.318182 0.681818
5.14846e-21 0.291668 0.708332
8.17612e-21 0.708333 0.291667
1.79887e-21 0.133336 0.866664
1.16109e-20 0.866667 0.133333
7.92701e-21 0.576922 0.423078
7.56332e-21 0.423077 0.576923
1.17155e-20 0.9375 0.0624999
1.10921e-21 0.0666645 0.933335
1.16676e-20 0.884615 0.115385
1.54831e-21 0.115385 0.884615
3.03115e-21 0.222222 0.777778
1.15846e-20 0.777778 0.222222
5.43012e-22 0.03333 0.96667
7.08441e-21 0.52 0.48
4.85632e-21 0.272729 0.727271
7.95517e-21 0.727272 0.272728
1.22203e-21 0.0740739 0.925926
1.62293e-21 0.142865 0.857135
7.09297e-21 0.399999 0.600001
1.17423e-20 0.8 0.2
3.38831e-21 0.200002 0.799998
7.09773e-21 0.529411 0.470589
6.8696e-21 0.470588 0.529412
1.16047e-20 0.966669 0.0333308
7.09808e-21 0.666665 0.333335
7.88344e-21 0.681816 0.318184
1.17529e-20 0.75862 0.24138
7.09642e-21 0.652173 0.347827
5.44749e-21 0.333334 0.666666
1.16094e-20 0.833333 0.166667
1.16096e-20 0.958332 0.0416675
7.1307e-22 0.0416678 0.958332
1.86256e-21 0.17391 0.82609
3.38252e-21 0.241381 0.758619
1.18432e-20 0.916667 0.0833329
1.15823e-20 0.999901 9.90208e-05
1.08873e-20 0.766668 0.233332
8.07732e-21 0.599998 0.400002
1.53079e-24 9.4106e-05 0.999906
1.41757e-21 0.125 0.875
1 0 0
4.96944e-21 0.368421 0.631579
1.05928e-20 0.791669 0.208331
1.17668e-20 0.85714 0.14286
5.15561e-21 0.3 0.7
6.75966e-21 0.631579 0.368421
1.18821e-20 0.892855 0.107145
1.15654e-20 0.826087 0.173913
8.09334e-21 0.500002 0.499998
7.20913e-21 0.433334 0.566666
1.10041e-20 0.925926 0.0740742
2.48846e-21 0.157897 0.842103
8.25603e-21 0.566668 0.433332
8.08223e-21 0.687499 0.312501
1.4583e-21 0.107143 0.892857
8.07963e-21 0.699998 0.300002
5.28708e-21 0.384615 0.615385
1.15918e-20 0.875 0.125
6.72246e-21 0.461539 0.538461
6.61655e-21 0.347832 0.652168
7.09316e-21 0.551723 0.448277
4.76121e-21 0.260869 0.739131
7.93409e-21 0.448277 0.551723
8.70371e-21 0.75 0.25
5.32896e-21 0.312507 0.687493
1.18391e-20 0.904762 0.0952383
1.53998e-21 0.0952381 0.904762
8.32581e-22 0.055555 0.944445
1.14369e-20 0.944443 0.0555569
6.895e-21 0.413793 0.586207
8.07791e-21 0.586209 0.413791
7.2001e-21 0.64 0.36
1.18436e-20 0.842105 0.157895
8.24435e-21 0.714286 0.285714
8.19265e-21 0.739131 0.260869
8.0643e-21 0.615387 0.384613
3.78457e-21 0.285715 0.714285
6.87621e-21 0.480001 0.519999
3.11731e-21 0.185185 0.814815
1.14374e-20 0.814813 0.185187
3.37109e-21 0.25 0.75
3.00512e-21 0.208333 0.791667
3.22363e-21 0.233335 0.766665
7.04842e-21 0.538465 0.461535
1.86641e-21 0.166666 0.833334
7.0962e-21 0.625 0.375
5.14955e-21 0.374995 0.625005
5.89557e-21 0.36 0.64
1.38982e-21 0.0833297 0.91667
