1.18183e-21 0.565219 0.434781
4.09157e-22 0.266669 0.733331
4.21018e-22 0.464289 0.535711
4.55097e-22 0.0909082 0.909092
1.15044e-21 0.692309 0.307691
4.16846e-22 0.206896 0.793104
6.39781e-22 0.407407 0.592593
4.54865e-22 0.249998 0.750002
1.31139e-21 0.620694 0.379306
3.74627e-22 0.0666668 0.933333
1.20695e-21 0.481482 0.518518
2.73863e-20 0.9 0.1
1.15853e-21 0.549996 0.450004
4.20175e-22 0.124999 0.875001
1.99737e-21 0.952381 0.047619
6.86357e-19 0.611111 0.388889
4.04798e-22 0.153846 0.846154
6.72965e-22 0.428571 0.571429
5.78425e-22 0.2963 0.7037
1.17165e-21 0.708332 0.291668
4.21271e-22 0.842105 0.157895
3.75604e-22 0.100003 0.899997
6.28146e-22 0.399999 0.600001
4.53712e-22 0.333332 0.666668
1.20534e-21 0.727274 0.272726
1.1998e-21 0.925924 0.074076
1.13753e-21 0.391307 0.608693
4.54236e-22 0.238094 0.761906
2.75252e-22 0.033329 0.966671
0.803807 0 0.210181
1.21689e-21 0.666667 0.333333
3.85e-22 0.185185 0.814815
1.1348e-21 0.538461 0.461539
4.20169e-22 0.615387 0.384613
4.58657e-22 0.958333 0.0416667
4.54689e-22 0.809526 0.190474
1.20689e-21 0.307692 0.692308
4.16592e-22 0.21739 0.78261
6.41285e-22 0.433339 0.566661
1.99544e-21 0.0689662 0.931034
5.8458e-19 0.571428 0.428572
2.00922e-21 0.892858 0.107142
1.41685e-25 9.58173e-05 0.999904
3.72569e-22 0.6 0.4
0.813811 0.0753583 0.138162
1.20153e-21 0.633334 0.366666
4.87325e-22 0.380952 0.619048
4.20765e-22 0.799995 0.200005
4.53756e-22 0.833334 0.166666
0.494506 0 0.517899
4.55184e-22 0.133334 0.866666
0.536804 0.0314763 0.460348
5.87985e-22 0.863638 0.136362
1.46103e-19 0.499999 0.500001
6.69305e-22 0.24138 0.75862
1.11027e-19 0.777778 0.222222
8.11942e-19 0.476189 0.523811
4.50095e-22 0.272727 0.727273
1.68442e-21 0.884618 0.115382
5.85846e-22 0.370367 0.629633
1.54834e-21 0.758615 0.241385
1 0 1.77333e-10
4.59712e-22 0.999902 9.76069e-05
1.20902e-21 0.700002 0.299998
6.16441e-20 0.413793 0.586207
3.83578e-22 0.178571 0.821429
1.20397e-21 0.966667 0.0333333
1.67056e-21 0.875001 0.124999
4.19412e-22 0.166666 0.833334
1.13659e-21 0.52 0.48
1.17183e-21 0.458333 0.541667
1.21307e-21 0.652176 0.347824
2.02595e-21 0.555555 0.444445
2.03719e-21 0.904761 0.0952391
1.99809e-21 0.944444 0.0555555
1.2147e-21 0.68182 0.31818
1.68478e-21 0.739136 0.260864
1.54949e-21 0.714286 0.285714
1.20309e-21 0.588231 0.411769
1.202e-21 0.64 0.36
4.6058e-22 0.82353 0.17647
5.09731e-22 0.285714 0.714286
4.58282e-22 0.346153 0.653847
4.54661e-22 0.851851 0.148149
4.10314e-22 0.0833324 0.916668
4.16266e-22 0.200002 0.799998
4.6194e-22 0.259261 0.740739
4.55953e-22 0.791666 0.208334
4.60124e-22 0.115384 0.884616
3.73788e-22 0.142857 0.857143
1.20555e-21 0.766666 0.233334
1.20245e-21 0.318185 0.681815
1.81151e-22 0.041667 0.958333
4.87245e-22 0.359998 0.640002
4.32575e-22 0.227273 0.772727
4.60801e-22 0.75 0.25
1.13683e-21 0.444444 0.555556
2.09683e-21 0.916667 0.083333
1.99598e-21 0.9375 0.0624999
6.71399e-19 0.578944 0.421056
