4.42418e-22 0.961539 0.0384614
4.22266e-23 0.0384609 0.961539
1.31752e-22 0.566661 0.433339
3.37819e-22 0.7 0.3
5.93947e-22 0.923077 0.076923
7.08205e-23 0.0769222 0.923078
5.55358e-22 0.73077 0.26923
5.16366e-22 0.62963 0.37037
5.26888e-22 0.909093 0.0909074
7.52121e-23 0.090909 0.909091
1.15217e-22 0.148148 0.851852
5.3396e-22 0.933334 0.0666664
4.41192e-22 0.583334 0.416666
4.35853e-22 0.518518 0.481482
5.82187e-22 0.857143 0.142857
1.42565e-22 0.217392 0.782608
5.5601e-22 0.782608 0.217392
5.1749e-22 0.875 0.125
8.27035e-23 0.124999 0.875001
1.95668e-22 0.4 0.6
2.01175e-22 0.458339 0.541661
4.40364e-22 0.592596 0.407404
0.638207 0.287379 0.107779
5.32353e-22 0.900001 0.0999989
4.31734e-22 0.115383 0.884617
1.14236e-22 0.100001 0.899999
0.54001 0.479031 5.68573e-10
3.4269e-23 0.0333328 0.966667
1.48523e-22 0.208333 0.791667
4.40837e-22 0.966667 0.0333333
1.95398e-22 0.307693 0.692307
1.44655e-22 0.280001 0.719999
5.54166e-22 0.833333 0.166667
3.60387e-22 0.523809 0.476191
3.4059e-22 0.642856 0.357144
3.45863e-22 0.44 0.56
1.31837e-22 0.178571 0.821429
5.56008e-22 0.809524 0.190476
5.74176e-22 0.692307 0.307693
5.54507e-22 0.772727 0.227273
5.90158e-22 0.724139 0.275861
4.21093e-22 0.538464 0.461536
7.70197e-23 0.0689638 0.931036
5.32294e-22 0.931034 0.068966
0.630788 0.256196 0.134445
0.292358 0.249904 0.499214
5.64782e-22 0.821429 0.178571
6.57847e-26 9.94324e-05 0.999901
1.52801e-22 0.269232 0.730768
4.3182e-22 0.560001 0.439999
1 0 1.70144e-11
4.29828e-22 0.999901 9.94001e-05
0.528718 2.89573e-05 0.486051
1.23924e-22 0.24138 0.75862
5.56001e-22 0.619045 0.380955
3.62243e-22 0.500001 0.499999
1.38532e-22 0.192309 0.807691
1.05338e-22 0.133333 0.866667
5.55154e-22 0.75 0.25
5.47442e-22 0.608695 0.391305
0.645334 0.327267 0.072696
5.52806e-22 0.666665 0.333335
4.48189e-22 0.652172 0.347828
5.55841e-22 0.866666 0.133334
1.53312e-22 0.37037 0.62963
0.398584 0.159164 0.507725
1.95501e-22 0.333332 0.666668
1.29843e-22 0.466664 0.533336
1.9103e-22 0.16 0.84
5.5479e-22 0.791667 0.208333
3.37719e-22 0.416666 0.583334
4.32194e-22 0.571427 0.428573
5.25267e-22 0.703705 0.296295
3.48102e-22 0.291663 0.708337
4.42233e-22 0.636364 0.363636
2.9054e-22 0.481482 0.518518
5.95078e-22 0.851851 0.148149
2.04879e-22 0.227273 0.772727
1.31376e-22 0.166666 0.833334
8.76612e-23 0.0833332 0.916667
5.89822e-22 0.916667 0.0833332
4.43022e-22 0.6 0.4
1.1271e-22 0.142857 0.857143
5.55587e-22 0.884615 0.115385
4.41296e-22 0.956522 0.043478
4.54261e-23 0.0434772 0.956523
1.95655e-22 0.357143 0.642857
1.31952e-22 0.199997 0.800003
5.94779e-22 0.739132 0.260868
5.74109e-22 0.681818 0.318182
5.65044e-22 0.761906 0.238094
7.44234e-23 0.0666624 0.933338
1.30318e-22 0.549998 0.450002
5.56054e-22 0.8 0.2
2.91751e-22 0.714284 0.285716
1.31912e-22 0.32 0.68
1.24523e-22 0.250001 0.749999
1.31377e-22 0.344828 0.655172
4.31819e-22 0.384616 0.615384
1.973e-22 0.428573 0.571427
