1.1931e-22 0.555555 0.444445
2.54098e-23 0.107141 0.892859
3.3989e-23 0.925932 0.0740677
1.77532e-23 0.0384507 0.961549
1.7228e-22 0.785719 0.214281
8.13021e-23 0.392857 0.607143
1.58539e-23 0.0769199 0.92308
1.82479e-23 0.238096 0.761904
1.87809e-23 0.0909055 0.909095
3.30129e-23 0.370367 0.629633
1.88087e-22 0.769234 0.230766
1.80791e-22 0.833329 0.166671
2.19572e-23 0.227272 0.772728
1.02557e-22 0.206895 0.793105
3.56353e-23 0.416659 0.583341
1.63112e-23 0.0666644 0.933336
1.68605e-22 0.74075 0.25925
3.1245e-23 0.541428 0.458572
1.73623e-23 0.142853 0.857147
2.57821e-23 0.125 0.875
3.01323e-23 0.458351 0.541649
0.270902 0.271343 0.483594
1.53129e-23 0.0333302 0.96667
0.420234 0.592371 0
1.90288e-22 0.933333 0.0666669
2.05597e-22 0.566669 0.433331
0.522019 0.458689 0.0343468
3.02151e-23 0.250001 0.749999
0.237666 0.777333 0
3.02959e-23 0.826088 0.173912
1.95292e-22 0.900004 0.0999964
8.95551e-23 0.166667 0.833333
3.49014e-23 0.689655 0.310345
9.02459e-23 0.44 0.56
2.50291e-23 0.310347 0.689653
2.96834e-23 0.333335 0.666665
2.03243e-22 0.560005 0.439995
0.389382 0.591015 0.035423
0.506128 0.506408 0
9.10011e-23 0.42857 0.57143
2.56931e-23 0.0689652 0.931035
0.241725 0.638656 0.183386
2.06558e-23 0.233348 0.766652
0.601405 0.413786 1.01601e-06
1.90172e-22 0.896549 0.103451
1.34129e-22 0.866666 0.133334
8.708e-23 0.190475 0.809525
3.02962e-23 0.133338 0.866662
0.337688 0.2589 0.443814
0.186321 0.8321 0
0.576958 0.433932 0
0.346415 0.313495 0.37906
2.60975e-23 0.499992 0.500008
0.576244 0 0.435322
4.52226e-26 9.73924e-05 0.999903
2.30301e-23 0.0999943 0.900006
0.314351 0.703676 0
3.44432e-23 0.999902 9.84513e-05
1 3.13083e-14 0
0.271728 0.242262 0.514983
3.5122e-23 0.629633 0.370367
0.229743 0.592335 0.190428
8.72647e-23 0.758622 0.241378
1.85872e-22 0.379312 0.620688
2.03803e-23 0.217393 0.782607
3.06104e-23 0.466664 0.533336
3.10655e-23 0.599999 0.400001
1.38685e-22 0.730766 0.269234
0.202987 0.812909 0
2.64346e-23 0.115386 0.884614
8.59205e-23 0.407406 0.592594
2.40237e-22 0.519902 0.480098
3.49268e-23 0.279997 0.720003
1.21699e-22 0.799992 0.200008
2.08139e-22 0.96667 0.0333299
3.06027e-23 0.53357 0.46643
1.38601e-22 0.666665 0.333335
1.25239e-22 0.814818 0.185182
3.07561e-23 0.481479 0.518521
1.40176e-23 0.148148 0.851852
1.68151e-22 0.77778 0.22222
1.8872e-23 0.0833304 0.91667
3.04582e-23 0.583333 0.416667
1.34857e-22 0.679997 0.320003
1.45624e-22 0.703709 0.296291
2.98612e-23 0.615388 0.384612
8.73213e-23 0.200002 0.799998
1.57716e-23 0.0434839 0.956516
3.47616e-23 0.642854 0.357146
1.69091e-22 0.344828 0.655172
1.31535e-22 0.851852 0.148148
1.80331e-22 0.36 0.64
1.51886e-22 0.291667 0.708333
8.85175e-23 0.178571 0.821429
1.4241e-22 0.266668 0.733332
2.06347e-22 0.888886 0.111114
3.48199e-23 0.399999 0.600001
1.36695e-22 0.655164 0.344836
1.70029e-22 0.72 0.28
2.54769e-23 0.320001 0.679999
