1.43264e-22 0.740741 0.259259
8.51178e-23 0.130436 0.869564
1.40309e-22 0.37931 0.62069
8.69016e-23 0.392858 0.607142
1.74467e-22 0.423078 0.576922
1.39223e-22 0.821431 0.178569
9.35056e-23 0.142857 0.857143
1.43204e-22 0.840001 0.159999
1.7918e-22 0.444444 0.555556
1.48273e-22 0.699999 0.300001
3.27101e-22 0.357142 0.642858
2.44706e-22 0.961539 0.0384614
2.45697e-22 0.0869557 0.913044
1.59074e-22 0.2 0.8
7.14917e-23 0.321429 0.678571
1.43411e-22 0.535718 0.464282
1.54634e-22 0.72 0.28
1.43438e-22 0.62963 0.37037
2.39729e-22 0.769231 0.230769
1.48032e-22 0.285714 0.714286
1.39438e-22 0.600002 0.399998
2.45486e-22 0.966667 0.0333333
0.373853 0.643474 2.89594e-13
1.25466e-22 0.227271 0.772729
1.75498e-22 0.666667 0.333333
1.39787e-22 0.208333 0.791667
1.93653e-23 0.0333334 0.966667
1.2079e-22 0.217392 0.782608
1.39132e-22 0.526323 0.473677
2.73898e-22 0.1 0.9
1.47664e-22 0.300001 0.699999
8.47187e-23 0.307699 0.692301
0.411926 0.595466 0.00683694
1.48003e-22 0.583335 0.416665
9.15841e-23 0.172415 0.827585
1.5085e-22 0.26923 0.73077
1.4288e-22 0.833334 0.166666
1.72552e-22 0.565218 0.434782
9.87295e-23 0.192308 0.807692
1.48728e-22 0.692307 0.307693
1.7477e-22 0.880002 0.119998
2.45745e-22 0.0689649 0.931035
2.40148e-22 0.708332 0.291668
0.169412 0.245659 0.611912
0.481198 0.541934 0
1.42036e-22 0.499999 0.500001
1.72589e-22 0.892858 0.107142
0.474221 0.0284552 0.518342
1.38921e-22 0.571429 0.428571
6.15411e-26 9.89599e-05 0.999901
1.42388e-22 0.607143 0.392857
9.37926e-23 0.153846 0.846154
1.56255e-22 0.727272 0.272728
1.42985e-22 0.620691 0.379309
0.278026 0.740573 0
1.71913e-22 0.999901 9.93691e-05
1.38997e-22 0.592591 0.407409
1.72375e-22 0.777779 0.222221
1 0 3.75955e-10
1.72652e-22 0.759998 0.240002
6.08699e-23 0.239998 0.760002
0.412289 0 0.616715
1.59446e-22 0.933333 0.0666671
0.22504 0.289934 0.531149
2.45516e-22 0.799999 0.200001
1.72466e-22 0.366666 0.633334
8.15634e-23 0.125003 0.874997
1.39273e-22 0.346154 0.653846
1.49054e-22 0.400001 0.599999
8.53834e-23 0.439995 0.560005
9.25579e-23 0.333334 0.666666
1.34732e-22 0.476193 0.523807
0.432201 0.58538 0
1.47423e-22 0.866666 0.133334
3.27016e-22 0.640001 0.359999
9.08269e-23 0.464286 0.535714
1.42787e-22 0.541675 0.458325
1.7294e-22 0.900003 0.0999968
1.0185e-22 0.520002 0.479998
1.72801e-22 0.42857 0.57143
1.72581e-22 0.653851 0.346149
7.17488e-23 0.0800011 0.919999
3.46463e-22 0.407407 0.592593
1.48867e-22 0.851851 0.148149
8.46908e-23 0.136363 0.863637
8.89744e-23 0.181816 0.818184
3.12428e-22 0.681816 0.318184
2.45415e-22 0.814816 0.185184
3.24896e-22 0.750001 0.249999
1.47319e-22 0.384615 0.615385
6.35375e-23 0.111111 0.888889
2.40057e-23 0.0416646 0.958335
1.60098e-22 0.923077 0.0769234
1.43333e-22 0.555553 0.444447
1.38695e-22 0.166664 0.833336
1.59443e-22 0.733333 0.266667
8.44333e-23 0.250002 0.749998
1.75797e-22 0.793102 0.206898
1.39353e-22 0.48148 0.51852
6.32155e-23 0.0666652 0.933335
