6.33896e-23 0.730769 0.269231
4.67276e-23 0.266669 0.733331
1.40657e-23 0.115379 0.884621
3.91583e-23 0.407408 0.592592
5.81763e-23 0.592591 0.407409
5.09763e-23 0.481486 0.518514
6.55437e-23 0.518518 0.481482
7.50131e-23 0.9 0.1
2.62873e-23 0.240001 0.759999
6.08089e-23 0.619056 0.380944
4.75367e-23 0.714286 0.285714
3.31608e-23 0.074071 0.925929
8.1375e-23 0.952387 0.0476131
6.03694e-23 0.681814 0.318186
3.02269e-23 0.153837 0.846163
3.94565e-23 0.428565 0.571435
5.55919e-23 0.571429 0.428571
6.05534e-23 0.64001 0.35999
7.84424e-23 0.866667 0.133333
5.73843e-23 0.359992 0.640008
5.80884e-23 0.966666 0.0333336
2.60621e-23 0.142856 0.857144
6.53432e-23 0.523812 0.476188
4.57799e-23 0.25 0.75
4.83664e-23 0.47619 0.52381
6.53591e-23 0.73684 0.26316
6.08081e-23 0.687491 0.312509
1.56846e-22 0.85185 0.14815
3.53319e-23 0.333335 0.666665
7.63726e-23 0.916668 0.0833317
7.69644e-23 0.925925 0.0740746
7.41202e-23 0.400002 0.599998
6.28265e-23 0.857143 0.142857
1.82365e-23 0.185182 0.814818
4.23164e-23 0.304354 0.695646
2.96738e-23 0.0666662 0.933334
4.748e-23 0.464286 0.535714
4.35354e-23 0.433334 0.566666
5.98959e-24 0.033333 0.966667
6.92819e-23 0.699997 0.300003
0.57534 1.27219e-05 0.432492
0.574805 0.0552324 0.389865
5.4249e-23 0.551729 0.448271
5.60959e-23 0.566666 0.433334
7.00494e-23 0.76 0.24
4.21157e-23 0.200001 0.799999
7.09621e-23 0.272735 0.727265
3.99602e-23 0.599999 0.400001
6.07287e-23 0.892857 0.107143
5.86172e-23 0.826089 0.173911
6.24435e-23 0.958333 0.0416674
7.85475e-27 9.80038e-05 0.999902
7.52767e-23 0.999906 9.37708e-05
5.19539e-23 0.285718 0.714282
6.47323e-23 0.500006 0.499994
0.240735 0.0102403 0.7611
0.896822 0.0992849 0.0206285
5.79811e-23 0.666667 0.333333
5.85542e-23 0.633339 0.366661
6.77831e-23 0.799999 0.200001
4.74758e-23 0.259261 0.740739
3.70229e-23 0.366667 0.633333
1.24598e-23 0.107145 0.892855
1 0 3.89577e-13
0.548983 0 0.466707
4.00382e-23 0.413793 0.586207
6.3664e-23 0.740741 0.259259
4.75355e-23 0.230769 0.769231
5.58225e-23 0.777775 0.222225
4.31739e-23 0.454547 0.545453
5.42532e-23 0.545456 0.454544
5.94931e-23 0.608703 0.391297
5.40849e-23 0.83334 0.16666
6.79947e-23 0.875005 0.124995
6.28434e-23 0.750004 0.249996
0.572479 0.044144 0.399248
6.08046e-23 0.652174 0.347826
5.93919e-23 0.722213 0.277787
7.79264e-23 0.90476 0.09524
8.02838e-23 0.944451 0.0555486
7.494e-23 0.842109 0.157891
2.77356e-23 0.346155 0.653845
4.55398e-23 0.624998 0.375002
7.34961e-23 0.380953 0.619047
3.52173e-23 0.166661 0.833339
2.92883e-23 0.318183 0.681817
5.80804e-23 0.814804 0.185196
1.76482e-23 0.099994 0.900006
5.17583e-23 0.586207 0.413793
1.42651e-23 0.133334 0.866666
5.30499e-23 0.708331 0.291669
5.62052e-23 0.791668 0.208332
5.13008e-23 0.769227 0.230773
4.76402e-23 0.535712 0.464288
2.06056e-23 0.214285 0.785715
2.99115e-23 0.296299 0.703701
4.77282e-23 0.391307 0.608693
7.61231e-23 0.884616 0.115384
5.21223e-23 0.448275 0.551725
7.81275e-23 0.9375 0.0624995
