1.24488e-21 0.555554 0.444446
1.89185e-20 0.625001 0.374999
3.0093e-21 0.190476 0.809524
2.27541e-21 0.840001 0.159999
1.58103e-20 0.708333 0.291667
1.20836e-21 0.444448 0.555552
9.04733e-22 0.10714 0.89286
1.57272e-20 0.961543 0.0384575
8.98339e-22 0.566487 0.433513
1.14768e-21 0.760001 0.239999
2.57251e-21 0.793104 0.206896
1.22775e-21 0.0769208 0.923079
9.04094e-22 0.724135 0.275865
1.22051e-21 0.545489 0.454511
1.26165e-21 0.900002 0.0999983
7.96109e-22 0.0909084 0.909092
5.3039e-22 0.238095 0.761905
1.48655e-21 0.692308 0.307692
4.62757e-22 0.206898 0.793102
1.25392e-21 0.592592 0.407408
7.80602e-22 0.259292 0.740708
1.20019e-21 0.0666641 0.933336
1.24939e-21 0.217392 0.782608
1.14428e-20 0.6 0.4
1.59818e-20 0.730768 0.269232
1.58006e-20 0.966667 0.0333328
3.02418e-21 0.896552 0.103448
1.09331e-20 0.655173 0.344827
2.0599e-20 0.310343 0.689657
2.78502e-21 0.400002 0.599998
2.26132e-21 0.833332 0.166668
1.20536e-21 0.440003 0.559997
1.20358e-21 0.56 0.44
9.01384e-22 0.766666 0.233334
9.00808e-22 0.1 0.9
0.556599 0.472099 1.14208e-16
3.09777e-21 0.931035 0.0689651
7.49674e-22 0.586203 0.413797
0.496778 0.0233632 0.488793
0.247454 0.250106 0.537967
0.543307 0.441291 0.0249058
0.496225 4.93793e-08 0.511565
0.277564 0.732807 0
1.53526e-25 9.77537e-05 0.999902
2.01702e-21 0.033327 0.966673
1.06971e-20 0.499999 0.500001
1.05218e-20 0.166667 0.833333
4.39734e-22 0.115385 0.884615
7.34347e-22 0.185184 0.814816
8.42907e-22 0.666668 0.333332
3.02659e-21 0.999901 9.92499e-05
1.13494e-20 0.607144 0.392856
1.16496e-21 0.814817 0.185183
1 1.19121e-10 0
1.93954e-20 0.86207 0.13793
1.14286e-21 0.241377 0.758623
4.52457e-22 0.800005 0.199995
1.20458e-21 0.920004 0.0799962
2.17026e-21 0.133335 0.866665
8.99061e-22 0.699999 0.300001
6.93287e-22 0.0689657 0.931034
0.308542 0.260298 0.48492
0.474623 0.549485 1.51947e-12
9.08099e-22 0.37037 0.62963
0.368555 0.653814 5.48599e-10
8.98396e-22 0.269233 0.730767
2.81555e-21 0.851852 0.148148
1.15733e-21 0.523808 0.476192
2.49315e-21 0.875002 0.124998
1.34787e-21 0.464286 0.535714
8.97525e-22 0.633331 0.366669
1.24052e-21 0.428571 0.571429
1.13241e-21 0.478257 0.521743
8.88299e-22 0.333338 0.666662
1.2072e-21 0.679997 0.320003
1.52966e-20 0.538464 0.461536
7.64832e-22 0.0833332 0.916667
3.09826e-21 0.2 0.8
1.23602e-21 0.75 0.25
8.95706e-22 0.571429 0.428571
1.22574e-21 0.153845 0.846155
1.84171e-20 0.2963 0.7037
1.05607e-21 0.357142 0.642858
1.57281e-20 0.619047 0.380953
1.78358e-21 0.142854 0.857146
9.08486e-22 0.0416638 0.958336
1.59304e-20 0.714283 0.285717
7.95666e-22 0.227273 0.772727
1.25908e-21 0.785722 0.214278
9.03961e-22 0.344828 0.655172
1.07878e-20 0.64 0.36
1.12649e-21 0.384615 0.615385
1.27463e-21 0.178573 0.821427
3.01153e-21 0.884615 0.115385
3.09673e-21 0.933334 0.0666655
7.26811e-22 0.28 0.72
8.40772e-22 0.32 0.68
1.95763e-21 0.125001 0.874999
1.15572e-21 0.518519 0.481481
1.12471e-21 0.407421 0.592579
