2.02857e-22 0.631509 0.368491
2.24005e-22 0.642714 0.357286
1.3196e-22 0.851691 0.148309
1.32387e-22 0.818181 0.181819
1.58853e-22 0.279963 0.720037
1.06314e-22 0.692311 0.307689
7.82551e-23 0.37931 0.62069
1.32502e-22 0.25 0.75
1.40712e-22 0.0666609 0.933339
1.43131e-22 0.9 0.0999998
1.67522e-22 0.428566 0.571434
5.0204e-22 0.217394 0.782606
1.39456e-22 0.952382 0.0476183
4.53711e-22 0.181817 0.818183
9.3698e-23 0.407408 0.592592
9.59113e-23 0.571457 0.428543
9.62927e-23 0.551602 0.448398
9.85447e-23 0.166665 0.833335
1.41734e-22 0.933333 0.0666667
1.36289e-22 0.866639 0.133361
1.11667e-22 0.535633 0.464367
1.39131e-22 0.884621 0.115379
1.95286e-22 0.272724 0.727276
1.70243e-22 0.333341 0.666659
1.68914e-22 0.714288 0.285712
9.27256e-23 0.399998 0.600002
1.4471e-22 0.208337 0.791663
9.67971e-23 0.526321 0.473679
9.54059e-23 0.136362 0.863638
1.77787e-22 0.925924 0.0740762
9.20442e-23 0.48 0.52
8.81318e-23 0.473689 0.526311
1.99434e-23 0.0333293 0.966671
1.42511e-22 0.857011 0.142989
1.64911e-22 0.78948 0.21052
2.06536e-22 0.592592 0.407408
0.656242 0.0637899 0.295848
0.637419 0.118302 0.258387
9.99866e-23 0.17242 0.82758
7.9631e-23 0.307693 0.692307
5.90818e-23 0.0689635 0.931036
0.660765 0 0.354391
1.41516e-22 0.684174 0.315826
1.9134e-22 0.36 0.64
0.651285 0.164792 0.195451
1.7077e-22 0.999907 9.27103e-05
1.62019e-26 8.37896e-05 0.999916
1.35783e-22 0.842106 0.157894
9.58786e-23 0.499988 0.500012
1.42357e-22 0.241377 0.758623
1 4.78295e-12 0
1.72088e-22 0.958326 0.0416739
3.34453e-22 0.65212 0.34788
1.73067e-22 0.433333 0.566667
1.22502e-22 0.153847 0.846153
1.74168e-22 0.740721 0.259279
0.417201 0 0.599365
1.84238e-22 0.416667 0.583333
1.43631e-22 0.892856 0.107144
1.28741e-22 0.620649 0.379351
9.61223e-23 0.370368 0.629632
8.7059e-23 0.125001 0.874999
1.75973e-22 0.450003 0.549997
1.9377e-22 0.826086 0.173914
2.00964e-22 0.565211 0.434789
0.655847 0.0332144 0.326175
1.44128e-22 0.966667 0.0333331
1.68244e-22 0.761898 0.238102
7.98408e-23 0.09999 0.90001
0.66292 0.0806788 0.26669
0.656158 0.13816 0.224769
1.37604e-22 0.874998 0.125002
1.69723e-22 0.812515 0.187485
7.95403e-23 0.545467 0.454533
5.1316e-22 0.904762 0.0952381
1.38288e-22 0.666666 0.333334
1.3864e-22 0.944451 0.0555486
1.31757e-22 0.636347 0.363653
4.73561e-22 0.699996 0.300004
8.09747e-23 0.346156 0.653844
1.18788e-22 0.227281 0.772719
7.88754e-23 0.192312 0.807688
1.64905e-22 0.291667 0.708333
9.71665e-23 0.578936 0.421064
1.24232e-22 0.600005 0.399995
7.82109e-23 0.111116 0.888884
1.77849e-22 0.25926 0.74074
1.80625e-22 0.77271 0.22729
1.39772e-22 0.800005 0.199995
6.3879e-23 0.0799921 0.920008
1.20896e-22 0.750013 0.249987
1.70623e-22 0.727275 0.272725
9.33056e-23 0.461563 0.538437
1.5895e-22 0.318184 0.681816
9.23629e-23 0.391291 0.608709
9.64468e-23 0.52 0.48
1.34529e-22 0.833333 0.166667
1.25387e-22 0.608695 0.391305
4.83134e-22 0.0416625 0.958337
1.41947e-22 0.916676 0.0833245
