1.93524e-22 0.892857 0.107143
1.87551e-22 0.833333 0.166667
3.77655e-23 0.166665 0.833335
1.94616e-22 0.7 0.3
3.75632e-23 0.0740697 0.92593
2.08513e-22 0.925931 0.074069
1.38186e-22 0.357142 0.642858
2.05087e-22 0.913045 0.0869546
1.11528e-23 0.0869555 0.913044
1.95126e-22 0.733333 0.266667
1.94309e-22 0.800005 0.199995
4.45154e-23 0.2 0.8
8.21922e-23 0.32143 0.67857
1.91661e-22 0.454544 0.545456
2.04923e-22 0.54546 0.45454
1.94029e-22 0.720002 0.279998
7.343e-23 0.285714 0.714286
1.46946e-22 0.379314 0.620686
2.36432e-22 0.620678 0.379322
4.83864e-23 0.217391 0.782609
2.04786e-22 0.782609 0.217391
4.10634e-23 0.181813 0.818187
0.705684 0.0144197 0.296549
2.31469e-22 0.600001 0.399999
2.73872e-23 0.115392 0.884608
4.67142e-23 0.208332 0.791668
2.22616e-23 0.0666752 0.933325
1.53637e-22 0.478263 0.521737
7.37065e-23 0.172414 0.827586
0.648942 0.0029745 0.367492
2.32547e-22 0.346153 0.653847
1.93642e-22 0.827586 0.172414
6.4892e-23 0.44 0.56
2.16099e-26 9.17148e-05 0.999908
2.0515e-22 0.56 0.44
6.48722e-23 0.227275 0.772725
0.157622 0.247505 0.638898
6.40845e-23 0.249998 0.750002
1.94025e-22 0.692307 0.307693
0.659225 7.31887e-15 0.372996
0.469499 0.273012 0.284392
2.82047e-22 0.727274 0.272726
7.20672e-23 0.148148 0.851852
7.24332e-23 0.999901 9.89639e-05
1.17299e-22 0.499998 0.500002
2.39929e-23 0.0333334 0.966667
1 0 4.14821e-10
0.391554 0 0.622905
0.65111 0.367907 0
7.20087e-23 0.24 0.76
1.9126e-22 0.666661 0.333339
1.43189e-22 0.433332 0.566668
2.16466e-22 0.966669 0.0333312
2.0497e-22 0.76 0.24
8.16006e-23 0.307698 0.692302
1.95435e-22 0.521739 0.478261
2.07019e-22 0.93333 0.0666704
1.92371e-22 0.807691 0.192309
2.08019e-22 0.884614 0.115386
0.724521 0 0.298386
0.391778 0.620821 0
2.34871e-22 0.629636 0.370364
2.06073e-22 0.791669 0.208331
2.07501e-22 0.37037 0.62963
1.02278e-22 0.407409 0.592591
1.53418e-22 0.400001 0.599999
2.31361e-22 0.608698 0.391302
0.422238 0.238584 0.373899
2.04931e-22 0.863635 0.136365
2.0471e-22 0.851859 0.148141
3.15533e-23 0.136367 0.863633
3.27031e-23 0.0999993 0.900001
2.07019e-22 0.818182 0.181818
2.11844e-22 0.900002 0.099998
7.1486e-23 0.269229 0.730771
1.48998e-22 0.461536 0.538464
2.03375e-22 0.538463 0.461537
8.36392e-23 0.333333 0.666667
4.24398e-23 0.159999 0.840001
2.0492e-22 0.839997 0.160003
2.28051e-22 0.583332 0.416668
1.17408e-22 0.416668 0.583332
1.86994e-22 0.653842 0.346158
8.24981e-23 0.192308 0.807692
2.0462e-22 0.772724 0.227276
2.048e-22 0.708328 0.291672
2.03469e-22 0.740737 0.259263
2.04885e-22 0.869566 0.130434
2.07189e-22 0.920001 0.0799995
2.47241e-23 0.0799995 0.92
7.29929e-23 0.296296 0.703704
1.94164e-22 0.681818 0.318182
2.47956e-22 0.640001 0.359999
1.15803e-22 0.391303 0.608697
2.70816e-23 0.130435 0.869565
2.07598e-22 0.56667 0.43333
2.04967e-22 0.96 0.0400001
2.07907e-23 0.0400001 0.96
2.30983e-22 0.592592 0.407408
2.03477e-22 0.75 0.25
