1.08829e-21 0.740741 0.259259
2.17551e-22 0.0666652 0.933335
1.75852e-19 0.238095 0.761905
1.08594e-21 0.0909081 0.909092
5.97275e-18 0.85185 0.14815
1.13901e-21 0.172416 0.827584
1.07364e-21 0.692307 0.307693
2.1159e-19 0.307692 0.692308
9.70737e-20 0.03846 0.96154
1.10076e-21 0.900001 0.0999994
1.13949e-21 0.190476 0.809524
1.14166e-21 0.952382 0.0476179
1.09915e-21 0.105261 0.894739
1.14543e-21 0.227272 0.772728
4.06036e-20 0.592592 0.407408
1.08581e-21 0.157894 0.842106
1.1063e-21 0.565218 0.434782
1.10608e-21 0.866669 0.133331
1.09924e-21 0.428572 0.571428
2.01622e-21 0.206896 0.793104
1.10656e-21 0.130435 0.869565
2.17725e-21 0.448276 0.551724
4.55277e-20 0.285714 0.714286
4.04612e-20 0.631579 0.368421
2.01726e-21 0.233333 0.766667
1.10167e-21 0.421058 0.578942
1.10571e-21 0.736839 0.263161
1.76966e-19 0.347829 0.652171
5.10825e-21 0.473685 0.526315
4.39512e-20 0.722222 0.277778
1.09432e-19 0.925926 0.0740742
6.10163e-22 0.454546 0.545454
4.56342e-20 0.799999 0.200001
1.14721e-21 0.166667 0.833333
2.18968e-18 0.526317 0.473683
4.72977e-20 0.857141 0.142859
1.10546e-21 0.666666 0.333334
0.688425 0.0298997 0.315045
1.13862e-21 0.315788 0.684212
4.33173e-20 0.714287 0.285713
1.08822e-19 0.434783 0.565217
1.13958e-21 0.2 0.8
4.54483e-20 0.958332 0.0416676
0.647762 1.40384e-05 0.381398
1.10317e-21 0.571427 0.428573
1.10599e-21 0.1 0.9
1.10719e-21 0.76923 0.23077
3.31576e-22 0.0333343 0.966666
4.53385e-20 0.999901 9.87268e-05
2.02768e-21 0.500001 0.499999
1.11138e-21 0.259262 0.740738
1 0 0
9.82076e-20 0.137933 0.862067
2.04259e-19 0.299999 0.700001
9.56835e-24 9.90219e-05 0.999901
1.92665e-21 0.379313 0.620687
0.68636 0.0572371 0.286529
1.41777e-21 0.407407 0.592593
4.45275e-20 0.791666 0.208334
1.09288e-19 0.892857 0.107143
1.10738e-21 0.904762 0.0952382
3.07472e-18 0.600002 0.399998
4.92596e-18 0.826087 0.173913
2.5356e-22 0.0689662 0.931034
5.3916e-18 0.76 0.24
3.08012e-18 0.7 0.3
4.85967e-18 0.966668 0.033332
2.27774e-18 0.549992 0.450008
1.10766e-21 0.884615 0.115385
1.10785e-21 0.777777 0.222223
4.4757e-18 0.875 0.125
1.14949e-21 0.944444 0.0555556
1.106e-21 0.333334 0.666666
4.82214e-18 0.681819 0.318181
4.03214e-20 0.608694 0.391306
1.14463e-21 0.842106 0.157894
4.6745e-18 0.652174 0.347826
9.49466e-20 0.120001 0.879999
1.09912e-21 0.181818 0.818182
3.10427e-22 0.0454536 0.954546
1.89309e-19 0.249998 0.750002
5.80722e-18 0.833333 0.166667
1.10901e-21 0.0833325 0.916667
2.2864e-18 0.148149 0.851851
4.05739e-20 0.399999 0.600001
1.10888e-21 0.75 0.25
5.65004e-18 0.814815 0.185185
2.0219e-21 0.214286 0.785714
4.06488e-20 0.619044 0.380956
2.27761e-18 0.583331 0.416669
4.03849e-20 0.272727 0.727273
2.02554e-21 0.538461 0.461539
2.1835e-18 0.519999 0.480001
1.93287e-21 0.363637 0.636363
1.10441e-21 0.480007 0.519993
5.33673e-22 0.391305 0.608695
2.03275e-21 0.640001 0.359999
1.08278e-21 0.91667 0.08333
1.97788e-18 0.464286 0.535714
1.13974e-21 0.933334 0.0666662
