2.37514e-49 0.159991 0.840009
1.32548e-48 0.892853 0.107147
1.23687e-49 0.0833169 0.916683
8.16504e-49 0.550004 0.449996
5.30179e-49 0.357133 0.642867
8.70246e-49 0.586205 0.413795
6.44803e-49 0.434345 0.565655
1.37035e-48 0.923077 0.0769228
1.08867e-48 0.733337 0.266663
5.83218e-49 0.39286 0.60714
4.77172e-49 0.321427 0.678573
6.74776e-49 0.454534 0.545466
1.34958e-48 0.909091 0.0909091
4.24159e-49 0.285717 0.714283
8.4831e-49 0.571428 0.428572
5.70998e-50 0.0384629 0.961537
3.07148e-49 0.206898 0.793102
1.38559e-48 0.933345 0.0666547
7.69765e-49 0.51852 0.48148
7.14779e-49 0.481481 0.518519
1.33609e-48 0.9 0.0999997
1.4844e-48 0.999902 9.84729e-05
7.77601e-49 0.523798 0.476202
9.89699e-49 0.666669 0.333331
1.21944e-48 0.821427 0.178573
0.358467 1.54068e-05 0.659431
1.18764e-48 0.800002 0.199998
1.07967e-48 0.727273 0.272727
8.77232e-49 0.590911 0.409089
8.90723e-49 0.599998 0.400002
0.384038 0 0.627659
4.94892e-50 0.0333363 0.966664
1.42038e-52 9.5678e-05 0.999904
2.19933e-49 0.148149 0.851851
9.90096e-50 0.0666936 0.933306
1.02776e-48 0.69231 0.30769
0.444201 0.0125031 0.559259
9.70658e-49 0.653843 0.346157
1.14207e-49 0.0769308 0.923069
8.35054e-49 0.562499 0.437501
4.5678e-49 0.307691 0.692309
3.5629e-49 0.24 0.76
2.5596e-49 0.172417 0.827583
2.96904e-49 0.199997 0.800003
1.43505e-48 0.966664 0.0333356
0.442715 0.571377 0
1.2909e-48 0.86956 0.13044
1.17526e-48 0.791667 0.208333
7.42268e-49 0.499998 0.500002
1 0 9.60155e-12
1.38217e-48 0.93104 0.0689603
0.191263 0.253586 0.584864
6.53196e-49 0.439998 0.560002
3.71135e-49 0.249999 0.750001
1.16182e-48 0.78261 0.21739
1.12826e-48 0.760002 0.239998
0.545407 0 0.465488
1.78225e-49 0.120054 0.879946
6.04793e-49 0.407393 0.592607
5.44344e-49 0.366674 0.633326
7.06939e-49 0.4762 0.5238
1.20177e-48 0.809524 0.190476
9.34711e-49 0.629629 0.370371
0.193467 0.242884 0.606261
0.463929 0.0784984 0.474449
1.48456e-49 0.100001 0.899999
1.14715e-48 0.772726 0.227274
4.94851e-49 0.333336 0.666664
8.5647e-49 0.576925 0.423075
0.463406 0.0535596 0.498922
1.24701e-48 0.839998 0.160002
1.04468e-48 0.703704 0.296296
8.09751e-49 0.545455 0.454545
6.8517e-49 0.461536 0.538464
3.23021e-49 0.21759 0.78241
3.99682e-49 0.269229 0.730771
1.06039e-48 0.714288 0.285712
6.36232e-49 0.428571 0.571429
1.11342e-48 0.750006 0.249994
1.36083e-48 0.916667 0.0833327
1.09966e-48 0.740739 0.259261
1.27248e-48 0.857153 0.142847
5.70965e-49 0.384606 0.615394
4.39868e-49 0.296299 0.703701
1.31325e-48 0.884619 0.115381
9.19003e-49 0.619048 0.380952
1.01217e-48 0.681808 0.318192
3.42584e-49 0.230768 0.769232
1.64684e-49 0.110932 0.889068
1.42269e-48 0.958337 0.0416634
9.50109e-49 0.640001 0.359999
2.04749e-49 0.137921 0.862079
1.93648e-49 0.130443 0.869557
9.03632e-49 0.608693 0.391307
2.47427e-49 0.166669 0.833331
5.13872e-49 0.346148 0.653852
7.95291e-49 0.535714 0.464286
8.2473e-49 0.555544 0.444456
1.23714e-48 0.833349 0.166651
2.74914e-49 0.185184 0.814816
