2.99488e-23 0.105262 0.894738
9.91039e-23 0.894738 0.105262
7.53245e-23 0.74074 0.25926
1.26485e-22 0.933334 0.0666657
4.72734e-20 0.909091 0.090909
2.81454e-23 0.0909094 0.909091
1.11616e-22 0.851852 0.148148
1.11707e-22 0.833334 0.166666
1.38206e-20 0.172413 0.827587
7.503e-23 0.576919 0.423081
6.94936e-23 0.423079 0.576921
4.50264e-20 0.692306 0.307694
7.38661e-23 0.642857 0.357143
1.11935e-22 0.407408 0.592592
7.52521e-23 0.592592 0.407408
7.54199e-23 0.96154 0.0384602
1.11172e-22 0.444447 0.555553
5.31095e-20 0.555555 0.444445
1.04034e-22 0.63158 0.36842
1.12981e-22 0.190479 0.809521
1.01237e-22 0.0740756 0.925924
4.87855e-20 0.78261 0.21739
1.49417e-19 0.130435 0.869565
1.12307e-22 0.857143 0.142857
7.40239e-23 0.533333 0.466667
1.00961e-22 0.400001 0.599999
7.58807e-23 0.6 0.4
1.11796e-22 0.296289 0.703711
9.86942e-23 0.0666638 0.933336
1.46503e-20 0.199998 0.800002
7.31056e-21 0.466662 0.533338
1.00453e-22 0.966666 0.0333338
5.44172e-20 0.666665 0.333335
7.47815e-23 0.0333331 0.966667
9.71076e-23 0.148147 0.851853
1.12051e-22 0.181816 0.818184
7.45795e-23 0.809524 0.190476
5.12574e-20 0.565219 0.434781
6.89882e-23 0.272725 0.727275
7.46807e-23 0.699998 0.300002
3.67114e-20 0.238096 0.761904
8.04492e-23 0.310344 0.689656
0.621476 0.0891808 0.306384
9.99539e-23 0.899999 0.100001
1.83028e-20 0.999902 9.83626e-05
0.619552 6.73398e-06 0.394309
1.65403e-25 9.60797e-05 0.999904
2.84959e-23 0.100002 0.899998
7.08881e-23 0.499994 0.500006
1.11092e-22 0.842105 0.157895
1 4.5571e-11 1.33186e-10
0.627599 0.395884 0
0.387064 0.245446 0.403612
7.47747e-23 0.736844 0.263156
1.13767e-22 0.866664 0.133336
1.08223e-22 0.76 0.24
1.16255e-22 0.166667 0.833333
1.25433e-22 0.206897 0.793103
7.46413e-23 0.359999 0.640001
7.52937e-23 0.636366 0.363634
7.46765e-23 0.259263 0.740737
4.78688e-20 0.931034 0.0689656
1.12107e-22 0.434781 0.565219
4.89195e-20 0.8 0.2
7.46396e-23 0.791663 0.208337
4.57828e-20 0.333335 0.666665
7.52755e-23 0.681819 0.318181
1.1185e-22 0.480004 0.519996
3.61404e-20 0.519999 0.480001
7.6626e-23 0.714286 0.285714
7.01064e-23 0.619048 0.380952
0.634114 0.0850858 0.318749
1.26497e-22 0.827583 0.172417
1.11687e-22 0.916665 0.0833349
6.8815e-23 0.0833327 0.916667
1.87108e-22 0.34615 0.65385
1.50424e-20 0.653846 0.346154
9.88646e-23 0.375 0.625
1.0022e-22 0.954546 0.0454543
4.79179e-20 0.772728 0.227272
2.81349e-20 0.750001 0.249999
8.46269e-23 0.227276 0.772724
7.46967e-23 0.0434783 0.956522
3.75099e-20 0.586207 0.413793
7.39181e-23 0.41379 0.58621
1.12831e-22 0.884614 0.115386
7.45722e-23 0.115382 0.884618
5.28725e-20 0.545454 0.454546
7.17797e-21 0.454545 0.545455
1.00159e-22 0.391305 0.608695
7.47078e-23 0.157894 0.842106
7.47559e-23 0.727273 0.272727
7.42118e-23 0.318184 0.681816
1.11702e-22 0.875002 0.124998
5.36975e-20 0.608693 0.391307
1.6767e-19 0.25 0.75
9.87107e-23 0.142856 0.857144
1.25875e-22 0.214286 0.785714
7.47508e-23 0.285714 0.714286
6.89638e-23 0.818183 0.181817
