2.2031e-22 0.740741 0.259259
2.70051e-23 0.0909085 0.909091
5.54224e-24 0.692304 0.307696
4.31145e-24 0.0666628 0.933337
8.3636e-24 0.407408 0.592592
7.95031e-24 0.592588 0.407412
1.15929e-23 0.777779 0.222221
8.79467e-24 0.518521 0.481479
1.93947e-23 0.481479 0.518521
1.23057e-23 0.9 0.1
5.26231e-24 0.142855 0.857145
8.43456e-24 0.217391 0.782609
5.37518e-24 0.125 0.875
8.42816e-24 0.952387 0.0476134
1.20021e-23 0.8125 0.1875
8.3957e-24 0.428571 0.571429
8.02146e-24 0.842112 0.157888
5.52772e-24 0.551728 0.448272
1.15437e-23 0.761905 0.238095
1.59858e-23 0.359996 0.640004
1.20661e-23 0.826082 0.173918
4.8587e-24 0.933333 0.0666667
6.84271e-23 0.227269 0.772731
1.20257e-23 0.793098 0.206902
5.52134e-24 0.523806 0.476194
4.23322e-24 0.6 0.4
5.27094e-24 0.285714 0.714286
1.24208e-23 0.925921 0.074079
7.11213e-24 0.736844 0.263156
8.44804e-24 0.71429 0.28571
1.15661e-23 0.8 0.2
2.26248e-24 0.0333305 0.966669
1.21421e-23 0.999902 9.82838e-05
0.573214 0.108465 0.333139
6.12159e-24 0.304348 0.695652
8.05632e-24 0.4 0.6
7.26552e-23 0.190477 0.809523
2.73454e-23 0.0999991 0.900001
8.44056e-24 0.958333 0.0416673
5.51876e-24 0.565215 0.434785
8.44931e-24 0.433336 0.566664
8.17338e-24 0.454546 0.545454
1.78838e-27 9.7981e-05 0.999902
7.93647e-24 0.86365 0.13635
5.44241e-24 0.133337 0.866663
1.11426e-22 0.380953 0.619047
5.46356e-24 0.5 0.5
1.1727e-23 0.892857 0.107143
1.20873e-23 0.238098 0.761902
1 0 0
2.32574e-23 0.476191 0.523809
0.557491 0.0681969 0.381777
1.20754e-23 0.769186 0.230814
8.39731e-24 0.166667 0.833333
8.20906e-24 0.25 0.75
1.13623e-23 0.333339 0.666661
1.1543e-23 0.833329 0.166671
0.567541 0 0.445192
1.16333e-23 0.700001 0.299999
1.16262e-23 0.631576 0.368424
1.5779e-23 0.366666 0.633334
8.30669e-24 0.916667 0.0833333
5.46786e-24 0.666665 0.333335
0.602274 0.149745 0.261342
1.20649e-23 0.296299 0.703701
4.26181e-24 0.0689579 0.931042
7.82916e-24 0.608696 0.391304
4.84795e-24 0.272725 0.727275
1.16621e-23 0.571429 0.428571
8.43007e-24 0.96667 0.0333303
7.50914e-24 0.545454 0.454546
1.15782e-23 0.750001 0.249999
1.1531e-23 0.818182 0.181818
1.161e-23 0.904761 0.0952393
4.91933e-24 0.944445 0.0555555
8.00952e-24 0.68182 0.31818
1.15236e-23 0.652174 0.347826
1.19452e-23 0.875003 0.124997
1.55351e-23 0.346154 0.653846
4.2934e-24 0.208333 0.791667
5.20129e-24 0.586204 0.413796
1.21601e-23 0.782606 0.217394
1.14097e-23 0.851849 0.148151
1.16025e-23 0.25926 0.74074
5.56759e-24 0.148147 0.851853
5.54583e-24 0.0833299 0.91667
1.13605e-23 0.318182 0.681818
1.14622e-23 0.619047 0.380953
2.66868e-23 0.115386 0.884614
3.21585e-24 0.0434786 0.956521
7.59492e-24 0.413793 0.586207
6.18993e-24 0.17857 0.82143
4.09537e-24 0.199997 0.800003
1.16403e-23 0.727273 0.272727
7.22825e-24 0.535715 0.464285
8.48273e-24 0.464285 0.535715
1.17439e-23 0.639999 0.360001
1.13484e-22 0.391304 0.608696
1.14335e-23 0.884615 0.115385
8.05472e-24 0.448277 0.551723
