8.62552e-22 0.5625 0.4375
9.47229e-22 0.266668 0.733332
8.61838e-22 0.2 0.8
8.61716e-22 0.470587 0.529413
6.56184e-20 0.851855 0.148145
8.61643e-22 0.444445 0.555555
8.61905e-22 0.571428 0.428572
9.46122e-22 0.592592 0.407408
8.50395e-22 0.555556 0.444444
3.39284e-22 0.0666658 0.933334
7.09777e-22 0.481482 0.518518
1.24501e-21 0.9 0.0999999
8.5306e-22 0.217391 0.782609
8.62212e-22 0.952381 0.0476194
8.61708e-22 0.611111 0.388889
7.1627e-22 0.181817 0.818183
1.25013e-21 0.285714 0.714286
1.00169e-21 0.681816 0.318184
5.54613e-20 0.249999 0.750001
9.10956e-22 0.70833 0.29167
8.61541e-22 0.866668 0.133332
8.21063e-22 0.379306 0.620694
8.54777e-22 0.296298 0.703702
1.22441e-21 0.966668 0.0333319
8.70875e-22 0.208334 0.791666
6.75443e-20 0.944443 0.0555566
8.61985e-22 0.476187 0.523813
1.11567e-21 0.033334 0.966666
8.79128e-22 0.586211 0.413789
8.23033e-22 0.925925 0.0740745
8.6168e-22 0.799999 0.200001
8.17401e-22 0.227272 0.772728
8.61439e-22 0.857145 0.142855
8.5276e-22 0.366666 0.633334
8.62973e-22 0.666664 0.333336
8.60501e-22 0.448276 0.551724
8.22676e-20 0.625 0.375
7.00372e-22 0.172414 0.827586
1.12321e-21 0.727269 0.272731
3.34145e-22 0.0689645 0.931036
8.5134e-22 0.538463 0.461537
8.62567e-22 0.999901 9.85976e-05
8.51883e-22 0.652175 0.347825
8.62196e-22 0.428572 0.571428
9.47037e-22 0.24 0.76
8.6066e-22 0.777777 0.222223
1.14053e-21 0.758619 0.241381
9.10806e-22 0.461539 0.538461
0.396256 9.95708e-12 0.619564
2.63369e-25 9.78097e-05 0.999902
1.05803e-21 0.272728 0.727272
8.50913e-22 0.500005 0.499995
8.62171e-22 0.600001 0.399999
1.11849e-21 0.750004 0.249996
8.63746e-22 0.566668 0.433332
1 0 4.37317e-13
8.59699e-22 0.529412 0.470588
9.41169e-22 0.631577 0.368423
7.04898e-22 0.321426 0.678574
8.62177e-22 0.892857 0.107143
8.50827e-22 0.551721 0.448279
8.18302e-22 0.409091 0.590909
8.34599e-22 0.7 0.3
5.26161e-22 0.125 0.875
4.69417e-22 0.100001 0.899999
1.23955e-21 0.826088 0.173912
1.25748e-21 0.958332 0.0416681
8.62277e-22 0.875003 0.124997
8.1819e-22 0.391307 0.608693
9.44182e-22 0.6875 0.3125
8.19763e-22 0.346155 0.653845
6.99033e-20 0.904761 0.0952392
8.55013e-22 0.153846 0.846154
6.53367e-20 0.842105 0.157895
9.45392e-22 0.73913 0.26087
9.8069e-22 0.615385 0.384615
8.52762e-22 0.192307 0.807693
8.50689e-22 0.714285 0.285715
9.17571e-22 0.520002 0.479998
1.23171e-21 0.814812 0.185188
8.52188e-22 0.259259 0.740741
1.25135e-21 0.933336 0.0666644
3.2768e-22 0.0800012 0.919999
5.7026e-22 0.136363 0.863637
4.62279e-20 0.333333 0.666667
8.77877e-22 0.791672 0.208328
8.51626e-22 0.4 0.6
8.5088e-22 0.4375 0.5625
9.76146e-22 0.766666 0.233334
4.70884e-22 0.111109 0.888891
9.18876e-22 0.833334 0.166666
8.33743e-22 0.421052 0.578948
2.17105e-22 0.0416654 0.958335
8.15286e-22 0.304349 0.695651
8.33511e-20 0.64 0.36
8.76959e-22 0.916667 0.083333
9.44983e-22 0.884615 0.115385
8.21729e-22 0.359999 0.640001
8.21062e-22 0.166666 0.833334
8.50102e-22 0.576924 0.423076
