0.565537 0.133665 0.300798
0.380953 0.285714 0.333333
0.100198 0.699414 0.200388
9.9711e-05 0.699925 0.299975
0.83326 0.16664 9.99952e-05
0.133402 0.566441 0.300157
0.833253 9.74642e-05 0.166649
0.41379 0.310348 0.275862
0.724073 9.41605e-05 0.275833
0.482757 0.344831 0.172412
0.655493 0.172261 0.172246
0.344832 0.448275 0.206893
0.5 0.166667 0.333333
0.57137 0.42853 0.000100628
0.16667 0.499997 0.333333
0.241375 0.482765 0.27586
0.133333 0.533334 0.333333
0.533331 0.133336 0.333333
0.344825 0.379316 0.27586
0.505304 0.388692 0.106004
0.58629 0.241336 0.172375
0.689648 0.103448 0.206903
9.97207e-05 0.93324 0.0666606
0.724064 0.275833 0.000103436
0.4 0.266666 0.333333
0.206896 0.655173 0.137931
0.470584 0.196083 0.333333
0.769151 0.000100006 0.230749
0.0667295 0.899909 0.0333611
0.259285 0.5185 0.222214
9.6715e-05 0.785638 0.214265
0.245617 0.42105 0.333333
0.896417 0.10348 0.000103437
0.100603 0.637074 0.262323
0.596494 0.0701732 0.333333
0.222227 0.444439 0.333333
0.0701742 0.596492 0.333333
0.666602 0.333298 9.99832e-05
0.142856 0.678567 0.178577
0.629624 0.185188 0.185188
0.24138 0.689656 0.0689645
0.137916 0.861981 0.000103437
0.100148 0.766321 0.133531
9.86254e-05 0.666568 0.333333
0 0 1
0.19757 0.474157 0.328273
0.333331 0.333336 0.333333
0.344828 0.551724 0.103448
0.817342 0.0340575 0.1486
0.518515 0.148151 0.333333
0.357109 0.64279 0.00010118
0.310356 0.517231 0.172412
0.517178 0.482718 0.000103438
0.28571 0.607148 0.107142
0.0714209 0.821421 0.107158
0.358973 0.307694 0.333333
0.9998 9.9977e-05 9.99835e-05
0.259233 0.740666 0.000101002
0.750008 0.214279 0.035713
0.666567 9.99761e-05 0.333333
0.14815 0.518517 0.333333
0.450004 0.250008 0.299989
0.416807 0.416471 0.166722
0.586214 0.379308 0.034478
0.551712 0.310347 0.137941
9.99758e-05 0.9998 9.99835e-05
0.241381 0.551727 0.206893
0.899908 9.85874e-05 0.0999935
0.172412 0.758623 0.0689645
0.399993 0.566673 0.033333
0.299994 0.366673 0.333333
0.379298 0.482766 0.137936
0.793107 0.137929 0.0689645
0.633333 0.0333339 0.333333
0.0333309 0.633336 0.333333
0.172423 0.586186 0.241391
0.310102 0.655442 0.0344557
0.564107 0.10256 0.333333
0.102561 0.564105 0.333333
0.65517 0.241382 0.103448
0.500002 0.285722 0.214276
0.321439 0.428581 0.24998
0.100005 0.833327 0.0666681
0.799877 0.200023 0.000100012
0.586199 0.172413 0.241388
0.0344827 0.724132 0.241386
0.466663 0.466668 0.0666681
0.866664 0.0666678 0.0666681
0.655175 0.0689644 0.275861
0.413787 0.344826 0.241388
0.724136 0.137933 0.137931
0.433333 0.233333 0.333333
0.620692 0.310344 0.0689645
0.200016 0.799884 0.000100012
0.517249 0.206891 0.27586
0.79447 0.0685119 0.137019
9.69713e-05 0.866581 0.133322
0.274507 0.39216 0.333333
0.933349 0.0333269 0.0333241
0.464244 0.535656 0.000100436
