0.517239 0.379314 0.103447
0.586457 0.137847 0.275695
0.518519 0.148148 0.333333
0.148148 0.518518 0.333333
0.666576 0.166715 0.166709
0.285714 0.380953 0.333333
0.311111 0.355556 0.333333
0.355556 0.311111 0.333333
0.24138 0.62069 0.137931
0.60708 0.392819 0.000101201
0.310344 0.413794 0.275862
0.933338 0.0333332 0.0333286
0.482759 0.448276 0.0689653
0.517241 0.206896 0.275862
0.310313 0.689583 0.000103459
0.793475 0.0688412 0.137684
0.000103384 0.724063 0.275834
0.172412 0.551726 0.275862
0.19998 0.79992 0.000100011
9.99776e-05 0.93324 0.0666602
0.379278 0.620619 0.000103458
0.491228 0.175439 0.333333
0.051283 0.615384 0.333333
0.4 0.266667 0.333333
0.344827 0.517242 0.137931
0.689658 0.241377 0.0689652
0.137917 0.861979 0.000103459
0.148065 0.666854 0.185081
0.689649 0.103449 0.206902
0.172414 0.758621 0.0689654
0.222222 0.444444 0.333333
9.99719e-05 0.86658 0.13332
0.76659 9.99822e-05 0.23331
0.266666 0.4 0.333333
0.444444 0.222222 0.333333
9.99996e-05 0.666567 0.333333
0.464284 0.392857 0.142859
0.653782 0.346115 0.000102998
0.817339 0.0340553 0.148606
0.305477 0.475199 0.219324
0.380953 0.285713 0.333333
0.413794 0.51724 0.0689654
0.615384 0.0512825 0.333333
0.482766 0.310332 0.206902
0.666567 9.9976e-05 0.333333
0.5 0.166666 0.333333
9.99786e-05 0.9998 0.000100002
0.333333 0.333333 0.333333
0.75 0.214286 0.0357146
0.000102462 0.785634 0.214264
0.555555 0.111112 0.333333
0.321433 0.571422 0.107145
0.827509 0.172387 0.000103454
0.428571 0.285714 0.285715
0.551726 0.413795 0.0344796
0.259233 0.740666 0.000101021
0.533333 0.133333 0.333333
0.133333 0.533334 0.333333
0.0958917 0.575343 0.328765
0.571427 0.0952395 0.333333
0.0714292 0.821426 0.107145
0.103357 0.724382 0.172262
0.9998 9.99791e-05 0.000100002
0.833256 9.37688e-05 0.16665
0.214275 0.57144 0.214285
0.296297 0.370369 0.333333
0.357144 0.392855 0.250001
0.370371 0.296295 0.333333
0.584558 0.311581 0.103861
0.592314 0.222375 0.185312
0.758613 0.137938 0.103449
0.896442 0.103455 0.000103457
0.89991 9.89544e-05 0.0999908
0.275864 0.65517 0.0689653
0.206898 0.689653 0.103449
0.166667 0.5 0.333333
0.068961 0.689657 0.241382
0.571427 0.178572 0.250001
0.0333316 0.633335 0.333333
0.633331 0.0333358 0.333333
0.592592 0.0740743 0.333333
0.0740727 0.592594 0.333333
0.111106 0.555561 0.333333
0.190477 0.47619 0.333333
0.866303 0.0668486 0.0668488
0.47619 0.190476 0.333333
0.416667 0.25 0.333333
0.25 0.416667 0.333333
0.379309 0.448276 0.172414
0.65518 0.0689544 0.275865
0.551724 0.275862 0.172414
0.175438 0.491228 0.333333
0.655173 0.206896 0.137931
0.517188 0.482709 0.000103459
0.241379 0.482759 0.275862
0.0666793 0.899981 0.0333397
0.13793 0.620688 0.241382
0.724068 0.275828 0.000103457
0.275862 0.551724 0.172414
0.448229 0.551667 0.00010346
