0.0666573 0.933243 0.000100009
0.566381 0.133422 0.300197
0.133353 0.566603 0.300044
0.380952 0.285714 0.333333
0.100342 0.698971 0.200686
9.99907e-05 0.699928 0.299972
0.83325 9.99362e-05 0.16665
0.413819 0.310331 0.27585
0.310245 0.655285 0.03447
0.724063 0.000103425 0.275834
0.656774 0.171613 0.171613
0.344829 0.448275 0.206896
0.222223 0.444444 0.333333
0.499994 0.166673 0.333333
0.133332 0.533334 0.333333
0.533332 0.133334 0.333333
0.357105 0.642793 0.000101512
0.572635 0.393681 0.0336846
9.99089e-05 0.93324 0.0666604
0.358976 0.307691 0.333333
0.689657 0.103445 0.206897
0.202077 0.471497 0.326426
0.344828 0.551724 0.103448
0.344827 0.379311 0.275862
0.4 0.266667 0.333333
0.259289 0.518499 0.222213
0.535712 0.32143 0.142858
0.896458 0.103439 0.000103452
0.399976 0.566689 0.0333348
0.137917 0.861979 0.000103456
0.177777 0.48889 0.333333
0.000102383 0.785634 0.214263
0.464238 0.535662 0.000100455
0.241365 0.551739 0.206896
0.142849 0.678573 0.178578
0.517282 0.206879 0.275839
0.070174 0.596493 0.333333
0.45 0.250006 0.299995
0.666567 9.9941e-05 0.333333
0.470587 0.19608 0.333333
0.799918 0.199982 0.000100009
0.285713 0.607144 0.107144
0.333333 0.333334 0.333333
0.517187 0.482709 0.000103456
0 0 1
0.750005 0.214281 0.0357145
9.99203e-05 0.666567 0.333333
0.9998 9.97536e-05 9.99974e-05
0.65518 0.0689554 0.275865
0.245616 0.421051 0.333333
0.466665 0.466668 0.0666669
0.596489 0.0701774 0.333333
0.0714236 0.821433 0.107144
0.59994 0.39996 0.000100009
0.482758 0.413795 0.103448
0.769155 9.43812e-05 0.23075
9.99678e-05 0.9998 9.99978e-05
0.629628 0.185185 0.185187
0.259237 0.740662 0.000101015
0.379307 0.482761 0.137931
0.518514 0.148152 0.333333
0.866513 0.0667445 0.0667426
0.148151 0.518516 0.333333
0.416669 0.416663 0.166668
0.6666 0.3333 0.000100009
0.89991 9.99636e-05 0.0999899
0.241379 0.482759 0.275862
0.299995 0.366672 0.333333
0.793106 0.137929 0.0689652
0.100596 0.637084 0.26232
0.655167 0.241386 0.103448
0.50001 0.285709 0.214281
0.0333302 0.633336 0.333333
0.199979 0.799921 0.000100009
0.633337 0.0333294 0.333333
0.102564 0.564102 0.333333
0.413788 0.344836 0.241376
0.564103 0.102564 0.333333
0.17242 0.586203 0.241377
0.0344819 0.724139 0.241379
0.241383 0.689652 0.0689652
9.99389e-05 0.86658 0.13332
0.933334 0.0333326 0.0333332
0.724533 0.137734 0.137733
0.0666653 0.900002 0.0333332
0.433334 0.233332 0.333333
0.817338 0.0340562 0.148606
0.310342 0.517245 0.172412
0.321427 0.428574 0.249998
0.206896 0.655173 0.137931
0.83325 0.16665 0.000100009
0.62069 0.310345 0.0689655
0.586206 0.172414 0.24138
0.100102 0.766426 0.133472
0.448275 0.379313 0.172412
0.724066 0.27583 0.000103452
0.274491 0.392175 0.333333
0.172411 0.758626 0.0689637
0.797298 0.0675661 0.135136
0.586249 0.241355 0.172396
