0.833341 0.0999989 0.0666603
0.13335 0.566611 0.300038
0.285715 0.380952 0.333333
9.99354e-05 0.83325 0.16665
0.310345 0.413793 0.275862
0.655602 0.309958 0.0344397
0.34483 0.482757 0.172413
0.172407 0.655185 0.172407
0.448278 0.344826 0.206896
0.444441 0.222226 0.333333
0.166671 0.499996 0.333333
0.482762 0.241378 0.27586
0.428529 0.571371 0.000100829
0.533333 0.133333 0.333333
0.379313 0.344825 0.275861
0.5664 0.133415 0.300184
0.535656 0.464243 0.000100436
0.388693 0.505302 0.106004
0.63708 0.100592 0.262327
0.103446 0.689658 0.206896
0.233327 0.43334 0.333333
0.93324 9.98893e-05 0.06666
0.241378 0.586208 0.172413
0.196078 0.470588 0.333333
0.518517 0.259265 0.222218
0.103446 0.896451 0.000103437
0.000103387 0.724063 0.275834
0.596492 0.0701751 0.333333
0.678559 0.142863 0.178578
0.185186 0.629631 0.185183
0.666567 9.99729e-05 0.333333
1.676e-39 1.54584e-20 1
0.566668 0.399999 0.0333333
0.266665 0.400002 0.333333
9.99773e-05 0.9998 9.99809e-05
0.482712 0.517184 0.000103437
0.333299 0.666601 9.9991e-05
0.333333 0.333333 0.333333
0.275831 0.724065 0.000103437
0.133333 0.533333 0.333333
0.148148 0.518519 0.333333
0.471504 0.202071 0.326424
0.421054 0.245613 0.333333
0.9998 9.99803e-05 9.9981e-05
0.899987 0.066675 0.0333375
9.99887e-05 0.666567 0.333333
0.607142 0.285712 0.107145
0.55173 0.241375 0.206895
0.740666 0.259233 0.000101001
0.785631 0.000102442 0.214267
0.070176 0.596491 0.333333
0.214286 0.75 0.0357138
0.310346 0.551722 0.137932
0.821419 0.0714323 0.107149
0.564109 0.102558 0.333333
0.518514 0.148152 0.333333
0.416366 0.416881 0.166752
0.642787 0.357111 0.000101492
0.586199 0.172418 0.241383
0.249967 0.45002 0.300013
0.034054 0.817339 0.148607
9.87524e-05 0.899911 0.0999907
0.36667 0.299997 0.333333
0.758621 0.172414 0.0689653
0.699929 9.99863e-05 0.299971
0.13793 0.793105 0.0689652
0.633331 0.0333358 0.333333
0.310345 0.620689 0.0689653
0.0333371 0.63333 0.333333
0.0689042 0.793287 0.137809
0.379303 0.586216 0.0344815
0.466666 0.466667 0.0666667
0.10256 0.564107 0.333333
0.206896 0.517242 0.275862
0.241377 0.655178 0.103445
0.285715 0.5 0.214286
0.307691 0.358976 0.333333
0.699979 0.100011 0.20001
0.19998 0.79992 9.99909e-05
0.172414 0.586207 0.241379
0.655197 0.206882 0.137921
0.724136 0.0344809 0.241383
0.482766 0.379301 0.137933
0.689656 0.241379 0.0689653
0.166648 0.833252 9.9991e-05
0.0689646 0.655174 0.275862
0.86658 9.98806e-05 0.133321
0.428578 0.321424 0.249998
0.0333254 0.933341 0.0333331
0.861977 0.13792 0.000103437
0.344827 0.413791 0.241383
0.000100308 0.76914 0.23076
0.551723 0.344832 0.103445
0.137911 0.724177 0.137911
0.0667346 0.866531 0.0667345
0.517238 0.310349 0.172413
0.764579 0.100895 0.134527
0.799916 0.199984 9.9991e-05
0.488888 0.177779 0.333333
0.392158 0.274509 0.333333
