0.100005 0.833325 0.06667
0.566281 0.133452 0.300267
0.133433 0.566343 0.300224
0.380951 0.285716 0.333333
9.74392e-05 0.699924 0.299978
0.379325 0.551711 0.068964
0.833253 9.93245e-05 0.166648
0.413797 0.310343 0.275861
0.309102 0.656554 0.0343446
0.482762 0.344825 0.172412
0.655773 0.172113 0.172114
0.222222 0.444445 0.333333
0.344816 0.448292 0.206891
0.571369 0.42853 0.000100841
0.533334 0.133332 0.333333
0.763063 0.0676973 0.16924
0.689654 0.103448 0.206898
9.94548e-05 0.933238 0.0666629
0.0714272 0.821428 0.107145
0.769154 9.99084e-05 0.230746
9.99374e-05 0.866583 0.133317
0.260062 0.517956 0.221981
0.399845 0.566811 0.0333435
9.34933e-05 0.785639 0.214267
0.724068 0.275829 0.000103443
0.142859 0.678552 0.178589
0.629615 0.185181 0.185204
0.724066 9.80797e-05 0.275836
0.448226 0.55167 0.000103446
0.499994 0.166672 0.333333
0.470585 0.196082 0.333333
0.245613 0.421053 0.333333
0.133335 0.533331 0.333333
0.505311 0.388683 0.106006
0.449987 0.250023 0.29999
0.137918 0.861979 0.000103448
0.793112 0.137925 0.0689629
0.51716 0.482736 0.000103443
0.666567 9.98156e-05 0.333333
0.321427 0.428577 0.249997
2.98539e-35 9.61303e-21 1
0.333333 0.333334 0.333333
0.500005 0.285714 0.214282
0.666601 0.333299 0.0001
0.285708 0.60715 0.107142
0.399999 0.266668 0.333333
0.241374 0.482766 0.275861
0.999801 9.93185e-05 9.99911e-05
0.202072 0.471501 0.326427
9.99567e-05 0.666567 0.333333
0.357102 0.642797 0.000101061
0.551726 0.310342 0.137932
0.517254 0.206885 0.275862
0.259236 0.740663 0.000100998
0.0701762 0.59649 0.333333
0.466667 0.466668 0.0666652
0.100381 0.698417 0.201202
0.750014 0.214275 0.0357112
0.896456 0.103441 0.000103448
0.899913 9.67982e-05 0.0999903
0.518517 0.148149 0.333333
0.417086 0.416079 0.166835
0.299999 0.366668 0.333333
0.83325 0.16665 0.000100001
0.14815 0.518516 0.333333
9.98718e-05 0.9998 9.99911e-05
0.100646 0.637058 0.262296
0.817345 0.0340608 0.148594
0.172414 0.758622 0.0689641
0.3793 0.482768 0.137932
0.564086 0.102581 0.333333
0.0333334 0.633333 0.333333
0.633332 0.0333349 0.333333
0.206886 0.655186 0.137928
0.586238 0.379283 0.0344788
0.596491 0.0701761 0.333333
0.933346 0.0333237 0.03333
0.102557 0.56411 0.333333
0.724133 0.137936 0.13793
0.655165 0.241388 0.103446
0.177781 0.488886 0.333333
0.358974 0.307693 0.333333
0.799919 0.199981 0.000100002
0.586205 0.172414 0.241381
0.172417 0.586201 0.241382
0.0666672 0.900001 0.033332
0.0344764 0.724143 0.241381
0.833293 0.0666838 0.100023
0.241383 0.689654 0.0689629
0.413791 0.344829 0.241381
0.655173 0.0689652 0.275862
0.586207 0.24138 0.172412
0.433332 0.233335 0.333333
0.310359 0.551713 0.137928
0.620691 0.310344 0.0689643
0.100652 0.765145 0.134203
0.199983 0.799917 0.000100002
0.241365 0.55175 0.206885
0.274507 0.39216 0.333333
0.344829 0.379309 0.275862
