0.80378 0.19622 0
0.599995 0.400005 0
0.200042 0.799958 0
0.448145 0.103443 0.448412
0.866632 0.133368 0
0.137932 0.862068 0
0.480023 0.519977 0
0.343812 0.0686901 0.587498
0.269243 0.730757 0
0.586132 9.77331e-05 0.41377
0.966671 0.0333286 0
0.0333343 0.966666 0
0.0684408 0.311658 0.619901
0.137941 0.344926 0.517133
0.37926 0.275912 0.344828
0.448217 0.551783 0
0.5716 0.1784 0.25
0.107143 0.892857 0
0.137913 0.00010343 0.861984
8.88062e-05 0.607093 0.392818
0.379564 7.49322e-05 0.620362
0.00010218 0.749898 0.25
0.172461 0.827539 0
0.639944 0.00010104 0.359955
0.892858 0.107142 0
0.629626 0.370374 0
9.86971e-05 9.8347e-05 0.999803
0.187253 0.299532 0.513214
0.370369 0.629631 0
0.517188 0.000103429 0.482709
0.123726 0.175255 0.70102
0.689717 0.310283 0
0.311946 0.10865 0.579404
0.428776 0.142784 0.42844
9.99551e-05 0.9999 0
0.206631 0.0688571 0.724512
0.103527 0.586106 0.310367
0.657448 0.0342863 0.308265
0.551773 0.10351 0.344717
0.9999 9.9971e-05 0
0.333333 0.333334 0.333333
0.147938 0.445191 0.40687
0.06701 0.502624 0.430366
0.0343356 0.107291 0.858374
0.933334 0.0666658 0
0.766664 0.233336 0
0.517241 0.482759 0
0.269213 0.269218 0.461569
0.0666652 0.933335 0
0.310318 0.310325 0.379357
0.000102455 0.214267 0.78563
0.239997 0.760003 0
0.39286 0.357135 0.250006
0.137905 0.276105 0.58599
0.0689649 0.37952 0.551515
0.241355 0.000103429 0.758542
0.135655 0.519258 0.345087
0.214289 0.357125 0.428586
0.000103434 0.517188 0.482709
0.309994 0.177278 0.512727
0.000103207 0.34612 0.653776
0.482768 0.241381 0.275851
0.214287 0.142842 0.642871
0.25 0.5 0.25
0.448222 0.206932 0.344846
0.749898 0.000102222 0.25
0.310346 0.689654 0
0.827533 0.172467 0
9.99964e-05 0.166661 0.833239
0.0681922 0.250903 0.680905
0.0344823 0.689666 0.275851
0.137932 0.068966 0.793102
0.371083 0.222018 0.406899
0.221525 0.40619 0.372285
0.136529 0.613471 0.25
0.409955 0.0681714 0.521874
0.571438 0.428562 0
9.84535e-05 0.0666571 0.933244
0.712766 0.0356671 0.251567
0.241096 0.209496 0.549408
0.620697 0.103452 0.275851
6.39587e-05 0.464235 0.535701
0.167313 0.234569 0.598119
0.172454 0.551695 0.275851
0.533094 0.0666995 0.400206
0.285685 0.428626 0.285688
7.53008e-05 0.413724 0.586201
0.00010343 0.275831 0.724065
0.275879 0.379383 0.344738
0.103376 0.137835 0.758789
0.0666596 0.0333278 0.900013
0.464294 0.285706 0.25
0.448384 8.96694e-05 0.551527
0.276025 0.0344547 0.68952
9.93138e-05 0.655139 0.344762
0.73076 0.26924 0
0.100259 0.431755 0.467986
0.399999 0.600001 0
0.517212 0.172421 0.310367
0.206862 0.448292 0.344846
