0.310345 0.241376 0.448279
0.103433 0.275867 0.6207
0.2 0.8 0
0.866655 0.133345 0
0.133351 0.866649 0
0.482761 0.137928 0.379311
0.60714 0.39286 0
0.48 0.52 0
0.137922 0.517249 0.344829
0.620688 0.0689669 0.310345
0.0689552 0.344813 0.586232
0.269236 0.730764 0
0.586147 0.000103424 0.41375
0.13793 0.413792 0.448277
0.033332 0.966668 0
0.966666 0.0333336 0
0.733332 0.266668 0
0.000103402 0.655105 0.344792
0.142857 0.214287 0.642856
0.379335 0.0689612 0.551704
0.344823 0.172411 0.482766
0.000103286 0.137913 0.861983
0.1667 8.63902e-05 0.833214
0.137931 0.103447 0.758622
0.392854 0.357146 0.25
0.749898 0.000102073 0.25
0.148148 0.444441 0.407411
0.9999 9.99917e-05 0
0.63994 0.000100713 0.359959
0.000103396 0.517188 0.482709
0.642857 0.357143 0
0.000102241 0.749898 0.25
0.241375 0.448283 0.310342
0.107143 0.892857 0
0.29946 0.187169 0.513371
0.310345 0.310345 0.379311
0.103589 0.585646 0.310765
0.108678 0.311971 0.57935
0.370376 0.629624 0
9.95415e-05 9.4487e-05 0.999806
0.000103123 0.379272 0.620625
0.172412 0.551725 0.275862
0.107284 0.0343356 0.85838
0.214281 0.321424 0.464295
0.206896 0.172413 0.620691
0.892855 0.107145 0
9.9956e-05 0.9999 0
0.517241 0.482759 0
0.136365 0.613635 0.25
0.034483 0.689655 0.275862
0.517188 0.000103427 0.482709
0.413791 0.275864 0.310345
0.175256 0.123724 0.701021
0.239998 0.760002 0
0.712786 0.0356433 0.251571
0.346112 0.000103176 0.653785
0.766668 0.233332 0
0.0344777 0.275875 0.689647
0.448278 0.206893 0.344829
0.000103358 0.241354 0.758542
0.214258 0.000102453 0.785639
0.206895 0.241378 0.551727
0.586207 0.137931 0.275862
0.464246 0.000100384 0.535654
0.41375 0.000103413 0.586147
0.25 0.5 0.25
0.448276 0.551724 0
0.333332 0.333332 0.333336
0.000101175 0.607081 0.392818
0.17242 0.82758 0
0.400003 0.599997 0
0.310342 0.689658 0
0.827584 0.172416 0
0.576923 0.423077 0
0.517243 0.172412 0.310345
0.0683268 0.409942 0.521731
0.250597 0.0681302 0.681273
0.379308 0.241381 0.379311
0.0689667 0.137933 0.7931
0.700001 0.299999 0
0.543691 0.0679627 0.388347
0.000103364 0.448229 0.551667
0.214285 0.428571 0.357144
0.27582 0.000103412 0.724077
0.444446 0.148144 0.40741
0.0666571 9.88675e-05 0.933244
0.933333 0.0666674 0
0.0666663 0.933334 0
0.647726 0.102274 0.25
0.275905 0.137917 0.586178
0.0669886 0.502387 0.430624
0.303799 0.41772 0.278481
0.28571 0.28571 0.428581
0.0333252 0.0666652 0.90001
0.431873 0.10026 0.467867
0.137793 0.34548 0.516727
0.5 0.25 0.25
0.241384 0.379305 0.379311
0.103446 0.17241 0.724144
0.310346 0.0689634 0.620691
