0.448258 0.206908 0.344834
0.103437 0.275834 0.620729
0.400002 0.599998 0
0.310346 0.310348 0.379306
0.344847 0.137893 0.51726
0.866639 0.133361 0
0.133332 0.866668 0
0.379309 0.275864 0.344828
0.519995 0.480005 0
0.413736 0.000102138 0.586162
0.166654 7.31597e-05 0.833273
0.0689643 0.344806 0.586229
0.379268 0.172386 0.448345
0.730764 0.269236 0
0.172415 0.51723 0.310354
0.172465 0.37919 0.448345
0.0333336 0.966666 0
0.966667 0.0333334 0
9.23884e-05 0.599723 0.400185
0.65513 0.000100942 0.344769
0.3793 0.0689736 0.551726
0.586151 0.103461 0.310388
0.178561 0.571439 0.25
0.214263 9.99523e-05 0.785638
0.000102228 0.37927 0.620628
0.689663 0.0344806 0.275857
0.357129 0.392871 0.25
0.551722 0.448278 0
9.85819e-05 0.639927 0.359975
0.892857 0.107143 0
0.299451 0.187153 0.513396
0.20688 0.172414 0.620706
0.107284 0.0343352 0.85838
0.0689507 0.206846 0.724204
0.107143 0.892857 0
0.10869 0.311628 0.579682
9.99554e-05 0.9999 0
0.142823 0.214247 0.642931
0.396404 0.100603 0.502994
0.9999 9.98194e-05 0
0.48276 0.51724 0
0.206895 0.448277 0.344828
0.517187 0.000103422 0.482709
0.333337 0.333339 0.333324
0.137874 0.44833 0.413796
0.275855 0.379315 0.34483
0.255031 0.271706 0.473263
0.749898 0.000101931 0.25
9.47576e-05 9.47583e-05 0.99981
0.103444 0.551727 0.344828
0.175255 0.123722 0.701023
0.62961 0.37039 0
0.275813 0.000103367 0.724084
0.185207 0.407272 0.407521
0.760017 0.239983 0
0.370375 0.629625 0
0.346098 0.000103043 0.653799
0.035632 0.712794 0.251574
0.444619 0.148099 0.407283
0.344825 0.241384 0.413791
0.24138 0.48276 0.27586
0.250071 0.0681812 0.681748
0.000102824 0.517184 0.482713
0.233323 0.766677 0
0.0668311 0.502988 0.430181
0.000103418 0.241351 0.758546
0.310341 0.689659 0
0.60706 9.3529e-05 0.392847
0.827584 0.172416 0
0.000102249 0.749898 0.25
0.68966 0.31034 0
0.000101944 0.137888 0.86201
0.0667777 0.43236 0.500863
0.172414 0.827586 0
0.0689491 0.137898 0.793153
0.413682 0.207127 0.379191
0.499999 0.250001 0.25
0.600002 0.399998 0
0.517198 0.172396 0.310406
0.428568 0.571432 0
0.0666543 7.42891e-05 0.933271
0.933332 0.0666679 0
0.0666649 0.933335 0
0.0344786 0.275906 0.689616
0.214119 0.249807 0.536074
0.103446 0.620695 0.27586
0.464262 9.91896e-05 0.535639
0.27584 0.137921 0.586239
0.428571 0.285712 0.285717
0.502391 0.0669782 0.430631
0.249619 0.357332 0.393049
0.137944 0.344712 0.517344
0.310355 0.0689615 0.620684
0.613639 0.136361 0.25
0.0333346 0.0666692 0.899996
0.137921 0.103428 0.75865
9.46248e-05 0.448575 0.551331
0.799997 0.200003 0
0.285714 0.464286 0.25
0.269237 0.730763 0
