0.137919 0.48277 0.379311
0.4 0.6 0
0.172414 0.275859 0.551726
0.800005 0.199995 0
0.48276 0.137929 0.379311
0.866656 0.133344 0
0.133333 0.866667 0
0.344828 0.172414 0.482759
0.448275 0.103448 0.448277
0.519996 0.480004 0
0.413744 0.000103414 0.586152
0.0689614 0.344829 0.586209
0.206896 0.344826 0.448277
0.730771 0.269229 0
0.000103353 0.586146 0.41375
0.966667 0.0333332 0
0.0333322 0.966668 0
0.275862 0.413793 0.310345
0.379336 0.0689626 0.551701
0.000103431 0.241355 0.758542
0.172414 0.517241 0.310345
0.464239 0.000100421 0.53566
0.214263 0.000102473 0.785634
0.000103417 0.379271 0.620625
0.142862 0.607138 0.25
0.37037 0.62963 0
0.749898 0.000102204 0.25
0.9999 9.99637e-05 0
0.357143 0.392857 0.25
0.107142 0.892858 0
0.000101033 0.639934 0.359965
0.185184 0.407406 0.407409
0.551724 0.448276 0
0.0344819 0.275863 0.689655
0.0333154 0.0666451 0.90004
0.107296 0.0343347 0.858369
0.629624 0.370376 0
0.17525 0.123754 0.700996
0.108637 0.311966 0.579397
0.346114 0.000103221 0.653783
0.000103417 0.137917 0.86198
0.344828 0.241377 0.413795
0.000103436 0.517188 0.482709
0.333334 0.333333 0.333333
0.892857 0.107143 0
0.517188 0.000103435 0.482709
9.99874e-05 0.9999 0
0.37931 0.275862 0.344828
0.253815 0.27482 0.471365
0.482762 0.517238 0
9.99674e-05 9.93247e-05 0.999801
0.655105 0.000103437 0.344792
0.206897 0.172413 0.62069
0.444505 0.148132 0.407363
0.760001 0.239999 0
0.24138 0.482758 0.275862
0.5 0.25 0.25
0.214284 0.25 0.535716
0.299448 0.187212 0.51334
0.142858 0.214286 0.642856
0.310345 0.689655 0
0.000102224 0.749898 0.25
0.607079 0.000101177 0.39282
0.137921 0.103442 0.758637
0.233333 0.766667 0
0.827585 0.172415 0
0.689658 0.310342 0
0.689674 0.0344807 0.275846
0.0666663 0.433332 0.500002
0.172413 0.827587 0
0.250843 0.0681052 0.681052
0.068968 0.137936 0.793096
0.035638 0.712789 0.251573
0.413752 0.206976 0.379272
0.613633 0.136367 0.25
0.42857 0.57143 0
0.0666567 9.97684e-05 0.933244
0.586194 0.103451 0.310354
0.0666666 0.933333 0
0.310345 0.0689644 0.620691
0.214286 0.535714 0.25
0.933335 0.0666648 0
0.275869 0.137931 0.5862
0.0669834 0.502396 0.430621
0.428571 0.285714 0.285714
0.517241 0.172414 0.310345
0.502392 0.0669869 0.430621
0.275859 0.344833 0.379308
0.13793 0.344833 0.517237
0.206896 0.448276 0.344828
0.166651 9.99777e-05 0.833249
0.6 0.4 0
0.0689659 0.620688 0.310347
0.275833 0.000103436 0.724064
0.396903 0.134029 0.469068
0.000103436 0.448229 0.551667
0.269231 0.730769 0
0.103448 0.551724 0.344828
0.103448 0.172413 0.724138
0.137931 0.413794 0.448275
