0.310344 0.206897 0.482759
0.241376 0.44828 0.310344
0.800006 0.199994 0
0.206893 0.413796 0.379311
0.137926 0.413795 0.448279
0.135283 0.864717 0
0.413791 0.13793 0.448279
0.866665 0.133335 0
0.392854 0.607146 0
0.0689623 0.482759 0.448279
0.517241 0.137931 0.344828
0.0688756 0.655622 0.275503
0.730768 0.269232 0
0.0333302 0.0333296 0.93334
0.166655 7.04295e-05 0.833275
0.966669 0.0333314 0
0.0333314 0.966669 0
0.310344 0.310344 0.379311
0.413791 0.310344 0.275865
0.266667 0.733333 0
0.142855 0.214282 0.642863
0.172413 0.275861 0.551726
0.551735 0.448265 0
0.444443 0.148147 0.407409
0.310313 0.103453 0.586234
0.933329 0.0666706 0
0.0685463 0.349294 0.58216
0.200001 0.799999 0
0.137932 0.103449 0.758619
0.749898 0.000102257 0.25
0.107139 0.892861 0
0.148153 0.444428 0.407419
0.239999 0.239999 0.520001
0.629626 0.370374 0
0.392856 0.357144 0.25
0.464288 0.214271 0.321441
0.071421 0.071421 0.857158
0.519996 0.480004 0
0.517188 0.000103419 0.482709
9.98328e-05 0.9999 0
9.81841e-05 8.39364e-05 0.999818
0.214267 0.000102453 0.78563
0.21687 0.313237 0.469893
0.103447 0.586208 0.310344
0.892856 0.107144 0
0.333333 0.333333 0.333334
0.275827 0.000103367 0.72407
0.000103425 0.517187 0.48271
6.7604e-05 0.214945 0.784988
0.9999 9.99685e-05 0
0.0340557 0.136222 0.829722
0.233329 0.766671 0
0.76 0.24 0
0.689661 0.0344834 0.275856
0.175242 0.123856 0.700902
0.346118 0.000103209 0.653779
0.0356372 0.712791 0.251571
0.586209 0.103447 0.310344
0.166664 0.833336 0
0.35714 0.64286 0
0.689657 0.310343 0
0.249996 0.500004 0.25
0.607081 0.000101167 0.392818
0.000101921 0.319959 0.679939
0.500004 0.249995 0.25
0.425377 0.0337997 0.540823
0.392817 0.000101167 0.607082
0.827586 0.172414 0
0.357151 0.214281 0.428567
0.103445 0.275863 0.620691
9.99253e-05 0.0999981 0.899902
0.0999925 6.91377e-05 0.899938
0.423074 0.576926 0
0.000103154 0.65378 0.346117
0.300001 0.699999 0
0.000102222 0.749898 0.25
0.0666607 0.933339 0
0.0335784 0.429175 0.537246
0.613636 0.136364 0.25
0.172413 0.551732 0.275855
0.249988 0.392865 0.357147
0.250128 0.0681696 0.681702
0.0679625 0.543686 0.388352
0.275859 0.172415 0.551726
0.482759 0.517241 0
0.0688203 0.20647 0.72471
0.136364 0.613636 0.25
0.599999 0.400001 0
0.000103355 0.379274 0.620622
0.50239 0.0669858 0.430624
0.395685 0.100719 0.503597
0.275864 0.275864 0.448272
0.100717 0.395686 0.503597
0.310339 0.413796 0.275865
0.379312 0.27586 0.344829
0.206896 0.172413 0.62069
0.172338 0.482985 0.344677
0.55171 0.172422 0.275868
0.000103365 0.586144 0.413752
0.655105 0.000103429 0.344792
