0.242063 0.1705 0.587437
0.133341 0.866659 0
0.309425 0.309459 0.381117
0.379302 0.310346 0.310352
8.13272e-05 0.606996 0.392923
0.866663 0.133337 0
0.199987 0.800013 0
8.33295e-05 0.415826 0.584091
0.393034 0.606966 0
0.51999 0.48001 0
9.98436e-05 0.166652 0.833248
0.342794 0.136834 0.520372
0.448317 0.275816 0.275867
0.730735 0.269265 0
0.585444 7.71928e-05 0.414479
0.241281 0.241309 0.51741
0.966663 0.0333366 0
0.0333286 0.966671 0
0.378367 0.171244 0.450389
0.749898 9.99871e-05 0.250002
0.429485 0.0670585 0.503456
0.138251 0.0344691 0.82728
0.586558 0.103324 0.310118
9.39252e-05 0.653755 0.346151
0.64008 9.36359e-05 0.359827
0.275764 0.414995 0.30924
0.267042 0.732958 0
0.371451 8.41785e-05 0.628465
0.107144 0.892856 0
0.102441 0.64729 0.250269
0.892859 0.107141 0
0.551743 0.448257 0
0.462668 0.213712 0.323619
0.185406 0.296161 0.518433
0.547244 0.172744 0.280012
0.302037 0.43356 0.264404
0.149364 0.41079 0.439846
0.0343361 0.107298 0.858366
0.629334 0.370666 0
0.297529 0.148911 0.55356
0.0999992 9.98502e-05 0.899901
0.000103417 0.517185 0.482711
9.99274e-05 0.9999 0
0.333333 0.333334 0.333333
0.517185 0.00010343 0.482711
0.169074 0.270072 0.560855
0.207559 0.207459 0.584982
0.000102449 0.214264 0.785634
0.9999 9.9981e-05 0
0.241356 0.000103412 0.758541
0.102385 0.136521 0.761094
0.482762 0.517238 0
0.0689573 0.379386 0.551657
0.357235 0.642765 0
0.103349 0.586533 0.310118
0.606822 0.14252 0.250659
0.16726 0.0651401 0.7676
0.123825 0.175236 0.70094
0.760073 0.239927 0
0.233217 0.766783 0
0.135024 0.242272 0.622704
0.000103154 0.346113 0.653784
9.95542e-05 9.94612e-05 0.999801
0.701775 0.0350852 0.26314
0.499835 0.250163 0.250002
0.0356284 0.712478 0.251894
0.000103058 0.275806 0.724091
0.204549 0.545449 0.250002
0.407954 0.185112 0.406933
0.379409 0.241209 0.379382
0.214307 0.106495 0.679198
0.544659 0.0680592 0.387282
0.268177 0.268086 0.463737
0.827561 0.172439 0
0.689681 0.310319 0
0.177911 0.463154 0.358935
0.166711 0.833289 0
0.46824 0.100032 0.431728
0.423076 0.576924 0
0.172211 0.34554 0.48225
0.0681281 0.250806 0.681066
0.300429 0.699571 0
0.000102208 0.749896 0.250002
0.392707 0.357291 0.250002
0.0344114 0.551617 0.413972
0.246749 0.503249 0.250002
0.0666708 0.933329 0
0.933337 0.0666634 0
9.99363e-05 0.0666637 0.933236
0.251024 0.356053 0.392923
9.301e-05 0.464133 0.535774
0.274941 0.0343096 0.69075
0.103419 0.310141 0.58644
0.311673 0.20687 0.481457
0.309778 0.103111 0.587111
0.433287 7.28732e-05 0.56664
0.800267 0.199733 0
0.0667095 0.467835 0.465455
0.599994 0.400006 0
0.102844 0.517302 0.379854
