0.571297 9.10121e-05 0.428612
0.639999 0.360001 0
0.133333 0.866667 0
0.275826 0.000100054 0.724073
0.48276 0.241379 0.275862
0.310343 0.310343 0.379314
0.379307 0.172412 0.448281
0.699995 0.300005 0
0.13793 0.206897 0.655173
0.199999 0.800001 0
0.413796 0.0344714 0.551733
7.56985e-05 0.166645 0.833279
0.06882 0.655899 0.275281
0.566666 0.433334 0
0.766667 0.233333 0
0.966665 0.0333346 0
0.448289 0.0689443 0.482767
0.266666 0.733334 0
0.413799 0.31034 0.275861
0.933333 0.0666667 0
0.310335 0.206903 0.482762
0.105129 0.299142 0.595729
0.357148 0.392851 0.25
0.428572 0.142857 0.428571
0.000103146 0.653762 0.346134
0.103433 0.586133 0.310434
0.142857 0.428572 0.428571
0.241368 0.482771 0.275861
0.103424 0.000103224 0.896473
0.107144 0.892856 0
0.357151 0.642849 0
0.000102415 0.214273 0.785624
0.629571 0.000100296 0.370329
0.172421 0.241387 0.586192
0.29888 0.0333841 0.667736
0.0672625 0.538106 0.394632
0.857144 0.142856 0
0.24 0.240001 0.519999
0.033332 0.966668 0
0.000103047 0.517188 0.482709
0.250003 0.392856 0.357141
0.392856 0.250002 0.357142
0.586181 0.103459 0.31036
9.96843e-05 0.9999 0
0.344841 0.0689671 0.586192
0.000101982 0.749898 0.25
8.70604e-05 9.6525e-05 0.999816
0.23333 0.76667 0
0.482709 0.000103425 0.517187
0.392858 0.607142 0
0.9999 9.99107e-05 0
0.482764 0.517236 0
0.000103093 0.34612 0.653777
0.714285 0.0357152 0.25
0.730793 0.269207 0
9.99521e-05 0.433288 0.566612
0.0356466 0.712786 0.251568
0.607141 0.392859 0
0.0689633 0.448262 0.482775
0.0343355 0.107295 0.85837
0.53572 0.21428 0.25
0.233317 9.99545e-05 0.766583
0.533336 0.0333314 0.433333
0.204539 0.545461 0.25
0.000103134 0.586138 0.413759
0.733261 9.97704e-05 0.266639
0.0679339 0.388591 0.543475
0.214283 0.142854 0.642863
0.800009 0.199991 0
0.13792 0.0689603 0.793119
0.166669 0.833331 0
0.206768 0.0689225 0.72431
0.53846 0.46154 0
0.37927 0.000101842 0.620628
0.333334 0.333334 0.333332
0.666667 0.333333 0
0.285706 0.464294 0.25
0.214287 0.321433 0.46428
0.464285 0.285714 0.25
0.423075 0.576925 0
0.899995 0.100005 0
0.0689601 0.241445 0.689595
0.174253 0.48793 0.337817
0.0666799 0.93332 0
6.23928e-05 0.0666603 0.933277
0.482763 0.172413 0.344824
0.379309 0.103439 0.517252
0.51724 0.103446 0.379314
0.61364 0.13636 0.25
0.136361 0.613639 0.25
0.275858 0.172409 0.551733
0.103441 0.137928 0.758632
0.137932 0.344827 0.517241
0.000103309 0.27583 0.724066
0.124816 0.167892 0.707292
0.166653 6.75175e-05 0.833279
0.285714 0.285714 0.428572
0.65516 0.0689679 0.275872
0.300012 0.699988 0
0.275887 0.103449 0.620664
