0.413794 0.206896 0.37931
0.360003 0.639997 0
0.866667 0.133333 0
0.482759 0.241379 0.275862
0.241378 0.448278 0.310344
0.310345 0.310345 0.37931
0.172413 0.379311 0.448276
0.300001 0.699999 0
0.0999987 0.166667 0.733334
0.800002 0.199998 0
0.607143 0.392857 0
0.0689643 0.448276 0.482759
0.233333 0.766667 0
0.966667 0.0333329 0
0.733331 0.266669 0
0.310344 0.413794 0.275862
0.0689656 0.655172 0.275862
0.206896 0.137929 0.655175
0.392852 0.250002 0.357146
0.000103411 0.310313 0.689584
0.0689653 0.13793 0.793104
0.103449 0.586206 0.310346
0.586206 0.103449 0.310346
0.392855 0.357145 0.25
0.0357151 0.714285 0.25
0.214274 0.000102454 0.785624
0.653777 0.000103222 0.34612
0.103448 0.517242 0.37931
0.892857 0.107143 0
0.392857 0.607143 0
0.65639 0.0687218 0.274888
0.766671 0.233329 0
0.107293 0.0343349 0.858372
0.487935 0.174261 0.337803
0.642858 0.357142 0
0.00010098 0.629566 0.370333
0.14286 0.42857 0.42857
0.142857 0.857143 0
0.000103408 0.103433 0.896464
9.99784e-05 0.233308 0.766592
0.42857 0.142858 0.428571
0.214284 0.535716 0.25
0.9999 9.99604e-05 0
0.000103404 0.482709 0.517188
0.545454 0.204546 0.25
0.517188 0.000103435 0.482709
0.0333329 0.966667 0
0.333333 0.333333 0.333333
0.0666678 0.933332 0
9.94993e-05 9.76979e-05 0.999803
0.461541 0.538459 0
0.71279 0.035639 0.251571
0.24 0.24 0.52
0.51724 0.48276 0
0.448276 0.0689655 0.482759
9.99734e-05 0.9999 0
0.269231 0.730769 0
0.16806 0.124791 0.70715
0.0689655 0.344828 0.586206
0.34612 0.000103219 0.653777
0.298593 0.10521 0.596197
0.142857 0.214286 0.642856
0.166646 9.9275e-05 0.833254
0.699999 0.300001 0
0.250001 0.392856 0.357143
9.99708e-05 0.73326 0.26664
0.388879 0.0679023 0.543218
0.200002 0.799998 0
0.433335 0.566665 0
0.576924 0.423076 0
0.333334 0.666666 0
0.206896 0.310345 0.482759
0.0666603 9.53582e-05 0.933244
0.749898 0.000102216 0.25
0.0333334 0.533333 0.433334
0.433289 9.99578e-05 0.566611
0.285713 0.464287 0.25
0.538116 0.0672658 0.394618
0.241413 0.0689624 0.689624
0.24138 0.172414 0.586206
0.933334 0.0666663 0
0.285714 0.285714 0.428571
0.0344781 0.413795 0.551727
0.172414 0.482759 0.344827
0.172411 0.275862 0.551727
0.136364 0.613636 0.25
0.61364 0.13636 0.25
0.464286 0.285714 0.25
0.32143 0.214285 0.464284
0.0689644 0.24138 0.689656
0.137929 0.103447 0.758624
0.103436 0.379382 0.517182
0.344828 0.137931 0.517242
0.833333 0.166667 0
9.70801e-05 0.166649 0.833254
0.000103399 0.379271 0.620626
0.275833 0.000103402 0.724064
0.100004 0.899996 0
0.586145 0.000103384 0.413751
0.103445 0.275863 0.620692
