0.137931 0.241379 0.62069
0.799995 0.200005 0
0.200002 0.799998 0
0.10343 0.517253 0.379317
0.275864 0.448274 0.275862
0.206896 0.413793 0.37931
0.310345 0.310345 0.37931
0.133334 0.866666 0
0.866665 0.133335 0
0.275861 0.172414 0.551726
0.6 0.4 0
0.172409 0.275865 0.551726
0.413792 0.034482 0.551726
0.730769 0.269231 0
0.269233 0.730767 0
0.413793 0.275862 0.310345
0.0333302 0.96667 0
0.966668 0.033332 0
0.000103418 0.655105 0.344792
0.100269 0.431806 0.467924
0.633337 0.366663 0
0.103449 0.310338 0.586213
0.206896 0.0689647 0.724139
0.586204 0.103449 0.310347
0.103448 0.586207 0.310345
9.99841e-05 0.16665 0.83325
0.827582 0.172418 0
0.000102252 0.749898 0.25
0.136364 0.613636 0.25
0.107142 0.892858 0
0.000102452 0.214264 0.785634
0.428571 0.321429 0.25
0.0343347 0.107298 0.858367
0.370373 0.629627 0
0.482709 0.00010344 0.517188
0.517241 0.482759 0
0.333333 0.333333 0.333334
0.296297 0.407409 0.296295
0.714286 0.0357144 0.25
0.239999 0.760001 0
0.34483 0.0689652 0.586204
0.0666604 0.93334 0
0.0344837 0.689654 0.275862
0.24 0.24 0.52
0.148147 0.444441 0.407411
0.89286 0.10714 0
0.172413 0.551724 0.275862
9.99679e-05 0.9999 0
9.90571e-05 9.97668e-05 0.999801
0.448274 0.551726 0
0.480001 0.519999 0
0.103434 0.000103433 0.896462
0.9999 9.99674e-05 0
0.428571 0.142857 0.428571
0.12476 0.168268 0.706972
0.321446 0.178564 0.49999
0.233311 9.99939e-05 0.766589
0.172414 0.48276 0.344826
0.000103225 0.34612 0.653777
0.379284 0.241432 0.379284
0.000103419 0.517187 0.48271
0.544502 0.204191 0.251307
0.25 0.5 0.25
0.73326 9.99931e-05 0.26664
0.000101181 0.607081 0.392818
0.000101114 0.392818 0.607081
0.172413 0.827587 0
0.357141 0.392859 0.25
0.033821 0.42513 0.541049
0.214284 0.142856 0.64286
0.310343 0.689657 0
0.137927 0.0689632 0.79311
0.689662 0.310338 0
0.0683256 0.248414 0.68326
0.521742 0.0683197 0.409938
9.87007e-05 0.066659 0.933242
0.615323 0.00010253 0.384575
0.57143 0.42857 0
0.37927 0.00010343 0.620627
0.933335 0.066665 0
0.482762 0.172413 0.344826
0.178571 0.214284 0.607145
0.613639 0.136361 0.25
0.214285 0.321428 0.464287
0.137929 0.344835 0.517236
0.0666694 0.500063 0.433268
0.103446 0.137928 0.758626
0.379312 0.103447 0.517241
0.482759 0.241379 0.275862
0.285714 0.285714 0.428571
0.16665 9.99892e-05 0.83325
0.249995 0.392858 0.357146
0.655173 0.0689649 0.275862
0.275863 0.103448 0.620689
0.000103419 0.275833 0.724063
0.501192 0.0334094 0.465398
0.76 0.24 0
0.344827 0.206895 0.448278
0.299744 0.0333454 0.66691
0.4 0.6 0
