0.137927 0.482761 0.379311
0.172407 0.275867 0.551727
0.799998 0.200002 0
0.482765 0.13793 0.379305
0.866661 0.133339 0
0.133337 0.866663 0
0.344827 0.172414 0.482759
0.448278 0.103444 0.448278
0.519998 0.480002 0
0.41375 0.000103437 0.586146
0.172414 0.517239 0.310346
0.166658 9.97062e-05 0.833242
0.399999 0.600001 0
0.0689637 0.344821 0.586216
0.730767 0.269233 0
0.000103093 0.586143 0.413754
0.033334 0.966666 0
0.966668 0.0333323 0
0.655105 0.000103437 0.344792
0.357145 0.392854 0.250001
9.98413e-05 9.64764e-05 0.999804
0.551724 0.448276 0
0.000103384 0.137916 0.86198
0.103448 0.551724 0.344828
0.185186 0.407406 0.407409
0.137928 0.413793 0.448278
0.379365 0.0689593 0.551675
0.000100991 0.639942 0.359957
0.275895 0.137925 0.58618
0.299461 0.18716 0.513379
0.107293 0.034335 0.858372
0.000103432 0.379271 0.620626
0.21428 0.000102464 0.785617
0.629629 0.370371 0
0.370369 0.629631 0
0.108636 0.311974 0.57939
0.000103351 0.517188 0.482709
0.586003 0.103499 0.310498
0.310345 0.689655 0
0.517188 0.000103426 0.482709
0.214284 0.535715 0.250001
0.142855 0.607144 0.250001
0.233332 0.766668 0
9.99526e-05 0.9999 0
0.444444 0.148148 0.407408
0.482763 0.517237 0
0.333333 0.333333 0.333334
0.253917 0.274532 0.471551
0.137917 0.344891 0.517192
0.749897 0.000102242 0.250001
0.269231 0.730769 0
0.5 0.25 0.250001
0.9999 9.99838e-05 0
0.175227 0.123867 0.700906
0.0333338 0.0666677 0.899999
0.760002 0.239998 0
0.689655 0.0344832 0.275862
0.000103383 0.241354 0.758542
0.0344818 0.275866 0.689652
0.0356391 0.712788 0.251573
0.241379 0.482759 0.275862
0.346124 0.000103213 0.653773
0.142857 0.214287 0.642856
0.892858 0.107142 0
0.607077 0.000101172 0.392822
0.689656 0.310344 0
0.206895 0.172414 0.620691
0.000102231 0.749897 0.250001
0.172422 0.827578 0
0.250878 0.068102 0.68102
0.379314 0.275856 0.34483
0.0689652 0.13793 0.793104
0.413793 0.206897 0.37931
0.827583 0.172417 0
0.613636 0.136364 0.250001
0.428566 0.571434 0
0.0666739 9.99634e-05 0.933226
0.206892 0.448278 0.344829
0.933333 0.0666672 0
0.0666675 0.933333 0
0.502387 0.0669884 0.430625
0.0666681 0.433314 0.500018
0.214284 0.25 0.535716
0.464244 0.000100421 0.535655
0.396896 0.134026 0.469079
0.344826 0.24138 0.413794
0.428571 0.285714 0.285715
0.10714 0.89286 0
0.517241 0.172414 0.310345
0.310344 0.0689653 0.620691
0.27586 0.344829 0.37931
0.0669794 0.502396 0.430625
0.13793 0.103448 0.758622
0.206896 0.344826 0.448278
0.0689628 0.620692 0.310345
0.275832 0.000103416 0.724065
0.000103089 0.44823 0.551667
0.6 0.4 0
0.0689642 0.206897 0.724139
0.275862 0.413793 0.310345
