0.137927 0.482761 0.379312
0.4 0.6 0
0.172414 0.275862 0.551725
0.48276 0.137929 0.379312
0.866662 0.133338 0
0.448274 0.103447 0.448279
0.206895 0.344825 0.448279
0.379311 0.27586 0.344828
0.133333 0.866667 0
0.413751 0.000103431 0.586146
0.172414 0.517241 0.310345
0.166649 9.99484e-05 0.833251
0.0689652 0.344826 0.586209
0.730768 0.269232 0
0.000103323 0.586146 0.413751
0.0333313 0.966669 0
0.310344 0.0689652 0.620691
0.655105 0.000103428 0.344792
0.310342 0.689658 0
0.25396 0.274402 0.471638
0.379381 0.0689567 0.551663
0.142856 0.607144 0.25
0.749898 0.000102251 0.25
0.444444 0.148148 0.407407
0.103438 0.172397 0.724165
0.000103338 0.137907 0.861989
0.275862 0.413793 0.310345
0.892857 0.107143 0
0.370373 0.629627 0
0.299465 0.187165 0.51337
0.107296 0.0343386 0.858365
0.8 0.2 0
0.000103424 0.379269 0.620628
0.000103434 0.517188 0.482709
0.346121 0.000103203 0.653776
0.10864 0.311949 0.579411
0.344828 0.172414 0.482759
0.275863 0.137931 0.586206
0.5 0.25 0.25
0.966668 0.0333323 0
0.000101029 0.639935 0.359964
0.517241 0.172414 0.310345
9.99834e-05 0.9999 0
0.586085 0.103479 0.310436
0.689655 0.310345 0
0.333332 0.333334 0.333334
0.0356398 0.712787 0.251573
0.62963 0.37037 0
0.214263 0.000102431 0.785634
0.107139 0.892861 0
0.9999 9.99811e-05 0
0.206893 0.448278 0.344829
0.241379 0.482758 0.275863
0.137926 0.103445 0.758629
0.482758 0.517242 0
0.175232 0.12384 0.700928
0.344828 0.241377 0.413794
0.689665 0.0344817 0.275853
0.76 0.24 0
0.233333 0.766667 0
0.000103401 0.241356 0.758541
0.214287 0.249999 0.535715
0.103449 0.551719 0.344832
0.142856 0.214284 0.64286
0.827585 0.172415 0
0.00010218 0.749898 0.25
0.27586 0.344833 0.379307
0.06668 0.43322 0.5001
0.172413 0.827587 0
0.250889 0.0681007 0.681011
0.0689649 0.13793 0.793105
0.551724 0.448276 0
0.41343 0.207593 0.378977
0.519998 0.480002 0
0.613636 0.136364 0.25
0.428569 0.571431 0
0.0666591 9.21069e-05 0.933249
9.92875e-05 9.86074e-05 0.999802
0.933333 0.0666674 0
0.0666675 0.933333 0
0.517188 0.00010342 0.482709
0.502391 0.0669873 0.430621
0.0344817 0.27586 0.689658
0.464239 0.000100435 0.535661
0.60708 0.000101157 0.392819
0.0669856 0.502393 0.430621
0.185185 0.407403 0.407412
0.214285 0.535715 0.25
0.428573 0.285716 0.285711
0.27583 0.000103418 0.724066
0.13792 0.344879 0.5172
0.0333354 0.0666709 0.899994
0.0689662 0.620689 0.310345
0.396888 0.134067 0.469045
0.000103425 0.44823 0.551667
0.269233 0.730767 0
0.206895 0.172414 0.620691
0.357144 0.392856 0.25
0.599999 0.400001 0
0.13793 0.413791 0.448279
