0.137923 0.482764 0.379313
0.4 0.6 0
0.172414 0.275861 0.551725
0.799999 0.200001 0
0.482765 0.137922 0.379313
0.866664 0.133336 0
0.133337 0.866663 0
0.344827 0.172414 0.482759
0.206895 0.344829 0.448276
0.379311 0.27586 0.344828
0.166649 9.58637e-05 0.833256
0.730769 0.269231 0
0.0333317 0.966668 0
0.966667 0.033333 0
0.25403 0.274202 0.471768
0.214268 0.000102458 0.785629
0.000103403 0.37927 0.620626
0.250904 0.0681008 0.680995
0.000103387 0.44823 0.551667
0.444482 0.148138 0.40738
0.0666608 9.99514e-05 0.933239
0.749898 0.000102224 0.25
0.000103409 0.586147 0.41375
0.000101038 0.639935 0.359964
0.0689634 0.344824 0.586212
0.103446 0.172412 0.724142
0.370368 0.629632 0
0.48276 0.51724 0
0.107294 0.0343353 0.85837
0.142857 0.607143 0.25
0.629627 0.370373 0
0.10864 0.311951 0.579409
0.137931 0.413793 0.448276
0.892857 0.107143 0
0.137927 0.344844 0.517228
9.9972e-05 0.9999 0
9.71539e-05 9.71582e-05 0.999806
0.357145 0.392855 0.25
0.000103436 0.517188 0.482709
0.517188 0.000103432 0.482709
0.333333 0.333333 0.333334
0.76 0.24 0
0.9999 9.99811e-05 0
0.379323 0.0689641 0.551712
0.0666662 0.933334 0
0.185183 0.407399 0.407419
0.175248 0.123761 0.70099
0.519996 0.480004 0
0.103458 0.551682 0.34486
0.241378 0.48277 0.275852
0.586205 0.103449 0.310346
0.299464 0.187168 0.513367
0.0333297 0.0666613 0.900009
0.23333 0.76667 0
0.0356355 0.712791 0.251574
0.689669 0.034481 0.27585
0.551724 0.448276 0
0.000103416 0.24135 0.758546
0.396891 0.134058 0.469051
0.00010343 0.137916 0.861981
0.206895 0.448277 0.344828
0.413751 0.000103438 0.586146
0.142855 0.214283 0.642862
0.31034 0.68966 0
0.310345 0.0689656 0.62069
0.607081 0.00010115 0.392817
0.0669859 0.502394 0.43062
0.827585 0.172415 0
0.655105 0.000103411 0.344792
0.689655 0.310345 0
0.00010223 0.749898 0.25
0.346117 0.000103219 0.65378
0.269231 0.730769 0
0.172413 0.827587 0
0.0689631 0.13793 0.793107
0.275833 0.000103427 0.724063
0.413767 0.206946 0.379286
0.613636 0.136364 0.25
0.428568 0.571432 0
0.933336 0.0666644 0
0.0344817 0.275867 0.689651
0.214284 0.25 0.535715
0.464239 0.000100435 0.53566
0.172413 0.517241 0.310346
0.275867 0.13793 0.586203
0.214284 0.535716 0.25
0.428572 0.285714 0.285714
0.344828 0.241378 0.413794
0.107142 0.892858 0
0.517241 0.172414 0.310346
0.275861 0.344829 0.379309
0.502384 0.0669873 0.430629
0.0667704 0.432461 0.500769
0.13793 0.103448 0.758621
0.448276 0.103448 0.448276
0.0689643 0.62069 0.310346
0.600001 0.399999 0
0.5 0.25 0.25
0.206896 0.172414 0.62069
0.275862 0.413793 0.310346
