0.13793 0.482759 0.379311
0.172414 0.275859 0.551727
0.133335 0.866665 0
0.866664 0.133336 0
0.344828 0.172414 0.482759
0.448271 0.10345 0.448279
0.206895 0.344828 0.448276
0.37931 0.275862 0.344828
0.520001 0.479999 0
0.172413 0.517242 0.310345
0.166651 9.06686e-05 0.833258
0.4 0.6 0
0.0689618 0.344818 0.58622
0.73077 0.26923 0
0.8 0.2 0
0.000103208 0.586145 0.413752
0.966664 0.0333356 0
0.0333335 0.966666 0
0.310347 0.0689601 0.620693
0.655105 0.000103406 0.344792
0.551724 0.448276 0
0.44444 0.148145 0.407415
0.482761 0.137926 0.379313
0.253971 0.27437 0.471659
0.413745 0.000103265 0.586151
0.241378 0.482757 0.275864
0.379349 0.0689612 0.55169
0.000102958 0.137913 0.861984
0.0344683 0.275864 0.689667
0.137934 0.344838 0.517228
0.749898 0.000102218 0.25
0.000103412 0.379256 0.620641
0.370374 0.629626 0
0.107144 0.892856 0
0.185183 0.407402 0.407415
0.000103411 0.448247 0.55165
0.000101035 0.639936 0.359963
0.62963 0.37037 0
0.586194 0.103461 0.310345
0.108705 0.311535 0.57976
0.000103433 0.517187 0.48271
0.9999 9.99855e-05 0
0.396906 0.134021 0.469073
0.000103421 0.241354 0.758542
0.275866 0.344828 0.379306
0.299458 0.187188 0.513355
0.333333 0.333332 0.333335
0.0689645 0.206895 0.724141
0.214285 0.249997 0.535717
0.107299 0.0343358 0.858365
0.428571 0.571429 0
0.517187 0.000103431 0.48271
9.99749e-05 0.9999 0
0.482759 0.517241 0
0.760001 0.239999 0
0.357144 0.392856 0.25
0.26923 0.73077 0
0.5 0.25 0.25
0.175222 0.123888 0.70089
0.233329 0.766671 0
9.72446e-05 6.01936e-05 0.999843
0.214271 0.000102472 0.785627
0.689659 0.0344847 0.275856
0.035636 0.712789 0.251575
0.89286 0.10714 0
0.103455 0.551718 0.344828
0.142857 0.214285 0.642859
0.310344 0.689656 0
0.275829 0.000103342 0.724068
0.607081 0.000101168 0.392818
0.206896 0.448276 0.344828
0.827578 0.172422 0
0.68966 0.31034 0
0.000102243 0.749898 0.25
0.0667796 0.432373 0.500847
0.172423 0.827577 0
0.250893 0.0681001 0.681007
0.428573 0.285715 0.285713
0.0689634 0.137927 0.79311
0.41375 0.206979 0.379271
0.613618 0.136382 0.25
0.0666603 7.60756e-05 0.933264
0.0666634 0.933337 0
0.0333277 0.0666556 0.900017
0.933336 0.066664 0
0.46424 0.000100435 0.535659
0.344829 0.24138 0.413791
0.0669841 0.502393 0.430623
0.6 0.4 0
0.275874 0.137929 0.586197
0.275862 0.413793 0.310345
0.214284 0.535716 0.25
0.517239 0.172415 0.310346
0.50239 0.0669869 0.430623
0.346114 0.00010319 0.653783
0.13792 0.103445 0.758635
0.0689628 0.620692 0.310346
0.142852 0.607148 0.25
0.206892 0.172414 0.620694
0.13793 0.413793 0.448276
