7.43759e-05 0.333304 0.666622
0.310342 0.241378 0.448281
0.103448 0.275856 0.620696
0.2 0.8 0
0.310341 0.310341 0.379318
0.379313 0.310342 0.310345
0.13793 0.482765 0.379305
0.133335 0.866665 0
0.866666 0.133334 0
0.482768 0.137913 0.379318
0.607142 0.392858 0
0.480007 0.519993 0
0.413744 0.000103227 0.586152
0.16665 9.99446e-05 0.83325
0.0689617 0.344821 0.586217
0.269231 0.730769 0
0.586144 0.000103427 0.413752
0.0333303 0.96667 0
0.966667 0.0333325 0
0.137931 0.413791 0.448278
0.379311 0.0689657 0.551723
0.275833 0.000103386 0.724063
0.206899 0.448276 0.344825
0.000102728 0.241355 0.758542
0.214295 0.321441 0.464264
0.444445 0.148149 0.407406
0.0344821 0.137929 0.827589
0.000102261 0.749898 0.25
0.639933 0.000101007 0.359966
0.148149 0.444445 0.407406
0.51724 0.172414 0.310346
0.107146 0.892854 0
0.892859 0.107141 0
0.299443 0.187228 0.513328
0.370379 0.629621 0
0.310341 0.068963 0.620696
0.000103438 0.517188 0.482709
0.586201 0.137938 0.275861
0.517188 0.000103435 0.482709
0.214267 0.000102471 0.785631
9.99828e-05 0.9999 0
0.62069 0.0689647 0.310345
0.9999 9.99653e-05 0
0.333333 0.333333 0.333333
9.89043e-05 9.72077e-05 0.999804
0.5 0.25 0.25
0.206894 0.17241 0.620696
0.175211 0.123943 0.700845
0.234045 0.401221 0.364734
0.107295 0.0343365 0.858369
0.239997 0.760003 0
0.000103362 0.379285 0.620612
0.108694 0.311953 0.579353
0.647732 0.102268 0.25
0.766667 0.233333 0
0.346118 0.000103227 0.653779
0.464236 0.000100405 0.535663
0.0344827 0.689656 0.275861
0.517236 0.482764 0
0.25 0.5 0.25
0.448277 0.551723 0
0.71279 0.0356376 0.251573
0.000101152 0.607081 0.392818
0.431842 0.100266 0.467892
0.749898 0.000102254 0.25
0.172414 0.827586 0
0.0344836 0.275872 0.689644
0.310344 0.689656 0
0.0666592 5.26744e-05 0.933288
0.827588 0.172412 0
0.172414 0.51724 0.310346
0.576924 0.423076 0
0.275858 0.448283 0.275858
0.642857 0.357143 0
0.250818 0.068107 0.681075
9.98739e-05 0.100005 0.899895
0.933332 0.0666681 0
0.379301 0.241381 0.379318
0.699996 0.300004 0
0.000103406 0.44823 0.551667
0.357142 0.392858 0.25
0.0683225 0.409955 0.521723
0.543688 0.0679659 0.388346
0.136364 0.613636 0.25
0.0666697 0.93333 0
0.206898 0.24138 0.551722
0.000103414 0.655105 0.344792
0.137929 0.103443 0.758628
0.142858 0.214286 0.642856
0.275889 0.137928 0.586182
0.428574 0.285712 0.285714
0.344833 0.172416 0.482751
0.0669803 0.502396 0.430624
0.0689586 0.206875 0.724167
0.285713 0.285713 0.428574
0.137921 0.344877 0.517202
0.400001 0.599999 0
0.10345 0.586205 0.310346
0.733332 0.266668 0
0.448277 0.206898 0.344825
