0.800001 0.199999 0
7.54937e-05 0.333306 0.666618
0.37931 0.310345 0.310345
0.137929 0.48276 0.379311
0.169583 0.288305 0.542112
0.103439 0.448274 0.448287
0.48277 0.137919 0.379311
0.607143 0.392857 0
0.480008 0.519992 0
0.133333 0.866667 0
0.413746 0.000103012 0.586151
0.166651 9.99566e-05 0.833249
0.620691 0.0689647 0.310344
0.269231 0.730769 0
0.586145 0.000103432 0.413751
0.0333239 0.966676 0
0.14286 0.214289 0.642851
0.428573 0.285713 0.285714
0.214286 0.321428 0.464287
0.357143 0.392857 0.25
0.10346 0.586156 0.310385
9.52982e-05 0.0999877 0.899917
0.214276 0.000102451 0.785622
0.444463 0.148107 0.40743
0.000102209 0.749898 0.25
0.107144 0.892856 0
0.892858 0.107142 0
0.0689631 0.344829 0.586208
0.642857 0.357143 0
0.200001 0.799999 0
0.0666665 0.933333 0
0.000103438 0.517188 0.482709
0.333333 0.333334 0.333333
0.000103412 0.241354 0.758542
0.0669847 0.502394 0.430622
0.34612 0.000103222 0.653776
9.99856e-05 0.9999 0
9.87669e-05 9.71425e-05 0.999804
0.379451 0.0689497 0.5516
0.51724 0.48276 0
0.175233 0.123831 0.700935
0.517188 0.000103435 0.482709
0.37037 0.62963 0
0.234042 0.401215 0.364743
0.108672 0.311968 0.57936
0.24 0.76 0
0.299379 0.187429 0.513192
0.250704 0.0681242 0.681171
0.107301 0.0343361 0.858362
0.249999 0.500001 0.25
0.866653 0.133347 0
0.766669 0.233331 0
0.0344822 0.68966 0.275858
0.310342 0.689658 0
0.148149 0.444444 0.407407
0.71279 0.0356382 0.251572
0.9999 9.99319e-05 0
0.586195 0.137948 0.275858
9.81515e-05 0.379278 0.620624
0.5 0.25 0.25
0.448272 0.551728 0
0.000101179 0.607081 0.392818
0.749898 0.000102242 0.25
0.000103436 0.655105 0.344792
0.172415 0.827585 0
0.827587 0.172413 0
0.206896 0.448276 0.344828
0.275833 0.000103425 0.724064
0.576928 0.423072 0
0.137931 0.103448 0.758621
0.37931 0.241379 0.379311
0.7 0.3 0
0.310344 0.310345 0.37931
0.0683228 0.409939 0.521738
0.966667 0.0333331 0
0.54369 0.0679616 0.388348
0.639936 0.000100078 0.359964
0.0344786 0.275897 0.689624
0.517228 0.172426 0.310346
0.344833 0.172417 0.48275
0.136363 0.613637 0.25
0.206898 0.241382 0.55172
0.0666604 9.99778e-05 0.93324
0.647719 0.102281 0.25
0.464244 0.000100341 0.535656
0.172414 0.517235 0.310351
0.275862 0.137931 0.586207
0.0689652 0.206899 0.724135
0.0344824 0.137929 0.827588
0.285711 0.285712 0.428577
0.431913 0.10025 0.467837
0.275861 0.448278 0.275861
0.137915 0.379275 0.482809
0.933333 0.0666667 0
0.000102893 0.448229 0.551669
0.4 0.6 0
0.448329 0.206845 0.344827
0.206894 0.172413 0.620693
0.733333 0.266667 0
0.310345 0.068963 0.620692
