0.399998 0.600002 0
0.8 0.2 0
0.0666649 0.066665 0.86667
0.133341 0.866659 0
0.866662 0.133338 0
0.448285 0.10345 0.448265
0.206876 0.172392 0.620732
0.379318 0.275857 0.344824
0.519979 0.480021 0
0.730774 0.269226 0
0.068952 0.344798 0.58625
0.000101322 0.586146 0.413753
0.966667 0.0333335 0
0.31034 0.310347 0.379314
0.0333335 0.966666 0
0.357604 0.0337911 0.608605
0.344829 0.172414 0.482757
0.379398 0.0689559 0.551646
0.486598 0.13691 0.376492
0.178572 0.571428 0.25
0.214284 9.53831e-05 0.785621
0.39667 0.134529 0.468802
0.206887 0.344839 0.448274
0.142851 0.428569 0.428579
0.137836 0.103387 0.758777
0.107141 0.892859 0
0.000100966 0.639954 0.359945
0.206914 0.448237 0.344849
0.89286 0.10714 0
0.551724 0.448276 0
0.299454 0.187186 0.513359
9.15351e-05 0.379282 0.620626
0.107279 0.0343595 0.858361
0.175255 0.123728 0.701017
0.108797 0.311029 0.580174
0.600001 0.399999 0
0.000103433 0.517188 0.482709
0.000103032 0.241358 0.758539
0.500001 0.249999 0.25
9.99893e-05 0.9999 0
0.233328 0.766672 0
0.482759 0.517241 0
0.0356376 0.71279 0.251573
0.586057 0.103486 0.310457
9.14424e-05 9.46914e-05 0.999814
0.269077 0.269288 0.461636
5.91844e-05 0.0666217 0.933319
0.629624 0.370376 0
0.241452 0.103438 0.655109
0.333333 0.333333 0.333335
0.9999 9.9974e-05 0
0.275871 0.0344714 0.689658
0.37037 0.62963 0
0.689666 0.0344816 0.275852
0.517188 0.000103438 0.482709
0.760021 0.239979 0
0.749898 0.000102248 0.25
0.346119 0.000103226 0.653778
0.241382 0.482765 0.275852
0.142845 0.214269 0.642886
0.172445 0.31041 0.517145
0.310342 0.689658 0
0.103454 0.551722 0.344824
0.827578 0.172422 0
0.166656 9.45553e-05 0.83325
0.000102248 0.749898 0.25
0.689655 0.310345 0
0.444435 0.148144 0.407421
0.172414 0.827586 0
0.357162 0.392838 0.25
0.0999992 0.200039 0.699962
0.0689456 0.137887 0.793167
0.068316 0.409928 0.521756
0.000103222 0.137871 0.862026
0.413807 0.206936 0.379257
0.613634 0.136366 0.25
0.10344 0.448285 0.448275
0.222156 0.370588 0.407257
0.42857 0.57143 0
0.103437 0.62067 0.275893
0.0666128 6.80921e-05 0.933319
0.0666674 0.933333 0
0.285719 0.46428 0.25
0.933333 0.066667 0
0.0344749 0.275867 0.689658
0.20691 0.241415 0.551675
0.464251 0.000100424 0.535649
0.428564 0.285708 0.285728
0.517223 0.172407 0.31037
0.502401 0.066986 0.430613
0.172411 0.517253 0.310336
0.137845 0.37934 0.482814
0.0666667 0.533297 0.400036
0.276029 0.137903 0.586068
0.344844 0.241375 0.41378
0.000101581 0.448224 0.551675
0.269247 0.730753 0
0.655106 0.00010121 0.344793
0.607073 0.000101114 0.392826
0.275862 0.379313 0.344824
