0.310346 0.37931 0.310344
0.379312 0.310344 0.310344
0.169323 0.288843 0.541834
0.866667 0.133333 0
0.482767 0.137923 0.379309
0.607131 0.392869 0
0.480003 0.519997 0
0.413742 0.000103364 0.586155
0.166651 9.99221e-05 0.833249
0.620698 0.0689574 0.310344
0.0689657 0.344823 0.586211
0.586142 0.000103431 0.413754
0.275865 0.24137 0.482764
0.0333313 0.966669 0
0.73333 0.26667 0
0.310339 0.0689663 0.620695
0.357146 0.392853 0.25
0.133332 0.866668 0
0.108713 0.311953 0.579335
0.344827 0.172414 0.482759
0.275861 0.344829 0.379309
0.444443 0.148148 0.40741
0.892856 0.107144 0
0.148145 0.444442 0.407412
9.98686e-05 0.9999 0
0.000102235 0.749897 0.25
0.642857 0.357143 0
0.749898 0.000102021 0.25
0.107142 0.892858 0
0.103435 0.172397 0.724168
0.379318 0.0689646 0.551717
0.333334 0.333333 0.333333
0.299462 0.187175 0.513363
0.0683201 0.409941 0.521739
0.586208 0.137931 0.275861
0.21427 0.00010247 0.785627
0.034485 0.689654 0.275861
0.9999 9.99477e-05 0
9.81279e-05 9.13048e-05 0.999811
0.107295 0.0343348 0.85837
0.136371 0.613629 0.25
0.517187 0.000103437 0.482709
0.639934 0.000100985 0.359965
0.175257 0.123713 0.701029
0.000103388 0.379251 0.620645
0.766668 0.233332 0
0.517241 0.482759 0
0.239999 0.760001 0
0.370372 0.629628 0
0.5 0.25 0.25
0.103453 0.586189 0.310358
0.712786 0.0356419 0.251572
0.34612 0.000103132 0.653777
0.00010106 0.60707 0.392829
0.000103396 0.517187 0.482709
0.000103339 0.241347 0.75855
0.0666619 3.99262e-05 0.933298
0.269233 0.730767 0
0.25 0.5 0.25
0.448276 0.551724 0
0.0344792 0.275876 0.689645
0.172419 0.827581 0
0.310342 0.689658 0
0.275823 0.000103418 0.724073
0.827585 0.172415 0
0.576923 0.423077 0
0.379312 0.241379 0.379309
0.068966 0.137932 0.793102
0.431865 0.100261 0.467873
0.700001 0.299999 0
0.000103281 0.44823 0.551667
0.543702 0.06796 0.388338
0.214285 0.428569 0.357147
0.142857 0.21429 0.642853
0.933332 0.066668 0
0.10345 0.448283 0.448267
0.647723 0.102277 0.25
0.206891 0.379307 0.413801
0.0666691 0.933331 0
0.206897 0.24138 0.551723
0.464246 0.000100387 0.535654
0.276139 0.13788 0.585981
0.517242 0.172414 0.310344
0.428583 0.28571 0.285706
0.0669844 0.50239 0.430625
0.172414 0.551724 0.275862
0.137931 0.103447 0.758623
0.966667 0.0333328 0
0.0330455 0.0666035 0.900351
0.310344 0.27586 0.413796
0.000103304 0.137917 0.861979
0.275859 0.44828 0.275861
0.137924 0.517254 0.344823
0.13793 0.379306 0.482763
0.4 0.6 0
0.214287 0.32143 0.464283
0.448285 0.206891 0.344823
0.206894 0.172412 0.620694
0.250862 0.068105 0.681033
0.000103433 0.655105 0.344792
