0.360001 0.639999 0
0.482763 0.241375 0.275862
0.24138 0.482759 0.275862
0.206893 0.137928 0.655179
0.310344 0.310344 0.379311
0.172413 0.379311 0.448276
0.800001 0.199999 0
0.0344829 0.413793 0.551724
0.60714 0.39286 0
0.166646 9.56713e-05 0.833258
0.655852 0.0688294 0.275318
0.433335 0.566665 0
0.233333 0.766667 0
0.0333315 0.966668 0
0.966667 0.0333334 0
0.0689655 0.448276 0.482759
0.586203 0.10345 0.310347
0.103448 0.586206 0.310345
0.433289 9.99859e-05 0.566611
0.000103406 0.103435 0.896462
0.392857 0.357143 0.25
0.65378 0.000103216 0.346117
0.448276 0.0689655 0.482759
0.89286 0.10714 0
0.000100936 0.62957 0.370329
0.733332 0.266668 0
0.0689662 0.344824 0.58621
0.285718 0.464282 0.25
0.517238 0.482762 0
0.392857 0.607143 0
9.99544e-05 0.73326 0.26664
0.142857 0.428571 0.428571
0.642856 0.357144 0
0.103444 0.379312 0.517244
0.107294 0.0343349 0.858371
0.142857 0.857143 0
0.428571 0.142857 0.428571
9.98205e-05 9.97993e-05 0.9998
9.99706e-05 0.9999 0
0.0689656 0.206897 0.724138
0.333333 0.333333 0.333334
0.346118 0.000103215 0.653779
0.172414 0.48276 0.344827
0.000103421 0.482709 0.517188
0.38839 0.0679569 0.543653
0.413796 0.206893 0.379312
0.9999 9.99668e-05 0
0.392853 0.249999 0.357149
0.168306 0.124753 0.70694
0.137929 0.103447 0.758623
0.712791 0.035636 0.251573
0.0666678 0.933332 0
0.464288 0.285712 0.25
0.26923 0.73077 0
0.250023 0.392802 0.357175
9.99856e-05 0.233313 0.766587
0.0357151 0.714285 0.25
0.214285 0.535715 0.25
0.517188 0.00010343 0.482709
0.545455 0.204545 0.25
0.2 0.8 0
0.142854 0.214282 0.642864
0.0689654 0.137931 0.793104
0.344828 0.13793 0.517242
0.833333 0.166667 0
0.275833 0.00010342 0.724064
0.206897 0.310345 0.482759
0.0334016 0.298556 0.668042
0.46154 0.53846 0
0.310345 0.413793 0.275862
0.613638 0.136362 0.25
0.699999 0.300001 0
0.0689647 0.655173 0.275862
0.333334 0.666666 0
0.033331 0.533335 0.433334
0.749898 0.000102228 0.25
0.321428 0.214284 0.464288
0.298397 0.10524 0.596362
0.000103375 0.379271 0.620625
0.00010336 0.275834 0.724063
0.172413 0.275863 0.551724
0.538118 0.0672619 0.39462
0.3 0.7 0
0.241556 0.0689492 0.689495
0.487936 0.174263 0.337802
0.933334 0.0666664 0
0.0666586 4.81188e-05 0.933293
0.766667 0.233333 0
0.136365 0.613635 0.25
0.214266 0.000102474 0.785632
0.241377 0.172413 0.58621
0.24 0.24 0.519999
0.285714 0.285714 0.428571
0.866667 0.133333 0
9.24478e-05 0.16665 0.833258
0.103449 0.517235 0.379316
0.576923 0.423077 0
0.100001 0.899999 0
0.586144 0.000103425 0.413752
0.103449 0.275858 0.620693
