0.600002 0.399998 0
0.199997 0.800003 0
0.275863 0.172409 0.551728
0.137926 0.482777 0.379298
0.172414 0.344827 0.482758
0.133335 0.866665 0
0.866666 0.133334 0
0.275861 0.379308 0.344831
0.480004 0.519996 0
0.000103246 0.413751 0.586146
0.517242 0.172412 0.310346
9.9992e-05 0.166664 0.833236
0.344824 0.0689642 0.586212
0.269229 0.730771 0
0.586134 0.000103356 0.413762
0.0333341 0.966666 0
0.966667 0.0333329 0
0.0689655 0.310345 0.62069
0.00010343 0.655105 0.344792
0.137902 0.000103381 0.861995
0.172413 0.206897 0.62069
0.607138 0.142861 0.250001
0.392855 0.357144 0.250001
0.517185 0.000103409 0.482712
0.10345 0.586199 0.310351
0.172414 0.517238 0.310348
0.407408 0.185183 0.407409
0.933333 0.0666672 0
0.000102351 0.214261 0.785637
0.148149 0.444443 0.407409
0.103445 0.448278 0.448278
0.000102247 0.749897 0.250001
0.432682 0.0667428 0.500575
0.892857 0.107143 0
0.62963 0.37037 0
0.000103435 0.517188 0.482709
9.57368e-05 9.14654e-05 0.999813
0.0689657 0.379308 0.551726
0.48276 0.24138 0.275861
0.37037 0.62963 0
0.275866 0.0344817 0.689652
0.333332 0.333332 0.333335
9.99822e-05 0.9999 0
0.448279 0.551721 0
0.827584 0.172416 0
0.187188 0.299461 0.513351
0.24 0.76 0
0.241354 0.000103434 0.758542
0.9999 9.99476e-05 0
0.123778 0.175246 0.700976
0.0343345 0.107303 0.858362
0.000103206 0.346118 0.653779
0.25 0.499999 0.250001
0.274246 0.254025 0.471729
0.689657 0.310343 0
0.766673 0.233327 0
0.712791 0.0356391 0.25157
0.551722 0.103449 0.344829
0.311693 0.10868 0.579627
0.214286 0.142856 0.642859
0.000101151 0.607064 0.392835
0.0666661 0.0333277 0.900006
0.172418 0.827582 0
0.310337 0.689663 0
0.749897 0.00010196 0.250001
0.0681152 0.250743 0.681142
0.137916 0.0689582 0.793125
0.57143 0.42857 0
0.482762 0.137924 0.379314
0.206898 0.413795 0.379307
0.136363 0.613635 0.250001
0.379272 0.000103215 0.620624
0.535714 0.214285 0.250001
0.066666 0.933334 0
0.249995 0.214287 0.535718
0.000100376 0.46424 0.535659
0.241377 0.344827 0.413796
0.517241 0.482759 0
0.502404 0.0669699 0.430626
0.137927 0.275883 0.586191
0.285717 0.428576 0.285708
0.0669848 0.502389 0.430626
0.344829 0.275864 0.379307
0.10344 0.137923 0.758638
0.345261 0.137842 0.516898
0.639932 0.000100938 0.359967
0.44827 0.206899 0.344831
0.620703 0.0689453 0.310352
0.000103389 0.275831 0.724065
9.06282e-05 0.0666582 0.933251
0.134537 0.396666 0.468797
0.344825 0.206897 0.448278
0.448233 0.000101472 0.551665
0.730765 0.269235 0
0.4 0.6 0
0.107144 0.892856 0
0.206895 0.0689641 0.724141
0.413793 0.13793 0.448277
0.0344838 0.689656 0.275861
0.413794 0.27586 0.310346
