0.8 0.2 0
0.2 0.8 0
0.103448 0.517242 0.37931
0.172414 0.275861 0.551725
0.379308 0.206899 0.413793
0.241359 0.448313 0.310327
0.103448 0.172413 0.724139
0.133337 0.866663 0
0.866667 0.133333 0
0.241383 0.137926 0.620691
0.6 0.4 0
0.480001 0.519999 0
0.482776 0.137905 0.379319
0.413793 0.275862 0.310345
0.730771 0.269229 0
0.0333292 0.966671 0
0.966667 0.0333327 0
0.00010343 0.655105 0.344792
0.100278 0.431755 0.467966
0.0333352 0.166677 0.799988
0.733263 9.98932e-05 0.266637
9.99826e-05 0.9999 0
0.379429 0.0344761 0.586094
0.000103384 0.241358 0.758539
0.103452 0.586189 0.310359
0.409089 0.14773 0.443182
0.892858 0.107142 0
0.448275 0.551725 0
0.0666667 0.933333 0
0.206873 0.00010338 0.793024
0.148148 0.444443 0.407409
0.370371 0.629629 0
0.143034 0.0342789 0.822687
0.239999 0.760001 0
0.24 0.24 0.519999
0.103451 0.310328 0.586221
0.000103419 0.137928 0.861969
0.482709 0.000103436 0.517188
0.9999 9.99863e-05 0
0.000102249 0.749897 0.250001
0.689655 0.310345 0
0.260869 0.10559 0.63354
0.544502 0.204192 0.251306
0.615325 0.000102524 0.384573
0.333333 0.333333 0.333333
0.172413 0.551724 0.275862
9.93218e-05 9.7811e-05 0.999803
0.43421 0.315789 0.250001
0.517241 0.482759 0
0.074076 0.185181 0.740743
0.249999 0.499999 0.250001
0.714286 0.0357129 0.250001
0.310345 0.310345 0.37931
0.0999979 9.99898e-05 0.899902
0.269231 0.730769 0
0.275861 0.275861 0.448279
0.76 0.24 0
0.299969 9.99884e-05 0.699931
0.000103194 0.346129 0.653768
0.214286 0.321428 0.464286
0.00010343 0.517188 0.482709
0.00010118 0.607081 0.392818
0.0338128 0.425182 0.541005
0.172415 0.137932 0.689653
0.517241 0.172414 0.310345
0.827585 0.172415 0
0.551721 0.103454 0.344825
0.172414 0.827586 0
0.310344 0.689656 0
0.448281 0.206894 0.344825
0.296038 0.407557 0.296404
0.107143 0.892857 0
0.571431 0.428569 0
0.633334 0.366666 0
0.430618 0.0669859 0.502396
0.136367 0.613632 0.250001
0.137932 0.241381 0.620687
0.613635 0.136364 0.250001
0.933334 0.0666662 0
0.0344864 0.689653 0.275861
0.517246 0.0689609 0.413793
0.172412 0.482763 0.344825
0.357138 0.249974 0.392888
0.344817 0.103448 0.551735
0.0333424 0.0666848 0.899973
0.034481 0.275861 0.689658
0.321642 0.178513 0.499845
0.206897 0.206897 0.586207
0.13793 0.344831 0.517239
0.0666669 0.500006 0.433327
0.655175 0.068963 0.275862
0.482758 0.24138 0.275862
0.357145 0.392854 0.250001
0.103448 0.103448 0.793104
0.206896 0.0689655 0.724139
0.241381 0.379306 0.379313
0.357105 0.000101436 0.642793
0.00010115 0.392816 0.607083
0.4 0.6 0
0.551654 0.000100551 0.448245
