0.241381 0.310344 0.448275
0.482754 0.137931 0.379315
0.866665 0.133335 0
0.133337 0.866663 0
0.137932 0.482756 0.379312
0.39286 0.60714 0
0.448274 0.206898 0.344829
0.519993 0.480007 0
0.000103432 0.413748 0.586148
9.26435e-05 0.166651 0.833257
0.0689642 0.62069 0.310345
0.73077 0.26923 0
0.000103419 0.586144 0.413753
0.413794 0.137931 0.448275
0.966669 0.0333306 0
0.033334 0.966666 0
0.310347 0.379306 0.310347
0.266669 0.733331 0
0.392851 0.357149 0.25
0.0689318 0.379613 0.551455
0.137932 0.586206 0.275862
0.137914 0.000103417 0.861982
0.799999 0.200001 0
0.241378 0.379311 0.379311
0.749898 0.000102253 0.25
0.107142 0.892858 0
0.000101023 0.639936 0.359963
0.379271 0.000103393 0.620626
0.613636 0.136364 0.25
0.321427 0.214286 0.464287
0.172414 0.344828 0.482759
0.892855 0.107145 0
0.000103421 0.517188 0.482709
0.0666644 0.0666644 0.866671
0.187166 0.299466 0.513368
0.310344 0.310344 0.379311
0.311977 0.10864 0.579384
0.9999 9.99841e-05 0
9.58295e-05 8.48267e-05 0.999819
0.517238 0.172415 0.310347
0.333333 0.333333 0.333335
0.214288 0.142856 0.642856
0.357144 0.642856 0
0.285711 0.285711 0.428579
0.500002 0.249998 0.25
0.44823 0.00010329 0.551667
0.586074 0.103482 0.310444
0.25 0.5 0.25
0.0689638 0.310346 0.62069
9.99749e-05 0.9999 0
0.241379 0.206897 0.551724
0.148147 0.444444 0.40741
0.760001 0.239999 0
0.482758 0.517242 0
0.000102029 0.214269 0.785629
0.172415 0.517238 0.310347
0.123785 0.175243 0.700971
0.0343364 0.107291 0.858373
0.100256 0.431879 0.467865
0.629629 0.370371 0
0.517188 0.00010343 0.482709
0.241354 0.000103372 0.758542
0.285711 0.428573 0.285716
0.000103201 0.346118 0.653779
0.68966 0.31034 0
0.34483 0.0689599 0.58621
0.502393 0.0669861 0.430621
0.444443 0.148147 0.40741
0.035637 0.71279 0.251573
0.233332 0.766668 0
0.551723 0.448277 0
0.607084 0.000101179 0.392815
0.000102258 0.749898 0.25
0.827585 0.172415 0
0.102276 0.647724 0.25
0.172416 0.827584 0
0.423077 0.576923 0
0.0681045 0.250856 0.681039
0.137931 0.0689649 0.793104
0.300001 0.699999 0
0.409938 0.0683254 0.521736
0.0679632 0.543686 0.388351
0.40122 0.234033 0.364748
7.5959e-05 0.0666602 0.933264
0.689655 0.034483 0.275862
0.933333 0.0666666 0
0.0666661 0.933334 0
0.275868 0.0344819 0.68965
0.172414 0.103448 0.724138
0.000100429 0.46424 0.535659
0.137929 0.275882 0.586188
0.103448 0.13793 0.758622
0.0666594 7.6696e-05 0.933264
0.000103397 0.275817 0.724079
0.448276 0.275862 0.275862
0.345122 0.137866 0.517012
0.599998 0.400002 0
0.206897 0.448275 0.344829
0.172414 0.206896 0.620691
0.655105 0.000103163 0.344792
