0.413801 0.206883 0.379316
0.36 0.64 0
0.866667 0.133333 0
0.172379 0.379314 0.448307
0.48278 0.24137 0.27585
0.206897 0.137926 0.655177
0.3 0.7 0
0.0999999 0.166661 0.733339
0.800001 0.199999 0
0.607136 0.392864 0
0.16665 9.99313e-05 0.83325
0.310346 0.310346 0.379308
0.655206 0.0689591 0.275835
0.433333 0.566667 0
0.233335 0.766665 0
0.033332 0.966668 0
0.966667 0.0333331 0
0.344825 0.379314 0.275862
0.0689646 0.655173 0.275862
0.392805 0.25002 0.357175
0.586181 0.103455 0.310364
0.749898 0.000102256 0.25
0.000103435 0.310314 0.689582
0.034479 0.41379 0.551731
0.0666667 0.933333 0
0.103455 0.58618 0.310365
0.576922 0.423078 0
0.392857 0.357143 0.25
0.142859 0.857141 0
0.168074 0.124788 0.707138
0.428573 0.142856 0.428571
0.29843 0.105236 0.596334
0.642855 0.357145 0
0.000100995 0.629566 0.370333
0.068966 0.344827 0.586207
0.142857 0.428572 0.428571
0.00010342 0.482709 0.517188
0.214284 0.535716 0.25
9.9965e-05 0.166657 0.833243
0.517188 0.000103406 0.482709
9.99452e-05 0.9999 0
0.333334 0.333334 0.333333
0.000103149 0.103427 0.89647
0.9999 9.99871e-05 0
0.0357144 0.714286 0.25
0.392857 0.607143 0
0.346116 0.000103142 0.653781
9.88728e-05 9.96075e-05 0.999802
0.766668 0.233332 0
0.517241 0.482759 0
0.107284 0.0343355 0.85838
0.487936 0.174261 0.337803
0.269227 0.730773 0
0.0333335 0.533335 0.433331
0.892857 0.107143 0
0.0689523 0.448282 0.482765
0.448276 0.0689655 0.482759
0.250003 0.392851 0.357146
0.712787 0.0356409 0.251572
9.99723e-05 0.233313 0.766587
0.214283 0.000102472 0.785615
0.545457 0.204543 0.25
0.142853 0.214282 0.642865
0.38871 0.0679204 0.54337
0.321433 0.214283 0.464284
9.99607e-05 0.733264 0.266636
0.2 0.8 0
0.0689617 0.137924 0.793115
0.833336 0.166664 0
0.206898 0.310344 0.482758
0.344833 0.137927 0.51724
0.461538 0.538462 0
0.699999 0.300001 0
0.285719 0.464281 0.25
0.24 0.24 0.520001
0.538112 0.0672673 0.394621
0.24138 0.172413 0.586207
0.333333 0.666667 0
0.241457 0.0689584 0.689584
0.933333 0.0666666 0
0.733328 0.266672 0
0.17241 0.27586 0.551731
0.0666603 9.29623e-05 0.933247
0.653782 0.000103196 0.346114
0.172413 0.482759 0.344828
0.586143 0.00010341 0.413753
0.433289 9.9978e-05 0.566611
0.13636 0.61364 0.25
0.613637 0.136363 0.25
0.464287 0.285713 0.25
0.241375 0.448288 0.310336
0.0689653 0.241375 0.689659
0.13793 0.103447 0.758622
0.285714 0.285714 0.428571
0.102934 0.382382 0.514684
0.000103416 0.379268 0.620628
0.275824 0.000103363 0.724073
0.1 0.9 0
0.103446 0.517246 0.379308
0.103448 0.275865 0.620686
