0.000103318 0.275832 0.724065
0.199998 0.800002 0
0.799999 0.200001 0
0.448276 0.275862 0.275862
0.413794 0.206894 0.379311
0.310345 0.310345 0.37931
0.133338 0.866662 0
0.275862 0.172414 0.551724
0.519999 0.480001 0
0.269231 0.730769 0
0.275862 0.413794 0.310345
0.966668 0.0333316 0
0.0333323 0.966668 0
0.655105 0.000103417 0.344792
0.431862 0.100268 0.46787
0.0334181 0.298241 0.668341
0.250063 0.068177 0.68176
0.0001034 0.103437 0.89646
0.310206 0.103469 0.586325
0.24 0.76 0
0.551723 0.448277 0
0.172417 0.827583 0
0.586018 0.103495 0.310486
0.333331 0.333331 0.333338
0.214272 0.000102451 0.785626
0.142858 0.42857 0.428572
0.366667 0.633333 0
0.892858 0.107142 0
0.0683723 0.521397 0.410231
0.000102471 0.615322 0.384575
0.599999 0.400001 0
0.1073 0.0343371 0.858363
0.4 0.6 0
0.629629 0.370371 0
0.933332 0.0666685 0
0.240001 0.240001 0.519998
0.321421 0.428579 0.25
0.0666242 8.90448e-05 0.933287
0.517244 0.103444 0.379312
0.517183 0.000103429 0.482714
9.89584e-05 8.55498e-05 0.999815
0.0344804 0.413795 0.551724
0.00010343 0.482709 0.517188
0.444444 0.148148 0.407408
0.749898 0.000102259 0.25
0.689655 0.310345 0
0.107143 0.892857 0
0.206896 0.344826 0.448278
0.9999 9.98881e-05 0
0.482759 0.517241 0
0.866667 0.133333 0
0.0689644 0.206897 0.724139
0.168312 0.124753 0.706935
0.103448 0.275862 0.62069
0.0689648 0.344829 0.586206
0.285714 0.285714 0.428572
0.689655 0.0344831 0.275862
0.137931 0.103447 0.758622
0.76 0.24 0
9.99863e-05 0.233316 0.766584
0.10345 0.586205 0.310345
0.321428 0.214286 0.464286
0.0357154 0.714285 0.25
0.346118 0.000103223 0.653779
9.99925e-05 0.9999 0
0.500001 0.249999 0.25
0.392818 0.000101121 0.607081
0.204196 0.544498 0.251307
9.98679e-05 0.733262 0.266638
0.482762 0.172413 0.344825
0.425735 0.0337802 0.540485
0.827586 0.172414 0
0.275831 0.000103433 0.724065
0.142854 0.214282 0.642864
0.241377 0.379312 0.379311
0.068964 0.137929 0.793107
0.310342 0.689658 0
0.178574 0.321436 0.499991
0.407425 0.296267 0.296308
0.428574 0.571426 0
0.551724 0.172414 0.275862
0.613636 0.136363 0.25
0.000103396 0.379271 0.620626
0.730763 0.269237 0
0.172415 0.482759 0.344826
0.0666713 0.933329 0
0.172407 0.275864 0.551729
0.214286 0.178569 0.607145
0.136355 0.613645 0.25
0.166654 9.60943e-05 0.83325
0.344894 0.137917 0.517188
0.60708 0.000101163 0.392819
0.502388 0.0669857 0.430626
0.103448 0.379309 0.517243
0.241378 0.48276 0.275862
9.21094e-05 0.16665 0.833258
0.392859 0.357141 0.25
0.392856 0.249999 0.357145
0.0344818 0.655173 0.310345
0.0334095 0.501194 0.465397
