0.379312 0.310345 0.310343
0.133348 0.866652 0
0.866663 0.133337 0
0.137932 0.482758 0.37931
0.392859 0.607141 0
0.52 0.48 0
8.96022e-05 0.413737 0.586173
0.0689613 0.620696 0.310342
0.730763 0.269237 0
0.344828 0.0689604 0.586211
0.241379 0.275855 0.482766
0.0333371 0.966663 0
0.966667 0.0333327 0
0.266667 0.733333 0
0.137941 0.344809 0.51725
0.655105 0.000103358 0.344792
0.0689503 0.310343 0.620707
0.214291 0.142861 0.642849
0.749898 0.00010212 0.25
0.000102459 0.214264 0.785634
0.379262 0.000103431 0.620634
0.148134 0.444416 0.40745
0.241383 0.206893 0.551724
0.107143 0.892857 0
0.000100996 0.639932 0.359967
0.187166 0.299463 0.513371
0.760001 0.239999 0
0.892857 0.107143 0
9.18493e-05 0.166651 0.833257
0.517188 0.000103428 0.482709
0.0356402 0.712789 0.251571
0.9999 9.99278e-05 0
0.689655 0.0344832 0.275862
5.95332e-05 0.0666582 0.933282
0.000103431 0.517188 0.482709
0.517245 0.137925 0.34483
0.321428 0.214285 0.464287
0.0689481 0.379435 0.551617
9.99454e-05 0.9999 0
0.629626 0.370374 0
0.241352 0.000103407 0.758545
0.000103146 0.346132 0.653765
0.233332 0.766668 0
0.333334 0.333333 0.333333
0.206904 0.344811 0.448285
9.66129e-05 9.09401e-05 0.999812
0.428572 0.214283 0.357145
0.311869 0.108953 0.579178
0.482759 0.517241 0
0.249992 0.500008 0.25
0.357144 0.642856 0
9.34531e-05 0.464276 0.53563
0.123714 0.175253 0.701033
0.0343347 0.107304 0.858361
0.172415 0.206897 0.620688
0.392858 0.357142 0.25
0.50242 0.0669893 0.430591
0.444439 0.148146 0.407415
0.500003 0.249997 0.25
0.607079 0.000100782 0.39282
0.000102212 0.749898 0.25
0.827583 0.172417 0
0.586193 0.103451 0.310356
0.689656 0.310344 0
0.137929 0.586209 0.275862
0.172434 0.827566 0
0.423077 0.576923 0
0.0666666 0.0333327 0.900001
0.0681602 0.250741 0.681099
0.137932 0.275887 0.586181
0.241377 0.379313 0.37931
0.137933 0.0689654 0.793102
0.3 0.7 0
0.103449 0.137929 0.758622
0.409987 0.0683261 0.521687
0.448282 0.275857 0.275861
0.0679674 0.54372 0.388313
0.613621 0.136379 0.25
0.0666657 0.933334 0
0.344823 0.275867 0.37931
0.933329 0.0666707 0
0.310342 0.379316 0.310342
0.275864 0.0344762 0.68966
0.137917 0.00010326 0.86198
0.102276 0.647724 0.25
0.799999 0.200001 0
0.172414 0.517243 0.310343
0.285714 0.428576 0.285711
0.000103273 0.586146 0.413751
0.551724 0.172414 0.275862
0.100248 0.431927 0.467825
0.000103393 0.275834 0.724063
0.27586 0.310346 0.413794
0.344828 0.137931 0.517241
0.551725 0.448275 0
0.448257 9.75664e-05 0.551645
0.413787 0.137929 0.448283
0.6 0.4 0
0.2069 0.448262 0.344838
0.206884 0.0689469 0.724169
