0.64 0.36 0
0.133337 0.866663 0
4.87146e-05 0.0333292 0.966622
0.241378 0.48276 0.275862
0.448277 0.103449 0.448274
0.482759 0.241379 0.275862
0.310345 0.310345 0.37931
0.379304 0.206895 0.413801
0.241372 0.310342 0.448286
0.482766 0.137925 0.37931
0.199998 0.800002 0
0.566667 0.433333 0
0.766664 0.233336 0
0.0333338 0.966666 0
0.266667 0.733333 0
0.655192 0.0689424 0.275866
0.0333285 0.166665 0.800006
0.103449 0.586205 0.310346
0.899985 0.100015 0
0.100002 9.99703e-05 0.899898
0.482759 0.517241 0
0.933331 0.0666693 0
0.260879 0.105592 0.633529
0.000103377 0.137915 0.861982
0.000103022 0.653777 0.34612
0.00010336 0.241359 0.758537
0.142862 0.428572 0.428567
0.607142 0.392858 0
0.357144 0.642856 0
0.172411 0.137934 0.689655
0.629575 0.000100913 0.370324
0.857137 0.142863 0
0.379308 0.275861 0.34483
0.379512 0.0344715 0.586016
0.107143 0.892857 0
0.9999 9.99949e-05 0
0.166663 0.833337 0
9.96909e-05 0.9999 0
0.699964 0.300036 0
0.275863 0.172408 0.551729
0.333331 0.333331 0.333338
0.0741514 0.185172 0.740677
0.538442 0.461558 0
0.240001 0.240001 0.519998
0.714287 0.0357125 0.250001
0.105063 0.299609 0.595327
0.23333 0.76667 0
0.000103431 0.517187 0.48271
0.586068 0.103479 0.310453
0.143059 0.0342781 0.822663
0.73077 0.26923 0
0.48271 0.0001034 0.517187
0.379311 0.13793 0.482759
0.000103431 0.586146 0.413751
0.0356395 0.712786 0.251575
0.566603 9.77172e-05 0.4333
0.249995 0.392847 0.357158
9.94379e-05 9.99669e-05 0.999801
0.535717 0.214282 0.250001
0.000103158 0.346137 0.65376
0.299967 9.99745e-05 0.699933
0.0344799 0.275865 0.689656
0.204542 0.545457 0.250001
0.8 0.2 0
0.444486 0.25919 0.296325
0.285715 0.464285 0.250001
0.733265 9.96411e-05 0.266636
0.0678676 0.389204 0.542928
0.423069 0.576931 0
0.000102062 0.749897 0.250001
0.966672 0.0333277 0
0.321431 0.214284 0.464285
0.517336 0.0689514 0.413712
0.206897 0.0689659 0.724137
0.300003 0.699997 0
0.666667 0.333333 0
0.172411 0.344823 0.482765
0.0672637 0.538102 0.394634
0.174251 0.487937 0.337813
0.392857 0.607143 0
0.0666681 0.933332 0
0.206884 0.000103315 0.793013
0.0333349 0.06667 0.899995
0.357146 0.392853 0.250001
0.430647 0.0669814 0.502372
0.344835 0.103442 0.551723
0.0688275 0.655833 0.275339
0.285717 0.285717 0.428567
9.84766e-05 0.433259 0.566642
0.613638 0.136361 0.250001
0.136362 0.613637 0.250001
0.464368 0.178445 0.357187
0.103448 0.241394 0.655158
0.103447 0.103447 0.793106
0.428572 0.321427 0.250001
0.357106 0.00010138 0.642792
0.206898 0.206898 0.586204
0.172414 0.275862 0.551724
0.40909 0.147732 0.443178
0.0689621 0.448275 0.482763
