0.4 0.6 0
0.172414 0.275862 0.551724
0.482944 0.137882 0.379174
0.344827 0.172414 0.482759
0.448275 0.103449 0.448276
0.379311 0.275861 0.344828
0.519998 0.480002 0
0.413745 0.000103424 0.586152
0.800001 0.199999 0
0.172413 0.517242 0.310345
0.166647 9.59686e-05 0.833257
0.133333 0.866667 0
0.730769 0.269231 0
0.0001034 0.586146 0.41375
0.0333345 0.966666 0
0.966668 0.0333323 0
0.310345 0.413796 0.275859
0.310345 0.310345 0.37931
0.241379 0.344828 0.413793
0.310343 0.0689644 0.620692
0.551728 0.448272 0
0.379321 0.0689643 0.551715
0.000103411 0.13791 0.861987
0.827584 0.172416 0
0.586117 0.103471 0.310413
0.346114 0.000103224 0.653782
0.250835 0.0681072 0.681058
0.185185 0.407407 0.407408
0.749898 0.000102236 0.25
0.689659 0.310341 0
0.107143 0.892857 0
0.142855 0.214282 0.642863
0.254006 0.274269 0.471725
0.214262 0.000102472 0.785636
0.892857 0.107143 0
0.37037 0.62963 0
0.299464 0.187163 0.513372
0.629628 0.370372 0
0.275862 0.137931 0.586207
0.444506 0.148132 0.407362
0.5 0.25 0.25
0.269233 0.730767 0
0.108654 0.311865 0.579481
0.517188 0.000103435 0.482709
0.502399 0.0669866 0.430615
9.99529e-05 0.9999 0
0.035639 0.712788 0.251573
0.357143 0.392857 0.25
0.000103428 0.517188 0.482709
0.107296 0.0343348 0.858369
0.333334 0.333334 0.333332
0.000101022 0.639934 0.359965
0.9999 9.998e-05 0
0.48276 0.51724 0
0.24138 0.48276 0.27586
0.76 0.24 0
8.4753e-05 9.5513e-05 0.99982
0.175254 0.123733 0.701013
0.233332 0.766668 0
0.689657 0.0344827 0.27586
0.00010342 0.241355 0.758542
0.137931 0.103448 0.758621
0.0689642 0.344828 0.586208
0.103449 0.551721 0.34483
0.310344 0.689656 0
0.607082 0.000101163 0.392817
0.137932 0.344831 0.517237
0.000102249 0.749898 0.25
0.0666667 0.433333 0.5
0.0689656 0.137931 0.793103
0.413726 0.207026 0.379249
0.613637 0.136362 0.25
0.428569 0.571431 0
0.933334 0.0666659 0
0.066657 6.05492e-05 0.933282
0.0666659 0.933334 0
0.214283 0.249998 0.535719
0.0344828 0.275864 0.689653
0.068965 0.62069 0.310345
0.464239 0.00010041 0.53566
0.066987 0.502398 0.430615
0.172415 0.827585 0
0.599999 0.400001 0
0.214285 0.535715 0.25
0.866665 0.133335 0
0.344828 0.241379 0.413793
0.428571 0.285715 0.285714
0.517241 0.172414 0.310345
0.0333336 0.0666671 0.899999
0.275833 0.000103434 0.724064
0.396878 0.134082 0.46904
0.206895 0.448277 0.344828
0.000103425 0.44823 0.551667
0.142858 0.607142 0.25
0.206894 0.172412 0.620694
0.275862 0.37931 0.344828
0.0689638 0.206892 0.724144
0.0001034 0.379272 0.620625
0.137931 0.413793 0.448276
0.655105 0.000103424 0.344792
