0.2 0.8 0
0.0666656 0.0666656 0.866669
0.379309 0.310345 0.310345
0.137931 0.482757 0.379311
0.133335 0.866665 0
0.866664 0.133336 0
0.482758 0.137931 0.379311
0.607143 0.392857 0
0.48 0.52 0
0.413748 0.00010339 0.586148
0.166656 9.99874e-05 0.833244
0.620692 0.0689626 0.310346
0.0689583 0.344828 0.586214
0.269231 0.730769 0
0.310345 0.310345 0.379311
0.137926 0.413779 0.448295
0.966668 0.0333316 0
0.0333318 0.966668 0
0.733332 0.266668 0
0.357144 0.392856 0.25
0.142856 0.214285 0.642859
0.379385 0.0689571 0.551658
0.000103402 0.137915 0.861981
0.444443 0.148148 0.407409
0.37931 0.241379 0.379311
0.103443 0.275864 0.620693
0.000102246 0.749898 0.25
0.137876 0.345089 0.517035
0.892859 0.107141 0
0.234043 0.401216 0.364741
0.586207 0.137931 0.275862
0.103452 0.586193 0.310355
0.346118 0.000103217 0.653779
0.642856 0.357144 0
0.42857 0.285712 0.285719
0.214263 0.000102439 0.785635
0.299455 0.187194 0.513351
0.370375 0.629625 0
0.712789 0.0356382 0.251573
0.108636 0.311974 0.57939
0.000103433 0.517188 0.482709
0.333334 0.333334 0.333332
0.517188 0.000103436 0.482709
0.03448 0.275863 0.689657
0.107143 0.892857 0
0.000103411 0.379271 0.620625
0.464239 0.00010043 0.53566
0.0344837 0.689654 0.275862
9.58113e-05 9.60757e-05 0.999808
0.9999 9.99688e-05 0
0.214284 0.321426 0.46429
0.148148 0.444443 0.407409
0.000103433 0.241354 0.758542
0.517242 0.482758 0
0.0689653 0.206896 0.724139
0.24 0.76 0
0.766667 0.233333 0
9.99835e-05 0.9999 0
0.5 0.25 0.25
0.25 0.5 0.25
0.448275 0.551725 0
0.000101151 0.60708 0.392819
0.749898 0.000102256 0.25
0.827586 0.172414 0
0.172416 0.827584 0
0.310345 0.689655 0
0.576924 0.423076 0
0.586147 0.000103431 0.41375
0.250893 0.0681025 0.681005
0.206894 0.448277 0.344829
0.933332 0.066668 0
0.0689672 0.137934 0.793098
0.699994 0.300006 0
0.107302 0.0343351 0.858363
0.0683238 0.409944 0.521732
0.639938 0.00010102 0.359961
0.543692 0.067962 0.388346
0.0669854 0.502393 0.430622
0.136364 0.613636 0.25
0.0666669 9.9968e-05 0.933233
0.0666679 0.933332 0
0.2069 0.241377 0.551723
0.13793 0.103448 0.758622
0.285715 0.285715 0.428569
0.647731 0.102269 0.25
0.275874 0.137929 0.586198
0.4 0.6 0
0.172414 0.517241 0.310346
0.517241 0.172414 0.310345
0.344828 0.172414 0.482758
0.431876 0.100268 0.467857
0.206895 0.172414 0.620691
0.175257 0.12371 0.701032
9.99881e-05 0.0666669 0.933233
0.275827 0.000103417 0.72407
0.275861 0.448278 0.275862
0.00010342 0.448231 0.551666
0.448276 0.206896 0.344828
0.000103431 0.655105 0.344792
0.310345 0.0689645 0.62069
