0.379312 0.103445 0.517243
0.413793 0.0344804 0.551726
0.200002 0.799998 0
0.448276 0.103445 0.448279
0.482758 0.241381 0.275861
0.379314 0.206896 0.41379
0.000100829 0.428534 0.571365
0.133333 0.866667 0
0.399999 0.600001 0
0.24138 0.137931 0.62069
0.137931 0.241379 0.62069
0.482761 0.137928 0.379311
0.0689585 0.55173 0.379311
0.137931 0.379309 0.48276
0.26923 0.73077 0
0.566668 0.433332 0
0.033334 0.966666 0
0.275862 0.413794 0.310344
0.140617 0.507844 0.351539
9.99682e-05 0.73326 0.26664
0.10293 0.610004 0.287066
0.586191 0.103452 0.310357
0.260891 0.105587 0.633522
0.37931 0.310345 0.310345
0.357142 0.392858 0.25
0.000102659 0.178552 0.821345
0.107137 0.892863 0
0.37927 0.000103399 0.620626
0.607143 0.392857 0
0.482761 0.517239 0
0.000102531 0.615324 0.384574
0.629567 0.00010099 0.370332
0.409091 0.147727 0.443183
0.857143 0.142857 0
0.444551 0.25908 0.296369
0.000101982 0.319963 0.679935
0.366664 0.633336 0
0.699998 0.300002 0
0.000103435 0.482709 0.517188
9.66087e-05 9.97646e-05 0.999804
0.0357153 0.714285 0.25
0.125001 0.125001 0.749998
0.147729 0.409088 0.443183
0.27234 0.306382 0.421277
0.482709 0.000103435 0.517188
0.0999867 9.70318e-05 0.899916
0.9999 9.99881e-05 0
0.966667 0.0333331 0
9.99884e-05 0.9999 0
0.204189 0.544502 0.251309
0.714285 0.0357151 0.25
0.933333 0.0666671 0
0.73077 0.26923 0
0.24 0.76 0
0.24 0.24 0.52
0.333335 0.333335 0.333331
0.310314 0.000103426 0.689582
0.105588 0.260877 0.633535
0.321428 0.17857 0.500001
0.535718 0.214282 0.25
0.349317 0.0684924 0.582191
0.0340917 0.386351 0.579558
0.655183 0.0689558 0.275861
9.77274e-05 0.099986 0.899916
0.172414 0.827586 0
0.8 0.2 0
0.766666 0.233334 0
0.310343 0.689657 0
0.178552 0.000102628 0.821345
0.0333322 0.533334 0.433334
0.247471 0.286675 0.465854
0.538461 0.461539 0
0.733263 9.99734e-05 0.266637
0.666665 0.333335 0
0.250001 0.464286 0.285714
0.428571 0.571429 0
0.430621 0.066985 0.502394
0.172413 0.310349 0.517238
0.0666679 0.933332 0
0.206897 0.0689662 0.724137
0.0689646 0.206899 0.724137
0.0333333 0.0333333 0.933333
0.206896 0.206896 0.586208
0.464361 0.178438 0.357201
0.613637 0.136363 0.25
0.517254 0.0689634 0.413783
0.214284 0.392856 0.39286
0.428574 0.321426 0.25
0.0689675 0.0689675 0.862065
0.357141 0.249999 0.39286
0.172411 0.172411 0.655179
0.103448 0.344826 0.551726
0.56661 9.98925e-05 0.43329
0.103444 0.103444 0.793112
9.99684e-05 0.233318 0.766582
0.233318 9.9983e-05 0.766582
0.0344824 0.655173 0.310345
0.066671 0.466641 0.466688
0.9 0.1 0
0.170453 0.579547 0.25
