0.310335 0.241392 0.448273
0.10344 0.275927 0.620633
0.199998 0.800002 0
0.379314 0.310356 0.31033
0.13793 0.482758 0.379312
0.866655 0.133345 0
0.133352 0.866648 0
0.482758 0.137931 0.379312
0.607142 0.392858 0
0.206893 0.448276 0.34483
0.48 0.52 0
0.413747 0.000103284 0.58615
0.166674 7.65403e-05 0.83325
0.0689606 0.344825 0.586215
0.26923 0.73077 0
0.586146 0.000103216 0.413751
0.137927 0.4138 0.448273
0.966674 0.0333262 0
0.033332 0.966668 0
0.733329 0.266671 0
0.214284 0.321414 0.464302
0.0333112 0.0666332 0.900056
0.310344 0.310344 0.379311
0.379313 0.0689595 0.551727
0.103463 0.586183 0.310354
0.647727 0.102273 0.25
0.214273 0.000102039 0.785625
0.642853 0.357147 0
0.333334 0.333334 0.333333
0.299467 0.187168 0.513365
9.29498e-05 0.379274 0.620633
0.000102193 0.749898 0.25
0.000100953 0.607076 0.392823
0.370373 0.629627 0
0.275828 0.000103308 0.724069
0.108687 0.311961 0.579353
0.107141 0.892859 0
0.000103023 0.517187 0.48271
0.517187 0.000103389 0.48271
0.310349 0.0689629 0.620688
0.639945 0.00010037 0.359954
0.136365 0.613635 0.25
0.9999 9.99077e-05 0
0.892855 0.107145 0
0.444438 0.148155 0.407408
0.175105 0.124473 0.700423
0.000103226 0.137915 0.861981
0.448269 0.551731 0
0.250001 0.499995 0.250005
0.827588 0.172412 0
9.96916e-05 0.9999 0
0.0669769 0.50239 0.430633
0.357148 0.392852 0.25
0.517234 0.482766 0
0.766671 0.233329 0
0.712783 0.0356405 0.251576
4.65797e-05 9.66786e-05 0.999857
0.620681 0.0689662 0.310353
0.0344814 0.689667 0.275852
0.346117 0.000103228 0.65378
0.239999 0.760001 0
0.499999 0.250001 0.25
0.749898 0.000102172 0.25
0.172419 0.827581 0
0.206894 0.241379 0.551727
0.107307 0.0343385 0.858354
0.576927 0.423073 0
0.37931 0.241379 0.379311
0.0689627 0.137927 0.793111
0.699984 0.300016 0
0.0683222 0.409949 0.521729
0.0666634 9.86158e-05 0.933238
0.148153 0.444444 0.407404
0.543691 0.0679667 0.388342
0.234055 0.401201 0.364744
0.93333 0.0666697 0
0.0666648 0.933335 0
0.0344718 0.27586 0.689668
0.464248 0.00010041 0.535651
0.172416 0.517231 0.310353
0.275876 0.137938 0.586187
0.428571 0.285717 0.285712
0.344822 0.172412 0.482765
0.13793 0.103447 0.758623
0.250657 0.0681352 0.681208
0.000103219 0.655104 0.344793
0.285715 0.285715 0.42857
0.000103368 0.241342 0.758555
0.432006 0.100235 0.467759
0.142846 0.214283 0.642871
0.137883 0.345412 0.516705
0.275866 0.448283 0.275852
0.000102894 0.448228 0.551669
0.310344 0.689656 0
0.399998 0.600002 0
0.517227 0.172419 0.310354
0.448276 0.206892 0.344832
0.586217 0.137931 0.275852
0.206893 0.172419 0.620688
0.103439 0.172398 0.724163
