0.103448 0.275862 0.62069
0.199999 0.800001 0
0.310345 0.310345 0.37931
0.379312 0.310344 0.310344
0.137931 0.48276 0.37931
7.4639e-05 0.199984 0.799941
0.133338 0.866662 0
0.866666 0.133334 0
0.482759 0.137931 0.37931
0.206893 0.448278 0.344829
0.48 0.52 0
0.413742 0.000103434 0.586154
0.166652 9.99597e-05 0.833248
0.620691 0.0689639 0.310345
0.269231 0.730769 0
0.586145 0.000103419 0.413752
0.0333324 0.966668 0
0.137931 0.413793 0.448277
0.357143 0.392857 0.25
0.379364 0.0689646 0.551672
0.310344 0.241379 0.448277
0.107143 0.892857 0
0.034483 0.137932 0.827585
0.103455 0.58618 0.310365
0.499999 0.250001 0.25
0.214268 0.0001024 0.785629
0.310344 0.0689646 0.620691
0.000103431 0.379272 0.620625
0.444446 0.148147 0.407407
0.172414 0.827586 0
0.000102253 0.749898 0.25
0.766667 0.233333 0
0.892857 0.107143 0
0.933337 0.0666626 0
0.299465 0.187166 0.513369
0.647728 0.102272 0.25
0.107299 0.0343364 0.858365
0.214285 0.321427 0.464288
0.517238 0.172415 0.310347
0.607143 0.392857 0
0.172414 0.517241 0.310345
0.108646 0.311975 0.579379
0.142857 0.214286 0.642857
0.379311 0.24138 0.37931
0.0689652 0.344828 0.586207
0.000103426 0.517188 0.482709
0.17526 0.123697 0.701043
0.517188 0.000103432 0.482709
0.0683224 0.409938 0.52174
0.642857 0.357143 0
9.95576e-05 9.91858e-05 0.999801
0.712789 0.0356392 0.251572
0.285714 0.285714 0.428572
0.148148 0.444444 0.407409
0.9999 9.99873e-05 0
9.99479e-05 0.9999 0
0.333332 0.333332 0.333336
0.517239 0.482761 0
0.24 0.76 0
0.639937 0.000101037 0.359962
0.966667 0.0333333 0
0.000103419 0.241356 0.758541
0.25 0.5 0.25
0.0344807 0.689674 0.275845
0.346117 0.000103218 0.653779
0.448274 0.551726 0
0.000101173 0.607083 0.392816
0.749898 0.000102254 0.25
0.310343 0.689657 0
0.82759 0.17241 0
0.576923 0.423077 0
0.0669849 0.502393 0.430622
0.586204 0.137935 0.275861
0.250832 0.0681069 0.681061
9.99514e-05 0.0999952 0.899905
0.137926 0.103445 0.758628
0.699996 0.300004 0
0.543695 0.0679614 0.388343
0.0666621 0.933338 0
0.370371 0.629629 0
0.0344823 0.275862 0.689656
0.206897 0.241379 0.551724
0.066659 9.95118e-05 0.933241
0.464242 0.000100397 0.535658
0.275862 0.137932 0.586207
0.103446 0.172414 0.72414
0.136366 0.613634 0.25
0.428572 0.285715 0.285712
0.000103435 0.655105 0.344792
0.344827 0.172414 0.482758
0.4 0.6 0
0.431877 0.100258 0.467865
0.275832 0.000103418 0.724064
0.275861 0.448278 0.275861
0.000103252 0.448231 0.551666
0.137909 0.344939 0.517152
0.448275 0.206897 0.344829
0.234042 0.401215 0.364743
0.206897 0.172411 0.620691
0.733328 0.266672 0
