0.200004 0.799996 0
0.13793 0.206895 0.655175
0.102903 0.517717 0.37938
0.8 0.2 0
0.310386 0.310279 0.379335
0.0665338 0.0665251 0.866941
0.137966 0.862034 0
0.86666 0.13334 0
0.392857 0.607143 0
0.519988 0.480012 0
0.241084 0.103294 0.655622
7.38354e-05 0.166967 0.832959
0.0668921 0.663437 0.269671
0.730763 0.269237 0
0.0333347 0.966665 0
0.966668 0.0333317 0
6.59685e-05 0.598812 0.401123
0.266667 0.733333 0
0.357152 0.392848 0.25
0.0681829 0.386381 0.545436
0.10345 0.58623 0.31032
0.586191 0.103452 0.310357
0.379471 8.76475e-05 0.620441
0.299998 0.700002 0
0.10714 0.89286 0
0.321363 0.214241 0.464397
0.473663 0.271273 0.255063
0.000100968 0.639921 0.359978
0.357142 0.642858 0
0.0666664 0.933334 0
0.892857 0.107143 0
0.276228 0.034437 0.689335
0.187411 0.299401 0.513188
0.749898 0.000102167 0.25
0.000102146 0.214272 0.785626
0.138016 4.10607e-05 0.861943
0.0666965 0.499952 0.433351
0.9999 9.9958e-05 0
0.0343498 0.107416 0.858234
8.65202e-05 9.68847e-05 0.999817
0.000103052 0.346123 0.653774
0.214288 0.142858 0.642854
0.502387 0.0669472 0.430666
0.333332 0.333332 0.333336
0.517183 0.000103336 0.482714
0.500001 0.249999 0.25
0.482768 0.517232 0
0.689655 0.0344833 0.275861
0.760001 0.239999 0
0.827585 0.172415 0
0.233333 0.766667 0
0.174191 0.487723 0.338086
0.123837 0.175221 0.700942
0.249999 0.500001 0.25
0.0356388 0.712789 0.251572
0.148129 0.444474 0.407397
0.311136 0.111037 0.577828
9.98785e-05 0.9999 0
0.100329 0.431317 0.468354
0.414345 0.137959 0.447697
0.629614 0.370386 0
0.241572 9.13288e-05 0.758337
0.551735 0.448265 0
0.607081 0.000100986 0.392818
0.103449 0.137927 0.758624
0.000102233 0.749898 0.25
0.68966 0.31034 0
0.27584 0.413803 0.310357
0.172407 0.827593 0
0.423077 0.576923 0
0.344587 0.068923 0.58649
0.0681823 0.250331 0.681487
0.444638 0.148045 0.407317
0.172097 0.0685567 0.759346
0.2412 0.379175 0.379625
0.410579 0.068417 0.521004
0.613634 0.136366 0.25
0.13654 0.613377 0.250083
0.000103307 0.275827 0.724069
0.428562 0.21428 0.357158
0.335622 2.78927e-05 0.66435
1.26146e-06 0.0665372 0.933462
0.482606 0.138041 0.379353
0.241641 0.207238 0.551121
0.10347 0.310358 0.586172
0.000103355 0.517183 0.482714
8.40741e-05 0.433183 0.566733
0.172512 0.344781 0.482707
0.933331 0.0666685 0
0.551734 0.172401 0.275865
0.285763 0.28576 0.428476
0.172447 0.241378 0.586175
0.0664604 3.58434e-05 0.933504
0.344855 0.13789 0.517255
0.44827 0.000103363 0.551626
0.378248 0.240746 0.381006
0.600001 0.399999 0
0.41761 0.304677 0.277712
0.170822 0.552982 0.276196
0.655084 0.000102878 0.344813
