0.00010343 0.379254 0.620643
0.2 0.8 0
0.448273 0.103448 0.448279
0.379311 0.310343 0.310346
0.7 0.3 0
0.379314 0.206893 0.413793
0.133337 0.866663 0
0.13793 0.379315 0.482755
0.482759 0.13793 0.379311
0.399999 0.600001 0
0.241379 0.137931 0.62069
0.269236 0.730764 0
0.566667 0.433333 0
0.099989 9.9889e-05 0.899911
0.766666 0.233334 0
0.966673 0.0333267 0
0.0333333 0.966667 0
0.275861 0.413794 0.310344
0.444447 0.25925 0.296302
0.272331 0.306371 0.421297
0.2609 0.105586 0.633514
0.124999 0.124999 0.750003
0.357146 0.392853 0.250001
0.409091 0.147727 0.443182
0.366666 0.633334 0
0.430619 0.0669871 0.502394
0.0344989 0.06913 0.896371
0.0689621 0.551727 0.379311
0.107145 0.892855 0
0.535717 0.214282 0.250001
0.607143 0.392857 0
0.172414 0.172414 0.655171
0.000102552 0.615323 0.384574
0.178555 0.000102554 0.821343
0.857135 0.142865 0
0.386338 0.0340926 0.579569
0.147727 0.409094 0.443179
0.13793 0.24138 0.62069
0.24 0.24 0.520001
9.9983e-05 0.9999 0
0.333333 0.333333 0.333334
0.933333 0.0666673 0
0.000103433 0.482709 0.517188
0.482709 0.000103403 0.517188
9.90304e-05 9.91333e-05 0.999802
0.101987 0.610649 0.287364
0.9999 9.99656e-05 0
0.482759 0.517241 0
9.99893e-05 0.73326 0.26664
0.799999 0.200001 0
0.0357131 0.714286 0.250001
0.714286 0.0357126 0.250001
0.0689644 0.206898 0.724137
0.586201 0.103452 0.310347
0.000100829 0.42853 0.571369
0.105583 0.260919 0.633498
0.730775 0.269225 0
0.000101984 0.319965 0.679933
0.000102655 0.178555 0.821343
0.639998 0.360002 0
0.204189 0.544504 0.251307
0.629565 0.000100995 0.370334
0.0684927 0.349316 0.582191
0.172414 0.827586 0
0.240001 0.759999 0
0.206897 0.0689656 0.724138
0.310343 0.689657 0
0.428572 0.321427 0.250001
0.517242 0.0689649 0.413793
0.538461 0.461539 0
0.666666 0.333334 0
0.249997 0.464283 0.28572
0.140625 0.507812 0.351563
0.321428 0.178568 0.500004
0.214283 0.392857 0.39286
0.0333303 0.533336 0.433334
0.428571 0.571429 0
0.172412 0.310345 0.517243
0.100938 0.0338976 0.865164
0.310302 0.000103432 0.689594
0.206897 0.206897 0.586206
0.464308 0.178532 0.35716
0.0666667 0.933333 0
0.613638 0.136361 0.250001
9.99821e-05 0.233313 0.766587
0.357143 0.249997 0.39286
0.344874 0.10344 0.551687
0.9 0.1 0
0.103445 0.103445 0.79311
0.482758 0.24138 0.275862
0.566601 9.99373e-05 0.433299
0.100008 0.433289 0.466703
0.233313 9.99835e-05 0.766587
0.0344823 0.655172 0.310346
7.616e-05 0.13247 0.867454
0.73326 9.99774e-05 0.26664
0.247275 0.286751 0.465974
0.170456 0.579543 0.250001
0.357098 0.000101494 0.6428
0.655177 0.0689616 0.275862
