0.399999 0.600001 0
0.172414 0.275862 0.551724
0.8 0.2 0
0.0666654 0.0666653 0.866669
0.310345 0.413793 0.275862
0.133334 0.866666 0
0.866661 0.133339 0
0.344828 0.172414 0.482759
0.448278 0.103447 0.448276
0.37931 0.275862 0.344828
0.52 0.48 0
0.41375 0.00010342 0.586146
0.16665 9.99771e-05 0.83325
0.0689618 0.344829 0.58621
0.730769 0.269231 0
0.000103439 0.586146 0.41375
0.033332 0.966668 0
0.966667 0.0333326 0
0.310345 0.310345 0.37931
0.241379 0.344828 0.413793
0.310345 0.0689651 0.62069
0.000103433 0.137917 0.86198
0.586206 0.103449 0.310345
0.185183 0.407409 0.407409
0.9999 9.99747e-05 0
0.444443 0.148148 0.407408
0.108639 0.31196 0.579401
0.379348 0.0689613 0.551691
0.107143 0.892857 0
0.000101039 0.639935 0.359964
0.142855 0.214283 0.642862
0.21427 0.000102471 0.785628
0.892858 0.107142 0
0.428573 0.285715 0.285713
0.629629 0.370371 0
0.299464 0.187164 0.513372
0.000103436 0.517188 0.482709
0.357142 0.392858 0.25
0.517188 0.000103436 0.482709
0.107297 0.0343358 0.858367
9.07785e-05 9.90172e-05 0.99981
0.233334 0.766666 0
0.396895 0.134048 0.469057
0.48276 0.51724 0
0.253791 0.274882 0.471327
0.142859 0.607141 0.25
0.241379 0.482759 0.275862
0.0669829 0.502395 0.430622
0.760001 0.239999 0
0.689656 0.0344823 0.275862
0.0356393 0.712788 0.251572
0.483595 0.137709 0.378696
0.000103426 0.379271 0.620625
9.99852e-05 0.9999 0
0.000103375 0.44823 0.551667
0.000103441 0.241354 0.758542
0.13792 0.344879 0.517201
0.333333 0.333333 0.333334
0.175254 0.12373 0.701016
0.689658 0.310342 0
0.370371 0.629629 0
0.346117 0.000103215 0.65378
0.103448 0.551723 0.344828
0.310345 0.689655 0
0.0666555 9.05246e-05 0.933254
8.89182e-05 0.0666571 0.933254
0.827584 0.172416 0
0.269231 0.730769 0
0.000102256 0.749898 0.25
0.0669025 0.431332 0.501766
0.275863 0.379307 0.344829
0.172415 0.827585 0
0.250878 0.068102 0.68102
0.0689659 0.137932 0.793102
0.413792 0.206898 0.37931
0.749898 0.000102229 0.25
0.613636 0.136364 0.25
0.428571 0.571429 0
0.0666666 0.933333 0
0.933333 0.0666672 0
0.502389 0.0669895 0.430622
0.214286 0.25 0.535714
0.034482 0.275861 0.689657
0.275862 0.137931 0.586207
0.464239 0.000100384 0.53566
0.214285 0.535715 0.25
0.344828 0.241379 0.413793
0.51724 0.172414 0.310345
0.137931 0.103448 0.758621
0.0689655 0.62069 0.310345
0.607077 0.000101147 0.392822
0.655105 0.000103431 0.344792
0.551725 0.448275 0
0.275833 0.00010343 0.724064
0.178517 0.464316 0.357167
0.137931 0.413793 0.448276
0.5 0.25 0.25
0.600001 0.399999 0
0.206895 0.172415 0.620691
0.103444 0.172402 0.724154
