0.2 0.8 0
0.8 0.2 0
0.103444 0.44828 0.448276
0.517242 0.103448 0.37931
0.275862 0.172414 0.551724
0.310345 0.310345 0.37931
0.448275 0.241381 0.310344
0.172412 0.103448 0.72414
0.133336 0.866664 0
0.866666 0.133334 0
0.137928 0.24138 0.620692
0.4 0.6 0
0.519993 0.480007 0
0.966667 0.0333328 0
0.0333333 0.966667 0
0.655105 0.000103434 0.344792
0.431454 0.100331 0.468215
0.166679 0.0333357 0.799985
9.99572e-05 0.733261 0.266639
0.0666678 0.933332 0
0.0344825 0.379311 0.586207
0.31579 0.43421 0.25
0.551731 0.448269 0
0.310345 0.103448 0.586207
0.178523 0.321616 0.499861
0.105588 0.260871 0.63354
0.137937 0.000103362 0.861959
0.103451 0.551722 0.344827
0.892859 0.107141 0
0.000102519 0.615323 0.384575
0.0342807 0.14297 0.822749
0.000101487 0.357107 0.642792
0.18518 0.0741003 0.74072
9.80758e-05 9.97655e-05 0.999802
0.137932 0.482756 0.379312
0.586205 0.103449 0.310346
0.366665 0.633335 0
0.000103436 0.482709 0.517188
0.5 0.25 0.25
9.99795e-05 0.9999 0
0.425123 0.0338161 0.541061
0.269231 0.730769 0
0.172415 0.827585 0
0.689656 0.0344834 0.275861
0.206897 0.448276 0.344827
0.482759 0.517241 0
0.629624 0.370376 0
0.517188 0.000103437 0.482709
0.760001 0.239999 0
0.34486 0.137924 0.517215
9.25872e-05 0.0999835 0.899924
0.0357131 0.714287 0.25
0.147728 0.409095 0.443177
0.500008 0.0666678 0.433324
9.99711e-05 0.29997 0.69993
0.24 0.24 0.52
0.333332 0.333332 0.333335
0.107144 0.892856 0
0.346121 0.000103228 0.653775
0.24 0.76 0
0.204189 0.544503 0.251308
0.321429 0.214286 0.464285
0.607081 0.000101175 0.392817
0.13793 0.172416 0.689654
0.24138 0.482757 0.275863
0.827586 0.172414 0
0.551723 0.172414 0.275863
0.310334 0.689666 0
0.0689651 0.206895 0.72414
0.241365 0.000103433 0.758532
0.428571 0.571429 0
0.407407 0.296296 0.296297
0.613637 0.136363 0.25
0.241378 0.13793 0.620692
0.933332 0.0666679 0
0.749898 0.000102209 0.25
0.206897 0.206897 0.586207
0.000103349 0.206875 0.793021
0.275864 0.0344823 0.689654
0.0689644 0.517243 0.413792
0.689656 0.310344 0
0.482761 0.172413 0.344826
0.249996 0.357147 0.392857
0.0666608 0.0333145 0.900025
0.444447 0.148149 0.407405
0.0344822 0.655172 0.310346
0.103429 0.344947 0.551624
0.275862 0.413793 0.310344
0.103447 0.103447 0.793105
0.392856 0.357144 0.25
0.730769 0.269231 0
0.37931 0.24138 0.379311
0.9999 9.99873e-05 0
0.392817 0.000101105 0.607082
0.6 0.4 0
0.172414 0.517241 0.310346
0.0669819 0.430624 0.502394
0.275862 0.275862 0.448276
0.136363 0.613637 0.25
0.000103426 0.55166 0.448237
