0.172412 0.275862 0.551726
0.8 0.2 0
0.482759 0.137931 0.37931
0.133334 0.866666 0
0.448285 0.103435 0.44828
0.379311 0.275862 0.344828
0.519999 0.480001 0
0.41375 0.000103432 0.586147
0.172411 0.517243 0.310346
0.166656 8.26038e-05 0.833262
0.96667 0.03333 0
0.0333312 0.966669 0
0.310345 0.310345 0.37931
0.241371 0.344833 0.413797
0.551725 0.448275 0
9.99463e-05 0.19998 0.79992
0.0666656 0.933334 0
0.253867 0.274671 0.471462
0.357142 0.392858 0.25
0.0344824 0.137933 0.827585
0.299462 0.187176 0.513362
0.379308 0.068966 0.551726
0.0344784 0.275867 0.689655
0.585909 0.103523 0.310568
0.517188 0.000103435 0.482709
0.185185 0.407403 0.407412
0.444446 0.148148 0.407406
0.749898 0.00010216 0.25
0.502387 0.0669943 0.430619
0.000101022 0.639937 0.359962
0.214267 0.000102456 0.78563
0.37037 0.62963 0
0.107142 0.892858 0
0.1073 0.0343345 0.858366
0.000103393 0.586147 0.41375
0.629627 0.370373 0
0.108641 0.31194 0.579419
0.400001 0.599999 0
0.00010343 0.379265 0.620631
0.000103436 0.517188 0.482709
0.000102241 0.749897 0.25
0.142857 0.607143 0.25
0.346127 0.000103222 0.653769
0.241383 0.482756 0.275861
0.9999 9.99849e-05 0
0.000103431 0.241355 0.758542
0.333333 0.333333 0.333334
0.413667 0.207138 0.379195
0.482758 0.517242 0
0.892861 0.107139 0
0.175224 0.123715 0.701061
0.233336 0.766664 0
0.689656 0.0344834 0.275861
0.13793 0.413794 0.448276
0.396852 0.134171 0.468977
9.99615e-05 0.9999 0
0.760001 0.239999 0
0.5 0.249999 0.25
0.035641 0.712787 0.251572
0.10345 0.551719 0.344832
0.142856 0.214283 0.642861
0.607081 0.000101161 0.392817
0.827585 0.172415 0
0.689661 0.310339 0
0.310345 0.689655 0
0.0666795 0.433237 0.500084
0.0669828 0.502398 0.430619
0.310344 0.413795 0.275861
0.172415 0.827585 0
0.250834 0.0681093 0.681057
9.98994e-05 0.0999819 0.899918
0.613635 0.136364 0.25
0.428569 0.571431 0
0.517242 0.172413 0.310346
0.933334 0.0666658 0
9.93945e-05 9.91038e-05 0.999802
0.214285 0.25 0.535715
0.0666572 9.95745e-05 0.933243
0.344817 0.172408 0.482775
0.137917 0.103436 0.758647
0.464243 0.000100435 0.535656
0.206894 0.448278 0.344829
0.27589 0.137926 0.586185
0.000103383 0.448229 0.551667
0.214284 0.535715 0.25
0.344822 0.241381 0.413796
0.428573 0.285715 0.285712
0.275863 0.379308 0.344829
0.137931 0.344831 0.517237
0.655105 0.000103349 0.344792
0.0689641 0.344828 0.586208
0.103447 0.172414 0.724139
0.0689642 0.62069 0.310346
0.275833 0.000103365 0.724064
0.866665 0.133335 0
0.26923 0.73077 0
0.730767 0.269233 0
0.6 0.4 0
0.206897 0.172413 0.62069
0.310345 0.0689654 0.62069
