0.13793 0.48276 0.37931
0.172414 0.275861 0.551726
0.48277 0.137926 0.379304
0.133335 0.866665 0
0.866665 0.133335 0
0.344828 0.172414 0.482759
0.448276 0.103447 0.448277
0.519998 0.480002 0
0.41375 0.000103399 0.586146
0.172414 0.517242 0.310345
0.0689629 0.344828 0.586209
0.730767 0.269233 0
0.000103434 0.586146 0.41375
0.0333316 0.966668 0
0.966666 0.0333335 0
0.310345 0.068965 0.62069
0.655105 0.000103429 0.344792
0.551723 0.448277 0
0.607077 0.000101181 0.392822
0.254072 0.274081 0.471847
0.37935 0.0689611 0.551689
0.000103397 0.137917 0.86198
0.444475 0.14814 0.407385
0.241379 0.482759 0.275861
0.749898 0.000102235 0.25
0.000101032 0.639933 0.359966
0.185184 0.407403 0.407413
0.892858 0.107142 0
0.379311 0.275861 0.344828
0.107144 0.892856 0
0.275862 0.413793 0.310345
0.299458 0.187188 0.513354
0.108674 0.311737 0.57959
0.9999 9.99732e-05 0
0.357143 0.392857 0.25
0.000103435 0.379271 0.620625
9.99858e-05 0.9999 0
0.333334 0.333335 0.333331
9.44687e-05 9.92284e-05 0.999806
0.586053 0.103487 0.31046
0.4 0.6 0
0.107298 0.0343348 0.858367
0.482759 0.517241 0
0.37037 0.62963 0
0.0356388 0.712789 0.251573
0.76 0.24 0
0.0666525 9.95474e-05 0.933248
0.142858 0.607142 0.25
0.233333 0.766667 0
0.689655 0.0344839 0.275861
0.214264 0.000102449 0.785634
0.629627 0.370373 0
0.428572 0.571428 0
0.000103429 0.241354 0.758542
0.175244 0.123777 0.700978
0.800005 0.199995 0
0.346118 0.000103225 0.653779
0.000103436 0.517188 0.482709
0.142856 0.214284 0.64286
0.310339 0.689661 0
0.502393 0.0669863 0.430621
0.827583 0.172417 0
0.689658 0.310342 0
0.000102251 0.749898 0.25
0.0667528 0.4326 0.500647
0.172413 0.827587 0
0.250854 0.0681049 0.681041
0.103451 0.551712 0.344837
0.0689657 0.137931 0.793103
0.613637 0.136363 0.25
0.0689651 0.206896 0.724139
0.0666678 0.933332 0
0.93333 0.0666702 0
0.166648 9.99842e-05 0.833252
0.214284 0.250001 0.535716
0.5 0.25 0.25
0.0344815 0.275858 0.68966
0.464239 0.000100427 0.53566
0.066984 0.502395 0.430621
0.275862 0.137931 0.586207
0.428571 0.285715 0.285714
0.21428 0.535718 0.250002
0.344828 0.241377 0.413794
0.517241 0.172414 0.310345
0.137931 0.103448 0.758621
0.137926 0.34485 0.517224
0.0333303 0.0666605 0.900009
0.275863 0.344827 0.379309
0.206896 0.448276 0.344828
0.413792 0.206899 0.379309
0.0689652 0.62069 0.310345
0.275833 0.000103427 0.724063
0.206894 0.344829 0.448277
0.396902 0.134025 0.469073
0.517188 0.000103438 0.482709
0.206897 0.172413 0.62069
0.000103422 0.44823 0.551667
0.26923 0.73077 0
0.6 0.4 0
0.137931 0.413793 0.448277
