0.103448 0.275858 0.620695
0.2 0.8 0
0.310344 0.379311 0.310345
0.37931 0.310346 0.310345
0.866662 0.133338 0
0.60714 0.39286 0
0.482759 0.13793 0.379311
0.480004 0.519996 0
0.413737 0.000100797 0.586162
0.137931 0.517242 0.344828
0.166653 9.99896e-05 0.833247
0.62069 0.0689653 0.310345
0.269235 0.730765 0
0.068953 0.344826 0.586221
0.586146 0.000103421 0.413751
0.0333348 0.966665 0
0.966668 0.0333317 0
0.73333 0.26667 0
0.000103403 0.655107 0.34479
0.27586 0.241381 0.482759
9.8037e-05 9.21815e-05 0.99981
0.214285 0.321428 0.464288
0.148146 0.444445 0.407409
0.10345 0.586195 0.310354
0.214285 0.428572 0.357143
0.214266 0.000102468 0.785632
0.576924 0.423076 0
0.639938 0.000100976 0.359961
0.0344851 0.689654 0.275861
0.000103415 0.379271 0.620626
0.749898 0.000102152 0.25
0.642856 0.357144 0
0.517241 0.482759 0
0.299441 0.187233 0.513326
0.10729 0.0343354 0.858374
0.370373 0.629627 0
0.586206 0.137933 0.275861
0.108969 0.311863 0.579169
0.517188 0.000103384 0.482709
0.142857 0.214287 0.642856
0.357142 0.392858 0.25
0.333334 0.333334 0.333332
0.448276 0.206897 0.344827
0.000103355 0.517188 0.482709
0.249999 0.500001 0.25
0.37931 0.241379 0.379311
0.000103377 0.137914 0.861982
0.9999 9.99918e-05 0
0.464239 0.000100407 0.535661
9.99175e-05 0.9999 0
0.175207 0.123983 0.70081
0.431834 0.100277 0.46789
0.379324 0.0689621 0.551714
0.517243 0.17241 0.310347
0.239996 0.760004 0
0.0344764 0.27587 0.689653
0.107141 0.892859 0
0.766676 0.233324 0
0.712787 0.0356409 0.251572
0.346136 0.000103224 0.653761
0.206896 0.24138 0.551725
0.000103415 0.241377 0.758519
0.647728 0.102272 0.25
0.499999 0.250001 0.25
0.448279 0.551721 0
0.206896 0.172414 0.62069
0.000101152 0.60707 0.392829
0.310343 0.689657 0
0.827584 0.172416 0
0.250754 0.0681133 0.681133
0.00010221 0.749898 0.25
0.0689642 0.137929 0.793107
0.700001 0.299999 0
0.0683162 0.409942 0.521742
0.137895 0.103422 0.758683
0.543701 0.0679613 0.388337
0.399997 0.600003 0
0.89286 0.10714 0
0.136363 0.613637 0.25
0.0666618 7.2143e-05 0.933266
0.933334 0.0666661 0
0.137928 0.41379 0.448282
0.275865 0.13793 0.586204
0.428575 0.285718 0.285707
0.344827 0.172414 0.482759
0.103446 0.172412 0.724141
0.0666671 0.933333 0
0.0669863 0.502394 0.43062
0.172414 0.551724 0.275862
0.275862 0.344827 0.379311
0.172416 0.827584 0
0.0333404 0.0666811 0.899978
0.133346 0.866654 0
0.31034 0.275856 0.413803
0.310345 0.068965 0.62069
0.275833 0.000103431 0.724063
0.444446 0.148145 0.407409
0.275857 0.448282 0.275861
0.137689 0.34598 0.516331
0.000103425 0.44823 0.551667
