0.333308 9.10785e-05 0.666601
0.39285 0.285706 0.321444
0.800005 0.199995 0
0.27585 0.103454 0.620696
0.310345 0.310344 0.379311
0.482751 0.137931 0.379318
0.13337 0.86663 0
0.86666 0.13334 0
0.137947 0.48274 0.379313
0.392861 0.607139 0
0.519997 0.480003 0
9.99312e-05 0.166659 0.833241
0.0689599 0.620697 0.310343
0.730768 0.269232 0
0.000103173 0.586129 0.413768
0.344832 0.0689471 0.586221
0.413795 0.137931 0.448274
0.0333126 0.966687 0
0.966667 0.0333329 0
0.26667 0.73333 0
0.357142 0.392858 0.25
0.172414 0.344826 0.48276
0.137882 9.55768e-05 0.862022
0.586143 0.103464 0.310392
0.0666694 0.933331 0
0.379259 9.4832e-05 0.620646
0.0679544 0.543725 0.388321
0.148147 0.444448 0.407405
0.444445 0.148148 0.407406
0.749898 0.000102067 0.25
6.38275e-05 9.89728e-05 0.999837
0.107143 0.892857 0
0.000100891 0.639936 0.359964
0.0689593 0.379366 0.551675
0.892854 0.107146 0
0.187132 0.299424 0.513444
0.206889 0.068963 0.724148
0.034335 0.107293 0.858372
0.629622 0.370378 0
0.000102435 0.214269 0.785629
0.206891 0.448292 0.344817
0.233334 0.766666 0
0.9999 9.99855e-05 0
0.100253 0.431892 0.467855
0.689664 0.0344831 0.275853
0.35715 0.64285 0
0.517184 0.000103412 0.482713
0.607076 0.000101141 0.392823
0.321425 0.214283 0.464291
0.123731 0.175256 0.701013
0.482761 0.517239 0
0.311725 0.109359 0.578916
0.76001 0.23999 0
9.99283e-05 0.9999 0
0.33333 0.33333 0.33334
0.03564 0.712789 0.251571
0.241408 0.000101828 0.75849
0.103423 0.137909 0.758668
0.000103048 0.346123 0.653774
0.409957 0.0683291 0.521714
0.000103428 0.517184 0.482713
0.250001 0.499999 0.25
0.285704 0.285704 0.428592
0.551727 0.448273 0
0.000102039 0.749898 0.25
0.827581 0.172419 0
0.689655 0.310345 0
0.275867 0.0344838 0.68965
0.401222 0.234058 0.36472
0.000101149 0.413739 0.58616
0.423074 0.576926 0
0.500002 0.249998 0.25
0.0681565 0.250366 0.681478
0.214282 0.142854 0.642864
0.241381 0.379308 0.379311
0.172426 0.827574 0
0.137936 0.0689689 0.793095
0.300004 0.699996 0
0.613635 0.136365 0.25
6.48097e-05 0.0666615 0.933274
0.933333 0.0666668 0
0.448231 0.000103411 0.551665
0.24141 0.206902 0.551688
0.102238 0.647762 0.25
0.51724 0.172413 0.310346
0.000100166 0.464241 0.535659
0.448289 0.206894 0.344817
0.172415 0.517238 0.310347
0.137886 0.2761 0.586015
0.502393 0.0669822 0.430625
0.413786 0.310361 0.275853
0.0666522 0.0333335 0.900014
0.275859 0.413799 0.310342
0.00010111 0.275814 0.724085
0.345647 0.137761 0.516592
0.6 0.4 0
0.172415 0.206885 0.6207
0.0689531 0.310347 0.620699
0.137937 0.586212 0.275852
0.655104 0.000103391 0.344792
