0.4 0.6 0
0.8 0.2 0
0.483271 0.137794 0.378935
0.310345 0.413794 0.275861
0.133347 0.866653 0
0.866664 0.133336 0
0.344827 0.172414 0.482759
0.448275 0.103448 0.448277
0.379303 0.275866 0.34483
0.519994 0.480006 0
0.41375 0.000103416 0.586147
0.16665 9.82916e-05 0.833252
0.0689657 0.344824 0.58621
0.730765 0.269235 0
0.000103372 0.586146 0.41375
0.0333324 0.966668 0
0.966667 0.0333325 0
0.241379 0.344827 0.413794
0.310345 0.0689633 0.620692
0.310345 0.310345 0.37931
0.551724 0.448276 0
0.142858 0.607142 0.25
0.379316 0.0689646 0.551719
0.586199 0.10345 0.310351
0.357143 0.392857 0.25
0.25384 0.274737 0.471423
0.214255 0.000102452 0.785642
9.99835e-05 0.9999 0
0.107142 0.892858 0
0.892858 0.107142 0
0.107296 0.0343349 0.858369
0.629627 0.370373 0
0.142858 0.214286 0.642856
0.9999 9.99752e-05 0
0.0689558 0.620696 0.310348
0.175251 0.123711 0.701038
0.103448 0.172411 0.724141
0.517187 0.000103425 0.48271
0.000103402 0.379271 0.620625
9.96183e-05 9.68638e-05 0.999804
0.275867 0.379298 0.344835
0.108689 0.311661 0.579651
0.482759 0.517241 0
0.185184 0.407394 0.407422
0.444494 0.148135 0.407371
0.760001 0.239999 0
0.370373 0.629627 0
0.233334 0.766666 0
0.689658 0.0344824 0.275859
0.0356447 0.712786 0.251569
0.428571 0.285714 0.285714
0.000103376 0.241355 0.758542
0.000101005 0.639937 0.359962
0.346119 0.000103192 0.653778
0.933332 0.0666676 0
0.299463 0.187163 0.513373
0.333334 0.333334 0.333332
0.000103379 0.13791 0.861986
0.0344803 0.275865 0.689654
0.5 0.25 0.25
0.172411 0.517248 0.310341
0.103449 0.551723 0.344828
0.310345 0.689655 0
0.0666732 0.433279 0.500047
0.827581 0.172419 0
0.689657 0.310343 0
0.749898 0.00010223 0.25
0.000102211 0.749898 0.25
0.607079 0.00010118 0.39282
0.068967 0.137935 0.793098
0.250723 0.0681174 0.68116
0.396901 0.134034 0.469065
0.41377 0.20694 0.379289
0.613633 0.136367 0.25
0.42857 0.57143 0
0.655105 0.000103431 0.344792
0.0666609 9.99671e-05 0.933239
0.066667 0.933333 0
0.206896 0.172414 0.62069
0.214279 0.249994 0.535727
0.464239 0.000100418 0.535661
0.0669862 0.502394 0.43062
0.502394 0.0669858 0.43062
0.275863 0.137931 0.586206
0.214286 0.535714 0.25
0.344827 0.24138 0.413794
0.172413 0.827587 0
0.517237 0.172415 0.310348
0.24138 0.482759 0.275861
0.13793 0.103447 0.758624
0.137918 0.344892 0.517191
0.0333096 0.0666661 0.900024
0.172411 0.27586 0.551729
0.275833 0.00010339 0.724064
0.178556 0.464296 0.357148
0.000103393 0.448229 0.551667
0.269228 0.730772 0
0.000103384 0.517187 0.48271
0.6 0.4 0
0.137928 0.413795 0.448277
