0.600002 0.399998 0
0.200001 0.799999 0
0.137931 0.48276 0.379309
0.413796 0.310346 0.275858
0.866667 0.133333 0
0.133334 0.866666 0
0.172403 0.344806 0.48279
0.103441 0.448279 0.44828
0.480004 0.519996 0
0.00010292 0.413749 0.586148
0.517242 0.172413 0.310345
0.275846 0.172406 0.551749
9.372e-05 0.166647 0.833259
0.344819 0.0689563 0.586225
0.586135 0.000103387 0.413761
0.96667 0.0333304 0
0.0333327 0.966667 0
0.310345 0.310345 0.37931
0.344828 0.241375 0.413797
0.275862 0.37931 0.344827
0.448275 0.551725 0
0.273377 0.25432 0.472303
0.21428 0.142852 0.642868
0.13791 0.000103353 0.861987
0.502403 0.0669863 0.430611
0.607145 0.142854 0.250001
0.103443 0.586211 0.310346
0.136364 0.613635 0.250001
0.00010229 0.214263 0.785635
0.0344854 0.689657 0.275858
0.892853 0.107147 0
0.639936 0.00010103 0.359963
0.107144 0.892856 0
0.249991 0.214278 0.535731
0.629631 0.370369 0
0.172412 0.206893 0.620694
0.187162 0.29946 0.513378
0.0343356 0.107293 0.858372
0.00010331 0.275833 0.724063
0.311942 0.108643 0.579415
0.517188 0.000103437 0.482709
0.000102133 0.749897 0.250001
0.407405 0.185183 0.407413
0.517242 0.482758 0
9.67715e-05 9.53383e-05 0.999808
0.766667 0.233333 0
0.392857 0.357143 0.250001
0.068106 0.250838 0.681056
0.12375 0.175251 0.701
0.000103415 0.517188 0.482709
0.137931 0.0689646 0.793105
0.24 0.76 0
0.0689612 0.379316 0.551723
0.712788 0.0356379 0.251575
0.333333 0.333333 0.333334
0.241354 0.000103358 0.758542
0.000103229 0.346115 0.653782
0.48276 0.241383 0.275858
0.249999 0.500001 0.250001
0.206937 0.413772 0.379291
0.55172 0.103451 0.34483
0.689655 0.310345 0
0.241375 0.344829 0.413796
0.9999 9.99194e-05 0
0.57143 0.42857 0
0.269231 0.730769 0
0.172416 0.827584 0
9.18967e-05 0.0666684 0.93324
0.379276 0.0001034 0.620621
0.448232 0.000103431 0.551665
0.310335 0.689665 0
9.98995e-05 0.9999 0
0.749897 0.000102125 0.250001
0.0689653 0.310344 0.620691
0.433241 0.0666788 0.50008
0.82759 0.17241 0
0.933334 0.066666 0
0.0666673 0.933333 0
0.275864 0.0344818 0.689654
0.000100392 0.464252 0.535647
0.379308 0.275863 0.344828
0.137933 0.27587 0.586197
0.103445 0.137929 0.758626
0.535716 0.214284 0.250001
0.285714 0.428572 0.285714
0.066982 0.502389 0.430629
0.37037 0.62963 0
0.344922 0.137914 0.517164
0.0666022 0.0332971 0.900101
0.620693 0.0689601 0.310347
0.134072 0.396886 0.469042
0.172414 0.517241 0.310345
0.448278 0.206895 0.344827
0.730766 0.269234 0
0.400001 0.599999 0
0.206873 0.0689572 0.72417
0.148149 0.444449 0.407403
0.413795 0.137931 0.448274
0.000101168 0.607079 0.392819
0.000103417 0.655104 0.344792
