0.8 0.2 0
0.310345 0.310345 0.37931
0.379329 0.206866 0.413806
0.133329 0.866671 0
0.866667 0.133333 0
0.172414 0.275862 0.551724
0.137931 0.241379 0.62069
0.480003 0.519997 0
0.482761 0.137928 0.379311
0.413794 0.275861 0.310345
0.730769 0.269231 0
0.269231 0.730769 0
0.0333306 0.966669 0
0.966666 0.0333341 0
0.133336 0.166675 0.699989
0.000103431 0.655113 0.344783
0.241377 0.0689645 0.689659
0.100275 0.431766 0.467959
0.275858 0.448284 0.275858
0.172414 0.0689629 0.758623
0.733262 9.99527e-05 0.266638
0.448273 0.551727 0
0.379308 0.0344855 0.586207
0.434208 0.315792 0.25
0.827587 0.172413 0
0.260902 0.105585 0.633513
0.206893 0.137928 0.655179
0.000102213 0.749898 0.25
0.148148 0.444446 0.407406
0.482709 0.000103392 0.517188
0.633335 0.366665 0
0.892857 0.107143 0
0.107142 0.892858 0
0.103461 0.586193 0.310347
0.000103249 0.137916 0.861981
0.551729 0.103447 0.344824
0.615323 0.000102528 0.384575
0.400001 0.599999 0
0.370374 0.629626 0
0.40909 0.147728 0.443182
0.000103371 0.517184 0.482712
0.0666679 0.933332 0
9.99611e-05 0.9999 0
0.0740924 0.185183 0.740725
0.000103211 0.346116 0.653781
0.10345 0.51724 0.37931
0.178565 0.21428 0.607155
9.89534e-05 9.98311e-05 0.999801
0.249999 0.500001 0.25
0.517244 0.17241 0.310346
0.103469 0.310207 0.586324
0.430618 0.066994 0.502388
0.275862 0.137932 0.586206
0.24 0.24 0.52
0.714288 0.0357123 0.25
0.333334 0.333334 0.333332
0.239987 0.760013 0
0.0344855 0.689656 0.275858
0.517241 0.482759 0
0.759998 0.240002 0
0.29997 9.99906e-05 0.69993
0.9999 9.99581e-05 0
0.544499 0.204194 0.251307
0.214283 0.321423 0.464294
0.000101173 0.607078 0.392821
0.0338082 0.42526 0.540932
0.172417 0.827583 0
0.310344 0.689656 0
0.233312 9.996e-05 0.766588
0.448277 0.206898 0.344825
0.0333348 0.0666699 0.899995
0.689657 0.310343 0
0.321428 0.178573 0.499998
0.600001 0.399999 0
0.000103362 0.241356 0.758541
0.296133 0.407506 0.296362
0.571429 0.428571 0
0.136367 0.613633 0.25
0.613644 0.136356 0.25
0.0666959 0.500221 0.433083
0.275857 0.275857 0.448286
0.933332 0.0666678 0
0.0333341 0.166671 0.799995
0.517231 0.068964 0.413805
0.172414 0.48276 0.344826
0.35716 0.249963 0.392876
0.0689534 0.241513 0.689534
0.357146 0.392854 0.25
0.137827 0.345324 0.516849
0.103446 0.103446 0.793109
0.142841 0.000102825 0.857056
0.482758 0.24138 0.275862
0.34483 0.103447 0.551723
0.241382 0.3793 0.379318
0.655172 0.0344825 0.310345
0.0666683 9.99624e-05 0.933232
0.357104 0.000101382 0.642795
0.172401 0.551736 0.275863
0.000101117 0.392817 0.607082
0.551665 9.71784e-05 0.448238
