0.379317 0.275854 0.344829
0.241379 0.310346 0.448274
0.275858 0.103449 0.620693
0.8 0.2 0
0.310344 0.379311 0.310344
0.482761 0.137926 0.379312
0.866665 0.133335 0
0.133334 0.866666 0
0.392862 0.607138 0
0.448277 0.206894 0.344829
0.519999 0.480001 0
0.000103419 0.413749 0.586148
8.65767e-05 0.166647 0.833267
0.344827 0.0689651 0.586207
0.000103416 0.586144 0.413752
0.966667 0.0333326 0
0.0333332 0.966667 0
0.413794 0.137931 0.448274
0.599999 0.400001 0
0.0689644 0.37932 0.551715
0.827586 0.172414 0
0.0666659 0.933334 0
0.13793 0.58621 0.27586
0.148148 0.444445 0.407408
0.0689625 0.620692 0.310346
0.357142 0.642858 0
0.000102454 0.214264 0.785634
0.892855 0.107145 0
0.187173 0.299463 0.513364
0.137931 0.482759 0.37931
0.379271 0.000103403 0.620626
0.0343364 0.107296 0.858368
0.25 0.5 0.25
0.62963 0.37037 0
0.206903 0.448259 0.344838
0.311967 0.108668 0.579365
0.9999 9.99168e-05 0
0.000103168 0.346123 0.653773
0.321428 0.214286 0.464285
0.517188 0.000103417 0.482709
0.107143 0.892857 0
0.214285 0.142857 0.642859
0.000103436 0.517188 0.482709
0.310345 0.310346 0.37931
0.0999932 9.9967e-05 0.899907
0.749898 0.000102121 0.25
8.45689e-05 9.96464e-05 0.999816
0.48276 0.51724 0
0.123729 0.175254 0.701017
0.000101019 0.639934 0.359965
0.76 0.24 0
0.233332 0.766668 0
0.241354 0.000103396 0.758542
0.0689655 0.310345 0.62069
0.333333 0.333335 0.333332
9.99773e-05 0.9999 0
0.344823 0.13793 0.517247
0.0356363 0.712791 0.251572
0.586208 0.103447 0.310345
0.500003 0.249997 0.25
0.551732 0.448268 0
0.607082 0.000101172 0.392817
0.000102228 0.749898 0.25
0.689657 0.310343 0
0.0679606 0.543699 0.38834
0.423077 0.576923 0
0.172414 0.827586 0
0.0681124 0.250768 0.68112
0.24138 0.37931 0.37931
0.299999 0.700001 0
0.275866 0.0344823 0.689652
0.444444 0.148148 0.407408
0.409945 0.0683195 0.521736
0.613637 0.136363 0.25
0.401212 0.234041 0.364747
0.933332 0.066668 0
0.241382 0.206902 0.551716
8.69172e-05 0.066656 0.933257
0.103447 0.137929 0.758624
0.689657 0.0344834 0.27586
0.102278 0.647722 0.25
0.000100411 0.464238 0.535662
0.517241 0.172414 0.310345
0.137923 0.275906 0.586171
0.172413 0.517242 0.310345
0.730767 0.269233 0
0.285713 0.428572 0.285715
0.172414 0.344828 0.482758
0.502389 0.0669875 0.430623
0.206881 0.0689604 0.724158
0.44823 0.000103385 0.551667
0.285713 0.285714 0.428573
0.137997 0.0344802 0.827522
0.100259 0.431868 0.467873
0.000103436 0.275829 0.724067
0.448279 0.275862 0.27586
0.392858 0.357142 0.25
0.172414 0.206896 0.62069
0.655105 0.000103416 0.344792
0.266668 0.733332 0
