3.42078e-06 0.333332 0.666665
0.310345 0.241376 0.448279
0.2 0.8 0
0.137931 0.482757 0.379312
0.133337 0.866663 0
0.866665 0.133335 0
0.607141 0.392859 0
0.206894 0.448277 0.344828
0.413744 0.000103402 0.586153
0.166656 9.99456e-05 0.833244
0.620691 0.068963 0.310346
0.310344 0.310345 0.379312
0.0689646 0.344821 0.586215
0.26923 0.73077 0
0.586145 0.000103438 0.413751
0.966667 0.0333326 0
0.137927 0.413794 0.448279
0.733329 0.266671 0
0.392854 0.357146 0.25
0.000103411 0.137918 0.861979
0.214261 0.000102387 0.785637
0.413816 0.275848 0.310337
0.000103426 0.379271 0.620625
0.444444 0.148148 0.407408
0.148144 0.444448 0.407408
0.107307 0.0343354 0.858358
0.0333308 0.966669 0
0.0683235 0.409943 0.521734
0.892858 0.107142 0
0.0666588 8.54989e-05 0.933256
0.107146 0.892854 0
0.370371 0.629629 0
0.172418 0.827582 0
0.000103434 0.517188 0.482709
0.482761 0.137928 0.379312
0.431879 0.100258 0.467863
0.543699 0.067961 0.38834
0.310342 0.0689617 0.620696
0.103451 0.586204 0.310345
0.699999 0.300001 0
9.99698e-05 0.9999 0
0.333333 0.333334 0.333333
0.766668 0.233332 0
8.26496e-05 9.58899e-05 0.999821
0.214286 0.321429 0.464285
0.346118 0.000103212 0.653778
0.000103431 0.655105 0.344792
0.9999 9.99581e-05 0
0.000102231 0.749898 0.25
0.517241 0.482759 0
0.712788 0.0356389 0.251573
0.500003 0.249997 0.25
0.749898 0.000102249 0.25
0.299466 0.187164 0.51337
0.175251 0.123743 0.701005
0.379345 0.0689617 0.551693
0.642857 0.357143 0
0.103445 0.275858 0.620697
0.249999 0.500001 0.25
0.239998 0.760002 0
0.639934 0.000101031 0.359965
0.034481 0.689662 0.275857
0.000103422 0.241354 0.758542
0.000103388 0.44823 0.551667
0.44828 0.55172 0
0.000101159 0.607082 0.392817
0.576924 0.423076 0
0.142854 0.214282 0.642864
0.310342 0.689658 0
0.827586 0.172414 0
0.250895 0.0681006 0.681005
0.44828 0.206891 0.344828
0.586208 0.137931 0.275861
0.379305 0.241382 0.379314
0.480002 0.519998 0
0.285715 0.428573 0.285712
0.0689633 0.137927 0.79311
0.136366 0.613634 0.25
0.234041 0.401218 0.364741
0.0666674 0.933333 0
0.933333 0.0666669 0
0.0344815 0.27586 0.689659
0.206895 0.241385 0.55172
0.275831 0.000103368 0.724066
0.647725 0.102275 0.25
0.464244 0.000100327 0.535655
0.172413 0.517242 0.310345
0.108651 0.311972 0.579377
0.275874 0.137931 0.586195
0.517241 0.172414 0.310345
0.0669853 0.502393 0.430622
0.137919 0.103433 0.758648
0.517188 0.000103439 0.482709
0.285713 0.285715 0.428572
0.0333177 0.0666543 0.900028
0.137913 0.344922 0.517165
0.4 0.6 0
0.206897 0.172406 0.620697
0.344826 0.172415 0.482759
0.103445 0.172414 0.724141
