9.96168e-05 0.299972 0.699928
0.640001 0.359999 0
0.241357 0.482808 0.275836
0.379292 0.103449 0.517259
0.379299 0.310356 0.310344
0.310345 0.310347 0.379308
0.199993 0.800007 0
0.413805 0.0344808 0.551715
0.206897 0.137923 0.655179
0.0688573 0.655656 0.275487
0.566668 0.433332 0
0.766668 0.233332 0
0.966669 0.0333308 0
0.266663 0.733337 0
0.517254 0.103423 0.379322
0.349356 0.068497 0.582147
0.714286 0.0357138 0.25
0.933325 0.0666745 0
0.241381 0.310332 0.448288
0.62956 0.000100673 0.370339
0.0333287 0.966671 0
0.000103384 0.137928 0.861968
0.464632 0.17796 0.357408
0.000103188 0.653777 0.346119
0.261091 0.10556 0.633349
0.535716 0.214284 0.25
0.40908 0.147731 0.443188
0.0740953 0.185181 0.740723
0.392873 0.607127 0
0.0666671 0.933333 0
0.107146 0.892854 0
0.607143 0.392857 0
0.357166 0.642834 0
0.285692 0.464308 0.25
0.585755 0.103562 0.310683
0.142858 9.96453e-05 0.857043
0.0356528 0.712778 0.251569
0.699994 0.300006 0
0.0689293 0.448307 0.482764
0.482714 0.000103416 0.517183
0.730785 0.269215 0
0.105243 0.298374 0.596383
0.357152 0.392848 0.25
9.98173e-05 9.85653e-05 0.999802
0.53846 0.46154 0
0.204539 0.545461 0.25
0.379286 0.000102915 0.620611
0.240004 0.240005 0.519992
9.97876e-05 0.9999 0
0.000103334 0.517172 0.482725
0.133349 0.866651 0
0.333331 0.333333 0.333335
0.482766 0.517234 0
0.233333 0.766667 0
0.172409 0.275865 0.551727
0.172415 0.0689643 0.758621
0.250021 0.392806 0.357173
0.541038 0.0338071 0.425155
0.103456 0.586181 0.310363
0.000103384 0.24136 0.758536
0.299972 9.98867e-05 0.699928
0.000103215 0.34611 0.653786
0.666667 0.333333 0
0.44519 0.258016 0.296794
0.100001 0.100001 0.799998
0.0679244 0.388698 0.543378
0.73326 9.95415e-05 0.26664
0.800001 0.199999 0
0.0333461 0.0666916 0.899962
0.166652 0.833348 0
0.172413 0.344824 0.482763
0.17242 0.206899 0.620682
0.0689568 0.24137 0.689674
0.423073 0.576927 0
0.299993 0.700007 0
0.28572 0.285722 0.428558
0.00010191 0.749898 0.25
0.482759 0.241379 0.275862
0.321442 0.178543 0.500014
0.0672666 0.538124 0.39461
0.174254 0.487941 0.337805
0.857145 0.142855 0
0.137954 0.137954 0.724092
9.55216e-05 0.433286 0.566618
0.613638 0.136362 0.25
0.136365 0.613635 0.25
0.233314 9.98789e-05 0.766586
0.433324 0.0999946 0.466682
0.142859 0.42857 0.42857
0.37929 0.241392 0.379317
0.9999 9.97262e-05 0
0.428573 0.321427 0.25
0.0666588 9.14565e-05 0.93325
0.344861 0.206818 0.448321
0.241387 0.172407 0.586206
0.899997 0.100003 0
0.241371 0.0689553 0.689673
0.000101871 0.586141 0.413757
0.0344804 0.172412 0.793107
0.655183 0.0689556 0.275862
