9.66259e-05 0.0333255 0.966578
0.241388 0.137932 0.620679
0.241374 0.482771 0.275855
0.482759 0.24138 0.275861
0.379311 0.310344 0.310345
0.413789 0.241375 0.344835
0.7 0.3 0
0.482758 0.137932 0.37931
0.392861 0.607139 0
0.0689375 0.655312 0.27575
0.566665 0.433335 0
0.766666 0.233334 0
0.0333312 0.966669 0
0.966669 0.0333314 0
0.172414 0.275861 0.551725
0.266665 0.733335 0
0.275874 0.31033 0.413796
0.655178 0.0689583 0.275864
0.250001 0.392855 0.357144
0.409078 0.147732 0.44319
0.448283 0.103443 0.448275
0.379609 0.0344658 0.585925
0.103449 0.586206 0.310346
0.586179 0.103455 0.310366
0.105225 0.298502 0.596273
0.0999915 9.9954e-05 0.899909
0.107143 0.892857 0
0.607143 0.392857 0
0.333334 0.333334 0.333333
0.857143 0.142857 0
0.357144 0.642856 0
0.2 0.8 0
0.143018 0.0342793 0.822703
0.357145 0.392855 0.25
0.464319 0.178513 0.357168
0.629565 0.000100996 0.370334
0.71429 0.0357102 0.25
0.0741031 0.18518 0.740717
0.9999 9.9924e-05 0
0.482709 0.00010343 0.517187
0.24 0.24 0.52
0.172414 0.137931 0.689655
0.899997 0.100003 0
0.000103363 0.137907 0.86199
0.260884 0.105588 0.633528
9.64058e-05 9.88341e-05 0.999805
0.933329 0.0666709 0
0.000103408 0.517188 0.482709
0.730771 0.269229 0
0.379342 0.206862 0.413796
0.0356403 0.712788 0.251571
0.428572 0.321428 0.25
0.136362 0.613638 0.25
0.000103196 0.346119 0.653778
0.233333 0.766667 0
0.482759 0.517241 0
0.535717 0.214283 0.25
0.204544 0.545456 0.25
0.444479 0.259237 0.296285
0.0679433 0.388513 0.543544
0.800005 0.199995 0
0.137908 0.344837 0.517254
0.517257 0.0689635 0.413779
0.73326 9.99785e-05 0.26664
0.166668 0.833332 0
0.423076 0.576924 0
0.321437 0.214269 0.464294
0.538462 0.461538 0
0.379311 0.13793 0.482759
0.300001 0.699999 0
0.666666 0.333334 0
0.000103414 0.241352 0.758544
0.000102253 0.749898 0.25
0.214265 0.321448 0.464287
0.067265 0.538118 0.394617
0.17426 0.487936 0.337803
0.0666668 0.933333 0
0.206878 0.000103384 0.793019
9.99959e-05 0.433256 0.566644
0.206899 0.206899 0.586202
0.0333333 0.0666657 0.900001
0.344965 0.103426 0.551609
0.613637 0.136363 0.25
0.28571 0.46429 0.25
0.103444 0.241368 0.655188
9.99782e-05 0.9999 0
0.430628 0.0669855 0.502386
0.000103216 0.653778 0.346119
0.344835 0.275846 0.379318
0.103448 0.103448 0.793103
0.0344829 0.275862 0.689655
0.206896 0.0689632 0.72414
0.275864 0.17241 0.551726
0.142861 0.428569 0.42857
0.566605 9.99899e-05 0.433295
0.0689631 0.448277 0.482759
0.357107 0.000101428 0.642792
0.299969 9.9959e-05 0.699931
0.000103437 0.586146 0.41375
0.0333339 0.166672 0.799994
