0.206897 0.413793 0.37931
0.24138 0.48276 0.27586
0.448279 0.24138 0.310341
0.379321 0.172409 0.44827
0.137928 0.206893 0.655178
0.699993 0.300007 0
0.166692 0.0999836 0.733324
0.200007 0.799993 0
0.392861 0.607139 0
0.639999 0.360001 0
9.99619e-05 0.16665 0.83325
0.566664 0.433336 0
0.766662 0.233338 0
0.0333297 0.96667 0
0.966669 0.0333315 0
0.266667 0.733333 0
0.41379 0.310346 0.275864
0.655188 0.0689566 0.275856
0.250002 0.392847 0.357151
0.241349 0.06895 0.689701
0.933331 0.0666695 0
0.103435 0.000103414 0.896462
0.357144 0.392856 0.25
0.000102063 0.214272 0.785626
0.800002 0.199998 0
0.428568 0.14286 0.428572
0.423077 0.576923 0
0.607142 0.392858 0
0.357145 0.642855 0
0.0679574 0.388407 0.543636
0.344834 0.0689652 0.586201
0.0688561 0.449128 0.482015
0.133335 0.866665 0
0.629566 0.000100455 0.370333
0.240001 0.240001 0.519998
0.0343355 0.107288 0.858377
0.000103397 0.517187 0.482709
0.535718 0.214282 0.25
0.586213 0.103446 0.310341
0.105196 0.298699 0.596105
0.857136 0.142864 0
0.000102487 0.653769 0.346129
9.99951e-05 0.9999 0
9.94752e-05 9.39565e-05 0.999807
0.51724 0.103448 0.379312
0.000103203 0.346119 0.653777
0.482708 0.000102904 0.517189
0.204548 0.545451 0.25
0.9999 9.97806e-05 0
0.233326 0.766674 0
0.142863 0.428565 0.428572
0.482763 0.517237 0
0.333331 0.333331 0.333338
0.73326 9.9836e-05 0.266641
0.124754 0.168332 0.706914
0.285713 0.464287 0.25
0.310355 0.206883 0.482762
0.73077 0.26923 0
0.214282 0.142854 0.642864
0.0356439 0.712788 0.251568
0.103449 0.58621 0.310341
0.310313 0.000103428 0.689583
0.300001 0.699999 0
0.233313 9.99779e-05 0.766587
0.448279 0.0689595 0.482762
0.392848 0.250002 0.35715
0.137933 0.0689667 0.7931
0.174242 0.487929 0.337829
0.166662 0.833338 0
5.663e-05 0.0666614 0.933282
0.538467 0.461533 0
0.000102118 0.749898 0.25
0.533337 0.0333284 0.433335
0.21429 0.321439 0.464271
0.464287 0.285713 0.25
0.067268 0.538111 0.394621
0.0689633 0.241395 0.689641
0.0666663 0.933334 0
0.413777 0.0344815 0.551741
0.482773 0.172412 0.344815
0.275867 0.172413 0.55172
0.666667 0.333333 0
9.64122e-05 0.433288 0.566615
0.107137 0.892863 0
0.613642 0.136357 0.25
0.714284 0.0357156 0.25
0.136354 0.613646 0.25
0.103444 0.137923 0.758633
0.172411 0.241381 0.586208
0.137901 0.344847 0.517252
0.379272 0.00010309 0.620624
0.285714 0.285714 0.428572
0.166649 9.26159e-05 0.833258
0.0685149 0.65742 0.274065
0.379503 0.103411 0.517086
0.000103403 0.275825 0.724072
0.899997 0.100003 0
0.310344 0.310345 0.379311
0.000103239 0.586147 0.41375
0.27586 0.103447 0.620692
