0.172757 0.482386 0.344858
0.80009 0.19991 0
0.199796 0.800204 0
0.413761 0.206968 0.379271
8.97364e-05 0.448706 0.551204
0.379303 0.275863 0.344833
0.133353 0.866647 0
0.866667 0.133333 0
0.172385 0.172388 0.655227
0.166649 9.93466e-05 0.833251
0.269231 0.730769 0
0.477202 0.272682 0.250116
0.0333318 0.966668 0
0.966667 0.033333 0
0.607042 0.392958 0
0.733363 0.266637 0
0.309983 0.0688845 0.621132
0.137932 0.275864 0.586204
0.000102221 0.749898 0.25
0.434146 0.300484 0.26537
0.448365 0.551635 0
0.142675 0.607325 0.25
0.000103267 0.137913 0.861983
0.250056 0.499944 0.25
0.214276 0.000102353 0.785621
0.18562 0.406897 0.407483
0.640708 5.88399e-05 0.359234
0.000100967 0.639935 0.359964
0.892857 0.107143 0
0.206928 0.310389 0.482683
0.107142 0.892858 0
0.586137 0.103465 0.310398
0.0682589 0.342876 0.588865
0.370776 0.629224 0
0.149027 0.297891 0.553082
0.0333349 0.0666699 0.899995
0.517188 0.000103426 0.482709
0.642877 0.357123 0
0.239828 0.760172 0
0.000103432 0.517188 0.482709
9.99587e-05 0.9999 0
0.71308 0.0356568 0.251263
0.275861 0.413788 0.310351
0.175255 0.123723 0.701021
0.304014 0.190136 0.50585
0.35715 0.39285 0.25
9.98257e-05 9.70852e-05 0.999803
0.444422 0.148117 0.407461
0.333333 0.333333 0.333334
0.9999 9.99848e-05 0
0.379321 0.0689569 0.551722
0.207507 0.20751 0.584983
0.545461 0.204539 0.25
7.44172e-05 0.370232 0.629693
0.275833 0.000103342 0.724064
0.107298 0.0343348 0.858367
0.0350794 0.701683 0.263238
0.517241 0.482759 0
0.31034 0.68966 0
0.137825 0.379774 0.482402
0.346121 0.000103178 0.653776
0.432954 9.84015e-05 0.566948
0.10721 0.214515 0.678275
0.106053 0.536356 0.357591
0.269175 0.269177 0.461648
0.0673128 0.430574 0.502113
0.933333 0.0666674 0
0.172421 0.827579 0
0.749898 0.000102252 0.25
0.827586 0.172414 0
0.57764 0.42236 0
0.480558 0.519442 0
0.250749 0.068105 0.681146
0.0689658 0.137932 0.793103
0.0666576 8.95279e-05 0.933253
0.0666676 0.933332 0
0.35732 0.249874 0.392807
0.214285 0.464293 0.321422
0.500212 0.066702 0.433086
0.483776 0.172115 0.34411
0.411247 0.102723 0.486029
0.275882 0.137933 0.586185
0.0338623 0.564844 0.401294
0.613637 0.136363 0.25
0.0686791 0.277032 0.654288
0.13793 0.103448 0.758622
0.700022 0.299978 0
0.0307344 0.397668 0.571598
0.135643 0.450504 0.413853
0.448197 0.241382 0.310421
0.400002 0.599998 0
0.249887 0.356909 0.393204
6.40711e-05 0.310183 0.689753
0.241052 0.241063 0.517886
0.0678793 0.621088 0.311033
0.766691 0.233309 0
0.344853 0.17241 0.482737
0.000103414 0.241346 0.758551
0.572629 0.0327395 0.394631
0.172333 0.551322 0.276345
