0.103429 0.275857 0.620715
0.2 0.8 0
0.310349 0.379308 0.310343
0.133335 0.866665 0
0.866666 0.133334 0
0.482784 0.137905 0.379311
0.607136 0.392864 0
0.480002 0.519998 0
0.413746 0.000103351 0.586151
0.166647 9.40425e-05 0.833259
0.620691 0.0689644 0.310345
0.0689594 0.344825 0.586215
0.269234 0.730766 0
0.586146 0.000103419 0.413751
0.275858 0.241381 0.482761
0.0333244 0.966676 0
0.966666 0.0333335 0
0.733333 0.266667 0
0.00010341 0.655105 0.344792
0.310347 0.0689609 0.620692
0.142855 0.214286 0.642859
0.379325 0.068962 0.551713
0.639935 0.000101016 0.359964
0.214284 0.321432 0.464284
0.586208 0.13793 0.275862
0.448277 0.551723 0
0.000103362 0.137897 0.861999
0.103496 0.586153 0.31035
0.206896 0.172412 0.620692
0.310338 0.689662 0
0.379312 0.310343 0.310345
0.0669881 0.502392 0.43062
0.000102141 0.749897 0.250001
0.642857 0.357143 0
0.107288 0.0343353 0.858377
0.27586 0.448279 0.275862
0.10714 0.89286 0
0.214285 0.42857 0.357145
0.108685 0.31196 0.579355
0.148146 0.444443 0.407411
0.000103391 0.517187 0.482709
0.444445 0.148145 0.407411
0.0344818 0.275864 0.689654
0.275876 0.137929 0.586196
0.892861 0.107139 0
0.0344828 0.689655 0.275862
9.99813e-05 0.9999 0
0.333331 0.333331 0.333338
0.500002 0.249997 0.250001
0.517241 0.482759 0
0.299463 0.18717 0.513366
0.175257 0.123721 0.701021
0.000103262 0.241345 0.758552
9.90638e-05 9.93681e-05 0.999802
0.000103396 0.379269 0.620627
0.239998 0.760002 0
0.766671 0.233329 0
0.0666497 8.29962e-05 0.933267
0.25 0.499999 0.250001
0.9999 9.9936e-05 0
0.357143 0.392856 0.250001
0.370371 0.629629 0
0.346117 0.000103219 0.65378
0.00010111 0.607079 0.39282
0.749897 0.00010211 0.250001
0.172416 0.827584 0
0.827582 0.172418 0
0.576927 0.423073 0
0.448276 0.206896 0.344828
0.25073 0.0681164 0.681154
0.543698 0.0679625 0.388339
0.37931 0.241379 0.379311
0.69999 0.30001 0
0.27586 0.344829 0.379311
0.0683236 0.409944 0.521732
0.517188 0.000103429 0.482709
0.136366 0.613633 0.250001
0.0689655 0.137934 0.793101
0.206897 0.241381 0.551721
0.933333 0.0666668 0
0.172412 0.551726 0.275862
0.0666632 0.933337 0
0.275831 0.000103408 0.724065
0.464243 9.97424e-05 0.535657
0.712786 0.0356405 0.251574
0.517235 0.172415 0.31035
0.214271 0.000102391 0.785627
0.103426 0.172366 0.724208
0.428577 0.285711 0.285713
0.344826 0.172415 0.482759
0.13793 0.103445 0.758624
0.0333331 0.0666662 0.900001
0.431872 0.100259 0.467868
0.310346 0.27586 0.413794
0.137934 0.517233 0.344833
0.137919 0.344886 0.517196
0.647727 0.102272 0.250001
0.000103335 0.448233 0.551664
0.400007 0.599993 0
0.137929 0.413791 0.448279
