0.103444 0.275863 0.620693
0.310344 0.379312 0.310344
9.99871e-05 0.19998 0.79992
0.133337 0.866663 0
0.866666 0.133334 0
0.482758 0.137931 0.379311
0.607141 0.392859 0
0.480002 0.519998 0
0.41375 0.000103427 0.586146
0.166646 9.71504e-05 0.833257
0.620692 0.0689619 0.310346
0.0689631 0.344825 0.586212
0.269229 0.730771 0
0.586146 0.000103432 0.413751
0.275863 0.241378 0.48276
0.0333328 0.966667 0
0.966667 0.0333333 0
0.733332 0.266668 0
0.357143 0.392857 0.25
0.586208 0.137931 0.275861
0.448283 0.206887 0.34483
0.103453 0.586189 0.310358
0.000103428 0.379271 0.620626
0.639935 0.000100999 0.359964
0.299465 0.187164 0.513371
0.148147 0.444435 0.407417
0.214285 0.42857 0.357145
0.370372 0.629628 0
0.431878 0.100258 0.467864
0.517188 0.000103426 0.482709
0.107143 0.892857 0
0.444436 0.148147 0.407417
0.2 0.8 0
0.517241 0.482759 0
0.712788 0.0356384 0.251573
0.107301 0.0343348 0.858364
0.103447 0.172413 0.724139
0.9999 9.99809e-05 0
0.000103429 0.517188 0.482709
0.239995 0.760005 0
9.99717e-05 0.9999 0
0.346119 0.000103224 0.653778
0.379547 0.0689393 0.551514
0.37931 0.310345 0.310345
0.344831 0.172413 0.482756
0.108646 0.311974 0.57938
9.6854e-05 9.67974e-05 0.999806
0.333334 0.333334 0.333333
0.175229 0.123855 0.700916
0.766669 0.233331 0
0.0666585 8.85663e-05 0.933253
0.647729 0.102271 0.25
0.642853 0.357147 0
0.206896 0.172413 0.620691
0.0344792 0.689687 0.275833
0.214287 0.32143 0.464284
0.13793 0.103448 0.758622
0.000102251 0.749898 0.25
0.00010342 0.241354 0.758543
0.933332 0.066668 0
0.892858 0.107142 0
0.500003 0.249997 0.25
0.0344835 0.137934 0.827582
0.25 0.5 0.25
0.448275 0.551725 0
0.206896 0.24138 0.551724
0.000101149 0.607082 0.392817
0.749898 0.000102238 0.25
0.0669876 0.502386 0.430626
0.172415 0.827585 0
0.310345 0.689655 0
0.214269 0.00010247 0.785629
0.275862 0.344827 0.379311
0.827581 0.172419 0
0.576924 0.423076 0
0.25089 0.0681001 0.68101
9.96267e-05 0.0999897 0.899911
0.37931 0.241379 0.379311
0.137925 0.517246 0.34483
0.699999 0.300001 0
0.0683219 0.409938 0.52174
0.543689 0.0679622 0.388349
0.136366 0.613634 0.25
0.27588 0.137928 0.586192
0.0666661 0.933334 0
0.0344789 0.275866 0.689655
0.464242 0.000100428 0.535657
0.517238 0.172415 0.310347
0.000103436 0.655105 0.344791
0.428571 0.285718 0.285712
0.172415 0.55172 0.275865
0.310342 0.275863 0.413795
0.142858 0.214287 0.642856
0.275833 0.000103428 0.724064
0.275864 0.448274 0.275861
0.137874 0.345093 0.517032
0.000103319 0.44823 0.551667
0.4 0.6 0
0.13793 0.413783 0.448287
0.310344 0.0689651 0.620691
