0.27586 0.172413 0.551727
0.200001 0.799999 0
0.137929 0.482767 0.379304
0.133339 0.866661 0
0.866667 0.133333 0
0.172414 0.344828 0.482759
0.482761 0.13793 0.379309
0.103446 0.448271 0.448283
0.344827 0.206898 0.448275
0.275861 0.379311 0.344828
0.48 0.52 0
0.517242 0.172412 0.310346
9.99449e-05 0.166649 0.833251
0.344828 0.0689654 0.586207
0.269232 0.730768 0
0.586146 0.00010338 0.413751
0.0333299 0.96667 0
0.6 0.4 0
0.000103424 0.655105 0.344792
0.0689651 0.310342 0.620693
0.392857 0.357143 0.25
0.607144 0.142856 0.25
0.249999 0.214281 0.53572
0.103443 0.58621 0.310346
0.689657 0.310343 0
0.000102457 0.214265 0.785633
0.148148 0.444448 0.407405
0.000102246 0.749898 0.25
0.892858 0.107142 0
0.274239 0.254018 0.471743
0.241355 0.000103417 0.758541
0.63994 0.000100994 0.359959
0.107143 0.892857 0
0.034335 0.107289 0.858376
0.285716 0.42857 0.285714
0.000103431 0.413749 0.586147
0.407402 0.185183 0.407415
0.571429 0.428571 0
0.311957 0.108639 0.579403
0.136364 0.613636 0.25
0.000103437 0.517188 0.482709
0.0689618 0.379343 0.551695
9.99801e-05 0.9999 0
0.482758 0.241381 0.275862
0.24138 0.344824 0.413795
0.629632 0.370368 0
0.370375 0.629625 0
0.9999 9.99722e-05 0
0.172415 0.517238 0.310347
0.24 0.76 0
0.517188 0.000103416 0.482709
9.8804e-05 9.99422e-05 0.999801
0.551675 0.10346 0.344865
0.0344826 0.689657 0.27586
0.333334 0.333333 0.333334
0.517241 0.482759 0
0.123877 0.175225 0.700899
0.766665 0.233335 0
0.000100419 0.464239 0.53566
0.712788 0.03564 0.251572
0.379271 0.000103435 0.620625
0.187166 0.299465 0.513369
0.000101171 0.607067 0.392832
0.206897 0.0689646 0.724138
0.000103225 0.346131 0.653766
0.25 0.5 0.25
0.214285 0.142857 0.642858
0.172416 0.827584 0
0.310339 0.689661 0
0.749898 0.00010225 0.25
0.432994 0.0667072 0.500299
0.137934 0.0689673 0.793099
0.827582 0.172418 0
0.0681304 0.250577 0.681293
0.2069 0.413791 0.379309
8.67454e-05 0.0666573 0.933256
0.275864 0.0344811 0.689655
0.933335 0.0666654 0
0.502393 0.0669856 0.430622
0.966671 0.0333285 0
0.137928 0.27588 0.586192
0.535716 0.214284 0.25
0.06698 0.502396 0.430624
0.344827 0.275864 0.379309
0.103447 0.137929 0.758624
0.400003 0.599997 0
0.137916 0.000103436 0.861981
0.344875 0.137919 0.517206
0.172415 0.206891 0.620694
0.413792 0.275862 0.310346
0.0666634 0.0333319 0.900005
0.448275 0.206897 0.344828
0.730769 0.269231 0
0.620689 0.0689642 0.310346
0.448275 0.551725 0
0.000103421 0.275827 0.72407
0.134093 0.396874 0.469033
0.44823 0.000103327 0.551667
0.0666666 0.933333 0
0.413795 0.13793 0.448275
