0.103445 0.275865 0.62069
0.310342 0.413797 0.275862
8.71142e-05 0.199965 0.799948
0.866666 0.133334 0
0.133336 0.866664 0
0.379307 0.275862 0.34483
0.519999 0.480001 0
0.413747 0.000103372 0.586149
0.172415 0.517244 0.310342
0.166655 9.99841e-05 0.833245
0.73077 0.26923 0
0.966668 0.0333323 0
0.0333332 0.966667 0
0.448273 0.103449 0.448278
0.310345 0.310345 0.37931
0.241368 0.344835 0.413797
0.551725 0.448275 0
0.254293 0.273456 0.472251
0.214269 0.000102466 0.785628
0.444452 0.148146 0.407402
9.49811e-05 0.448238 0.551667
0.892852 0.107148 0
9.99897e-05 0.9999 0
0.749897 0.000102252 0.25
0.37037 0.62963 0
0.0689463 0.620702 0.310352
0.344828 0.172413 0.482759
0.299465 0.187169 0.513366
0.107307 0.0343358 0.858357
0.517243 0.172409 0.310348
0.629627 0.370373 0
0.108648 0.31188 0.579471
0.175253 0.123734 0.701014
0.000101019 0.639934 0.359965
0.00010339 0.517188 0.482709
0.9999 9.99825e-05 0
0.000103415 0.241359 0.758537
0.269231 0.730769 0
0.35715 0.39285 0.25
0.517188 0.000103423 0.482709
0.310342 0.689658 0
0.333334 0.333334 0.333333
0.107143 0.892857 0
0.482759 0.517241 0
0.689666 0.310334 0
0.0344826 0.137936 0.827581
0.346113 0.000103168 0.653784
0.0689625 0.344827 0.58621
0.185175 0.407389 0.407436
0.241379 0.482759 0.275862
0.760003 0.239997 0
0.233333 0.766667 0
0.379326 0.0689636 0.551711
0.142875 0.607124 0.25
0.500001 0.249999 0.25
9.90948e-05 9.538e-05 0.999806
0.800002 0.199998 0
0.0356387 0.712787 0.251574
0.000103293 0.379271 0.620626
0.000103114 0.586133 0.413764
0.103433 0.551734 0.344834
0.482761 0.13793 0.37931
0.142854 0.214285 0.642862
0.585859 0.103535 0.310606
0.607075 0.000101166 0.392824
0.827585 0.172415 0
0.000102192 0.749898 0.25
0.689655 0.034483 0.275862
0.0668266 0.431972 0.501201
0.0669904 0.502387 0.430622
0.172414 0.827586 0
0.250729 0.0681158 0.681156
0.310345 0.0689644 0.62069
9.8818e-05 0.0999897 0.899911
0.413576 0.207313 0.379111
0.21423 0.535751 0.250018
0.502386 0.0669914 0.430622
0.613635 0.136364 0.25
0.428566 0.571434 0
0.933333 0.0666665 0
0.0666684 0.933332 0
0.6 0.4 0
0.0344809 0.275861 0.689658
0.214278 0.249976 0.535746
0.400002 0.599998 0
0.06666 9.95788e-05 0.93324
0.137925 0.103446 0.758629
0.464248 0.000100429 0.535651
0.275865 0.13793 0.586204
0.137905 0.344947 0.517148
0.428569 0.285713 0.285718
0.344826 0.241376 0.413797
0.275857 0.379312 0.34483
0.103447 0.172413 0.724139
0.275833 0.000103377 0.724064
0.396864 0.134113 0.469023
0.206895 0.448274 0.34483
0.206897 0.172413 0.62069
0.137931 0.413793 0.448276
0.655105 0.000103409 0.344792
