0.103421 0.275869 0.620709
0.199982 0.800018 0
0.310341 0.379314 0.310345
0.37931 0.310344 0.310346
0.133343 0.866657 0
0.482765 0.13792 0.379315
0.607135 0.392865 0
0.480007 0.519993 0
0.413763 9.34974e-05 0.586143
0.166679 9.99426e-05 0.833221
0.620706 0.068939 0.310355
0.26923 0.73077 0
0.0689408 0.344758 0.586301
0.586133 9.67025e-05 0.41377
0.275884 0.241349 0.482766
0.0333289 0.966671 0
0.966668 0.0333317 0
0.73332 0.26668 0
0.000103395 0.655114 0.344783
0.357143 0.392857 0.25
0.275986 0.137907 0.586107
0.379361 0.0689635 0.551675
0.103451 0.586203 0.310347
0.214294 0.321442 0.464264
0.000103409 0.137916 0.86198
0.0666725 0.933328 0
0.214263 0.000102045 0.785635
0.892862 0.107138 0
0.206899 0.241384 0.551717
0.642852 0.357148 0
0.299412 0.187312 0.513277
0.310346 0.0689445 0.620709
0.444449 0.148147 0.407405
0.310348 0.275875 0.413777
0.107135 0.892865 0
0.107296 0.0343353 0.858369
0.370388 0.629612 0
0.109154 0.311804 0.579042
0.175232 0.123843 0.700925
0.866664 0.133336 0
0.000102564 0.379271 0.620626
0.000103305 0.517185 0.482712
0.0344798 0.689673 0.275848
0.749899 0.000100926 0.25
9.97807e-05 0.9999 0
0.647704 0.102296 0.25
0.0333351 0.0665982 0.900067
0.63994 9.28006e-05 0.359968
0.33333 0.333331 0.333339
0.517188 0.000103326 0.482709
9.98503e-05 9.31279e-05 0.999807
0.76667 0.23333 0
0.9999 9.97989e-05 0
0.933332 0.0666684 0
0.148152 0.444446 0.407402
0.239998 0.760002 0
0.464251 0.000100021 0.535649
0.000103306 0.241342 0.758554
0.103444 0.172401 0.724156
0.13638 0.61362 0.25
0.137926 0.517236 0.344838
0.712776 0.0356399 0.251584
0.517237 0.482763 0
0.399999 0.600001 0
0.500005 0.249995 0.25
0.249997 0.500003 0.25
0.448264 0.551736 0
9.94608e-05 0.607023 0.392877
0.172421 0.827579 0
0.310344 0.689656 0
0.827583 0.172417 0
0.576926 0.423074 0
0.250914 0.0681104 0.680976
0.586213 0.137928 0.275859
0.379313 0.241374 0.379313
0.0689644 0.137931 0.793104
0.699983 0.300017 0
0.0683375 0.40993 0.521733
0.543695 0.0679666 0.388338
0.214284 0.428575 0.35714
0.0666536 6.87821e-05 0.933278
0.0344814 0.275857 0.689662
0.142841 0.214263 0.642896
0.517242 0.172413 0.310345
0.428581 0.285701 0.285719
0.344833 0.172417 0.48275
0.0669764 0.502389 0.430635
0.172386 0.55174 0.275875
0.137925 0.103446 0.758629
0.275861 0.344826 0.379313
0.431865 0.100264 0.467871
0.13792 0.344921 0.51716
0.275801 9.84944e-05 0.7241
0.275873 0.448268 0.275859
0.137931 0.413786 0.448283
0.000102987 0.44823 0.551667
0.346106 0.000103186 0.653791
0.448294 0.20689 0.344816
0.000101999 0.749898 0.25
0.206882 0.172409 0.620709
