0.866665 0.133335 0
0.482759 0.241379 0.275862
0.241379 0.482759 0.275862
0.206892 0.137931 0.655177
0.310343 0.310343 0.379313
0.172404 0.379312 0.448284
0.0344826 0.413794 0.551723
0.310346 0.137931 0.551723
0.166651 9.99263e-05 0.833249
0.655809 0.0688381 0.275353
0.433335 0.566665 0
0.233329 0.766671 0
0.96667 0.0333295 0
0.0333319 0.966668 0
0.0689445 0.448443 0.482613
0.733329 0.266671 0
0.392862 0.249992 0.357145
0.359998 0.640002 0
0.0689657 0.137931 0.793103
0.066667 0.933333 0
0.103445 0.586204 0.310351
0.298329 0.105252 0.596419
0.214282 0.000102461 0.785616
0.000103407 0.10343 0.896467
0.653777 0.000103223 0.34612
0.13636 0.61364 0.25
0.586202 0.103447 0.310351
0.107293 0.0343349 0.858372
0.000100939 0.629563 0.370336
0.24 0.24 0.52
0.9999 9.9981e-05 0
0.428572 0.142859 0.428569
0.0689631 0.655175 0.275862
0.24138 0.172414 0.586206
0.000103422 0.482709 0.517188
0.0357164 0.714284 0.25
0.142853 0.857147 0
0.142857 0.214285 0.642858
9.99901e-05 0.23331 0.76659
0.51724 0.48276 0
0.642857 0.357143 0
0.392857 0.607143 0
0.333333 0.333333 0.333334
0.892858 0.107142 0
0.545455 0.204545 0.25
0.517188 0.000103413 0.482709
9.99752e-05 0.9999 0
0.000103231 0.275833 0.724063
0.392857 0.357143 0.25
0.168317 0.124751 0.706932
0.433291 9.99634e-05 0.566609
0.285708 0.464292 0.25
0.766668 0.233332 0
0.34612 0.000103227 0.653777
0.799996 0.200004 0
0.206896 0.310344 0.482759
0.269231 0.730769 0
0.461538 0.538462 0
0.142858 0.428569 0.428574
0.300002 0.699998 0
9.992e-05 0.566599 0.433301
0.310347 0.241369 0.448284
0.214281 0.535719 0.25
0.388952 0.0678955 0.543152
0.275833 0.000103343 0.724064
9.99881e-05 0.733261 0.266639
0.576922 0.423078 0
0.2 0.8 0
0.833339 0.166661 0
0.7 0.3 0
0.333333 0.666667 0
9.99795e-05 9.60739e-05 0.999804
0.749898 0.000102244 0.25
0.0683407 0.521613 0.410047
0.344822 0.172415 0.482763
0.000103353 0.379272 0.620625
0.538115 0.0672666 0.394619
0.0334085 0.298403 0.668188
0.241835 0.0689223 0.689243
0.487929 0.174257 0.337813
0.933333 0.0666669 0
0.0666549 7.52833e-05 0.93327
0.448272 0.068966 0.482762
0.103447 0.379311 0.517242
0.13793 0.103448 0.758622
0.285713 0.285713 0.428573
0.613633 0.136367 0.25
0.17241 0.482751 0.344839
0.712787 0.0356407 0.251572
0.464288 0.285712 0.25
0.0689653 0.34483 0.586205
0.172411 0.275864 0.551725
9.91311e-05 0.166656 0.833245
0.0689636 0.206897 0.72414
0.100002 0.899998 0
0.250002 0.392852 0.357145
0.58614 0.000103366 0.413756
0.607137 0.392863 0
0.344828 0.37931 0.275862
0.103448 0.275861 0.620691
