0.482753 0.137933 0.379314
0.6 0.4 0
0.13793 0.482758 0.379312
0.866663 0.133337 0
0.133333 0.866667 0
0.172414 0.344829 0.482757
0.275862 0.379311 0.344827
0.480003 0.519997 0
0.000103435 0.41375 0.586147
0.517241 0.172414 0.310345
0.34483 0.0689651 0.586205
0.586144 0.000103426 0.413752
0.0333332 0.966667 0
0.000103284 0.655109 0.344787
0.0689653 0.310343 0.620692
0.448274 0.551726 0
0.000102234 0.749898 0.25
0.0689667 0.379314 0.551719
0.000102465 0.214261 0.785637
0.275865 0.0344805 0.689655
0.4074 0.185185 0.407415
0.379275 0.000103337 0.620622
0.448276 0.206898 0.344827
0.000103198 0.346119 0.653778
0.107142 0.892858 0
0.629622 0.370378 0
9.99708e-05 0.9999 0
0.103449 0.448267 0.448284
0.0343347 0.1073 0.858365
0.370371 0.629629 0
0.933333 0.0666667 0
0.517188 0.000103416 0.482709
0.892857 0.107143 0
0.0344825 0.689658 0.275859
0.482759 0.241379 0.275862
0.607138 0.142862 0.25
0.310346 0.689654 0
0.333333 0.333333 0.333334
0.4 0.6 0
0.000103432 0.517188 0.482709
0.9999 9.99869e-05 0
0.517241 0.482759 0
0.413793 0.275862 0.310345
0.269231 0.730769 0
0.148146 0.44445 0.407404
0.76667 0.23333 0
0.271766 0.254882 0.473352
0.200001 0.799999 0
0.123768 0.175246 0.700985
0.187164 0.29946 0.513376
0.137916 0.000103427 0.86198
0.712788 0.0356394 0.251572
0.103459 0.586178 0.310363
0.25 0.5 0.25
0.239999 0.760001 0
0.344829 0.206897 0.448274
0.749898 0.000102255 0.25
9.9074e-05 9.20959e-05 0.999809
0.241354 0.000103423 0.758542
9.99477e-05 0.16665 0.83325
0.551719 0.103449 0.344832
0.966669 0.0333311 0
0.214286 0.142857 0.642857
0.689656 0.310344 0
0.172414 0.517239 0.310347
0.00010117 0.607074 0.392824
0.207373 0.413545 0.379082
0.311901 0.108647 0.579452
0.433333 0.0666688 0.499999
0.827586 0.172414 0
0.0681305 0.250575 0.681294
0.137932 0.0689661 0.793102
0.136364 0.613636 0.25
0.275863 0.172413 0.551724
0.571436 0.428564 0
8.64262e-05 0.0666589 0.933255
0.0666663 0.933334 0
0.285716 0.428575 0.285709
0.25 0.214286 0.535714
0.00010042 0.464244 0.535655
0.502393 0.0669862 0.430621
0.172415 0.827585 0
0.535726 0.21427 0.250003
0.639936 0.000101029 0.359963
0.344826 0.275862 0.379311
0.241374 0.344823 0.413803
0.0669737 0.502399 0.430627
0.137932 0.275863 0.586205
0.103447 0.137929 0.758624
0.344909 0.137915 0.517175
0.0666422 0.0333311 0.900027
0.620691 0.0689641 0.310345
0.134076 0.396881 0.469044
0.000103369 0.27583 0.724067
0.392855 0.357145 0.25
0.44823 0.000103433 0.551667
0.730767 0.269233 0
0.172412 0.206897 0.62069
0.172413 0.103448 0.724139
0.413794 0.137932 0.448274
