0.0666733 0.166685 0.766642
0.275862 0.103448 0.620691
0.8 0.2 0
0.310346 0.37931 0.310344
0.37931 0.310346 0.310344
0.133338 0.866662 0
0.866666 0.133334 0
0.13793 0.482759 0.379311
0.519999 0.480001 0
9.99457e-05 0.166655 0.833245
0.0689648 0.620691 0.310344
0.344828 0.0689644 0.586208
0.000103428 0.586146 0.41375
0.241378 0.275863 0.482759
0.517242 0.13793 0.344828
0.033329 0.966671 0
0.966666 0.0333341 0
0.266667 0.733333 0
0.000103359 0.41375 0.586147
0.0689647 0.310345 0.620691
0.000102224 0.214265 0.785633
0.148148 0.444442 0.407411
0.444441 0.148148 0.407411
0.409941 0.0683227 0.521736
0.730769 0.269231 0
0.137941 0.0344824 0.827577
0.749898 0.000102223 0.25
0.689654 0.034484 0.275862
0.586149 0.103463 0.310388
0.107143 0.892857 0
0.000100983 0.639936 0.359963
0.760001 0.239999 0
0.357144 0.642856 0
0.000103199 0.346116 0.653781
0.892857 0.107143 0
0.000103419 0.275829 0.724068
0.187163 0.299462 0.513374
0.214285 0.142857 0.642858
0.0343347 0.107301 0.858364
0.517188 0.00010343 0.482709
9.99333e-05 0.9999 0
0.655103 0.000103421 0.344793
0.379271 0.000103412 0.620626
0.500001 0.249999 0.25
0.000103424 0.517188 0.482709
9.58261e-05 9.03125e-05 0.999814
0.103451 0.103451 0.793098
0.233334 0.766666 0
0.333333 0.333333 0.333334
0.0999879 9.27187e-05 0.899919
0.9999 9.99903e-05 0
0.39286 0.35714 0.25
0.482759 0.517241 0
0.551725 0.448275 0
0.0356428 0.712786 0.251571
0.137945 0.586197 0.275857
0.241361 0.000103427 0.758535
0.62963 0.37037 0
0.25 0.5 0.25
0.321427 0.214286 0.464286
0.206897 0.448276 0.344828
0.60708 0.000101171 0.392819
0.311892 0.108879 0.579229
0.000102255 0.749898 0.25
0.827578 0.172422 0
0.689656 0.310344 0
0.17242 0.82758 0
0.423075 0.576925 0
0.0679616 0.543689 0.388349
0.123757 0.17525 0.700993
0.61363 0.13637 0.25
0.502391 0.0669865 0.430622
0.428572 0.214285 0.357142
0.0666661 0.933334 0
0.933334 0.0666659 0
0.068111 0.250803 0.681086
0.275867 0.0344767 0.689656
0.241385 0.206895 0.55172
9.96083e-05 0.0666597 0.933241
0.3 0.7 0
0.102273 0.647727 0.25
0.392863 0.607137 0
0.00010039 0.464247 0.535653
0.551724 0.172414 0.275862
0.0689572 0.379382 0.551661
0.137931 0.275863 0.586206
0.599998 0.400002 0
0.172414 0.51724 0.310346
0.285712 0.428573 0.285715
0.172414 0.344828 0.482759
0.344826 0.275863 0.379311
0.100258 0.431867 0.467875
0.275862 0.310345 0.413793
0.24138 0.379309 0.379311
0.206895 0.0689655 0.72414
0.448276 0.275862 0.275862
0.345005 0.137895 0.5171
0.44823 0.000103361 0.551667
0.413785 0.137929 0.448286
0.172414 0.206894 0.620692
