0.333327 1.55771e-05 0.666657
0.275867 0.103434 0.620699
0.799994 0.200006 0
0.310345 0.310344 0.379311
0.482765 0.13792 0.379315
0.866662 0.133338 0
0.133342 0.866658 0
0.137929 0.482763 0.379308
0.392857 0.607143 0
0.519984 0.480016 0
7.74709e-05 0.166647 0.833276
0.0689633 0.620692 0.310345
0.730771 0.269229 0
0.344828 0.0689636 0.586208
0.000103413 0.58614 0.413756
0.0333328 0.966667 0
0.966667 0.0333328 0
0.266668 0.733332 0
0.321431 0.214289 0.46428
0.137937 0.586203 0.27586
0.586154 0.103462 0.310385
0.448236 0.000101071 0.551663
0.000102469 0.214268 0.785629
0.148145 0.444442 0.407413
0.0689622 0.37934 0.551698
0.689651 0.034489 0.27586
0.444446 0.148148 0.407406
0.357146 0.642854 0
0.749897 0.000102201 0.250001
0.10714 0.89286 0
0.17241 0.206894 0.620696
0.000101033 0.639937 0.359962
0.499999 0.25 0.25
0.379272 0.000103368 0.620625
0.214277 0.142852 0.642871
0.0343354 0.107303 0.858362
0.629631 0.370369 0
0.392855 0.357145 0.25
0.187174 0.299463 0.513363
0.0689618 0.310347 0.620692
0.000103413 0.517188 0.482709
0.0681049 0.250852 0.681043
0.241348 0.000103407 0.758549
5.07816e-05 0.0666601 0.933289
0.9999 9.99397e-05 0
0.249993 0.500006 0.25
0.517188 0.000103362 0.482709
0.0666688 0.933331 0
0.000103161 0.413735 0.586162
0.123736 0.175254 0.70101
9.95173e-05 0.464249 0.535651
0.000103079 0.346119 0.653778
9.99579e-05 0.9999 0
0.311925 0.108785 0.57929
0.482762 0.517238 0
0.137921 0.000103185 0.861975
9.86213e-05 8.49686e-05 0.999816
0.599998 0.400002 0
0.76 0.24 0
0.233333 0.766667 0
0.0356418 0.712788 0.251571
0.655108 0.000103432 0.344789
0.551724 0.448276 0
0.27585 0.0344811 0.689669
0.607081 0.000101173 0.392818
0.344845 0.137928 0.517227
0.000102254 0.749897 0.250001
0.333333 0.333332 0.333335
0.827584 0.172416 0
0.689656 0.310344 0
0.000103407 0.275833 0.724064
0.42307 0.57693 0
0.241378 0.379311 0.379311
0.17242 0.82758 0
0.137929 0.0689648 0.793106
0.285712 0.428573 0.285715
0.300001 0.699999 0
0.409947 0.0683191 0.521734
0.892859 0.107141 0
0.172411 0.517242 0.310347
0.0679652 0.543689 0.388345
0.102277 0.647722 0.25
0.613635 0.136365 0.250001
0.413794 0.137931 0.448274
0.40121 0.234043 0.364746
0.310339 0.379321 0.31034
0.93334 0.0666596 0
0.448278 0.206895 0.344827
0.241384 0.206898 0.551718
0.517242 0.172413 0.310345
0.137929 0.275868 0.586203
0.172411 0.344836 0.482753
0.502392 0.0669864 0.430622
0.103438 0.137921 0.758641
0.0665128 0.0332924 0.900195
0.100265 0.431875 0.46786
0.44828 0.27586 0.27586
0.206878 0.448291 0.344831
0.285711 0.28571 0.428579
0.172392 0.103434 0.724175
