0.482768 0.137922 0.37931
0.2 0.8 0
0.275857 0.172408 0.551735
0.137925 0.482773 0.379302
0.133339 0.866661 0
0.866666 0.133334 0
0.172409 0.344818 0.482773
0.103416 0.448288 0.448296
0.275855 0.379315 0.34483
0.344816 0.206888 0.448296
0.480021 0.519979 0
0.000103427 0.413748 0.586149
0.517239 0.172415 0.310346
9.23553e-05 0.166649 0.833258
0.344824 0.0689639 0.586212
0.269232 0.730768 0
0.586132 9.68222e-05 0.413771
0.0689653 0.310344 0.620691
0.00010327 0.655104 0.344793
0.137894 0.000102877 0.862003
0.607145 0.142853 0.250001
0.103449 0.586206 0.310346
0.000102434 0.214302 0.785595
0.730769 0.269231 0
0.0333257 0.966674 0
0.172415 0.206893 0.620692
0.00010226 0.749896 0.250001
0.000103382 0.517188 0.482709
0.639937 0.000100968 0.359962
0.749896 0.000102247 0.250001
0.629629 0.370371 0
0.517188 0.000103438 0.482709
0.311888 0.10865 0.579463
0.310343 0.689657 0
0.892861 0.107139 0
0.712794 0.0356401 0.251566
0.39286 0.357139 0.250001
0.37928 0.000103327 0.620616
0.448277 0.551723 0
0.000103221 0.346117 0.65378
0.148144 0.444459 0.407397
0.9999 9.99526e-05 0
0.333333 0.333334 0.333332
9.9983e-05 0.9999 0
0.370372 0.629628 0
9.72575e-05 9.90678e-05 0.999804
0.0689643 0.379316 0.55172
0.123717 0.175255 0.701027
0.137923 0.275904 0.586173
0.535713 0.214286 0.250001
0.4 0.6 0
0.239994 0.760006 0
0.766667 0.233333 0
0.0344787 0.689692 0.27583
0.241364 0.00010336 0.758532
0.827585 0.172415 0
0.0343346 0.10729 0.858375
0.271347 0.255029 0.473624
0.107145 0.892855 0
0.25 0.499999 0.250001
0.482762 0.241382 0.275856
0.502393 0.0669861 0.430621
0.551715 0.10345 0.344834
0.214278 0.142852 0.642869
0.689656 0.310344 0
9.99758e-05 0.0666629 0.933237
0.000101117 0.607079 0.39282
0.172416 0.827584 0
0.433262 0.0666848 0.500053
0.517239 0.482761 0
0.000103395 0.275825 0.724072
0.0681187 0.250694 0.681187
0.137932 0.0689662 0.793102
0.206897 0.413794 0.379309
0.620776 0.068879 0.310345
0.407403 0.185186 0.407411
0.134114 0.396866 0.46902
0.57143 0.42857 0
0.0666671 0.933333 0
0.933334 0.0666656 0
0.103445 0.137925 0.75863
0.275865 0.0344831 0.689651
0.249997 0.21428 0.535723
0.000100036 0.464245 0.535655
0.285715 0.428572 0.285713
0.344839 0.275858 0.379302
0.172415 0.517239 0.310346
0.413779 0.137924 0.448296
0.241375 0.344841 0.413784
0.6 0.4 0
0.0669853 0.502394 0.430621
0.448274 0.206898 0.344829
0.345308 0.13783 0.516862
0.136363 0.613635 0.250001
0.0666672 0.0333337 0.899999
0.966666 0.033334 0
0.448231 0.000103231 0.551666
0.187179 0.299458 0.513363
0.172411 0.103446 0.724143
0.413793 0.275862 0.310345
