9.35013e-05 0.379266 0.62064
0.639997 0.360003 0
0.379307 0.103451 0.517243
0.413791 0.0344738 0.551735
0.482758 0.241385 0.275857
0.379288 0.310365 0.310347
0.699998 0.300002 0
0.482609 0.137976 0.379415
0.133429 0.866571 0
0.137894 0.379308 0.482798
0.400002 0.599998 0
0.137933 0.24138 0.620688
0.241377 0.137929 0.620694
0.0689627 0.551741 0.379296
0.269227 0.730773 0
0.566669 0.433331 0
0.655177 0.0344783 0.310344
0.766668 0.233332 0
0.966675 0.0333248 0
0.0333311 0.966669 0
0.379327 0.206886 0.413787
0.107143 0.892857 0
0.445063 0.258227 0.29671
0.105529 0.261294 0.633176
0.260908 0.105586 0.633506
0.733259 9.98614e-05 0.266641
0.0689862 0.0689861 0.862028
0.933325 0.0666751 0
8.82256e-05 0.615334 0.384578
0.607134 0.392866 0
0.140617 0.507809 0.351574
0.00010263 0.178558 0.82134
0.170432 0.579566 0.250001
0.629575 0.000100276 0.370324
0.0684797 0.349339 0.582181
0.857133 0.142867 0
0.310305 0.689695 0
0.58511 0.103722 0.311169
0.9999 9.99455e-05 0
0.000101707 0.319961 0.679937
0.0357192 0.714278 0.250003
0.482709 0.00010337 0.517187
0.310295 0.000103305 0.689602
9.99044e-05 0.73326 0.26664
0.36666 0.63334 0
0.172416 0.172416 0.655168
9.99214e-05 0.9999 0
0.535721 0.214278 0.250001
0.482768 0.517232 0
0.333335 0.333335 0.33333
0.000103427 0.482709 0.517187
9.3051e-05 6.67341e-05 0.99984
0.172424 0.827576 0
0.714283 0.035716 0.250001
0.275868 0.413796 0.310336
0.178558 0.000102644 0.82134
0.730779 0.269221 0
0.409059 0.147736 0.443205
0.125 0.124995 0.750005
0.204196 0.544502 0.251302
0.349369 0.0684874 0.582143
0.357141 0.392857 0.250002
0.206899 0.206899 0.586202
0.272331 0.306361 0.421308
0.0333351 0.533343 0.433322
0.799999 0.200001 0
0.0666618 0.933338 0
0.103345 0.609718 0.286936
0.517251 0.0689619 0.413787
0.53847 0.46153 0
0.357153 0.249941 0.392906
0.666659 0.333341 0
0.034476 0.655177 0.310347
0.249989 0.464293 0.285718
0.0689639 0.206909 0.724127
0.428573 0.571427 0
9.99479e-05 0.233312 0.766588
0.206937 0.068962 0.724101
0.321439 0.178558 0.500003
0.0333367 0.0333367 0.933327
0.233311 9.99041e-05 0.766589
0.172418 0.310335 0.517247
0.46452 0.178157 0.357323
0.379271 0.000103327 0.620625
0.147726 0.409087 0.443187
0.566591 9.97182e-05 0.433309
0.240002 0.240002 0.519996
0.613629 0.13637 0.250002
0.000100434 0.428533 0.571366
0.240004 0.759996 0
0.430576 0.0670609 0.502363
0.199995 0.800005 0
0.428627 0.321371 0.250003
0.0999866 9.46547e-05 0.899919
0.0999894 0.433337 0.466674
6.47804e-05 0.0999904 0.899945
0.103444 0.103444 0.793112
0.899998 0.100002 0
0.214275 0.392871 0.392854
0.245827 0.287301 0.466872
