0.241365 0.448293 0.310342
0.482796 0.137919 0.379285
0.199995 0.800005 0
0.275864 0.172399 0.551737
0.137747 0.483449 0.378804
0.133333 0.866667 0
0.866666 0.133334 0
0.103443 0.448279 0.448279
0.344827 0.206894 0.448279
0.480004 0.519996 0
9.86882e-05 0.413744 0.586157
0.517241 0.172415 0.310344
9.9857e-05 0.166652 0.833249
0.344826 0.0689629 0.586211
0.586118 0.000101768 0.413781
0.966675 0.0333254 0
0.0333298 0.96667 0
0.0689628 0.310345 0.620692
0.172413 0.344828 0.482759
0.392855 0.357144 0.25
0.138181 0.0344721 0.827347
0.00010211 0.214277 0.785621
0.407403 0.185183 0.407413
0.148142 0.444473 0.407385
0.0689644 0.379321 0.551715
0.124181 0.175164 0.700656
0.000102253 0.749897 0.25
0.107151 0.892849 0
0.535714 0.214285 0.25
0.629628 0.370372 0
0.187163 0.299459 0.513378
0.43319 0.0666852 0.500125
0.448274 0.551726 0
9.98547e-05 0.9999 0
0.0343355 0.107296 0.858369
0.37037 0.62963 0
0.607128 0.142871 0.25
0.034489 0.689653 0.275858
0.25 0.5 0.25
0.239999 0.760001 0
0.274639 0.253878 0.471483
0.000103395 0.517188 0.482709
0.892854 0.107146 0
0.333332 0.333334 0.333334
0.482766 0.241377 0.275858
0.9999 9.99492e-05 0
0.37927 0.000103423 0.620626
9.56234e-05 9.20555e-05 0.999812
0.517188 0.000103409 0.482709
0.311932 0.108646 0.579421
0.639933 0.000100479 0.359966
0.000103216 0.346117 0.65378
0.76668 0.23332 0
0.6 0.4 0
0.71279 0.0356389 0.251571
0.51724 0.48276 0
0.241355 0.000103293 0.758542
0.551702 0.103454 0.344844
0.214279 0.14285 0.642871
0.000100743 0.607081 0.392818
0.68966 0.31034 0
0.172423 0.827577 0
0.275866 0.379303 0.344831
0.310337 0.689663 0
0.749897 0.000102074 0.25
0.827586 0.172414 0
0.0681397 0.250793 0.681068
0.0999915 7.92704e-05 0.899929
0.207158 0.413657 0.379185
0.137942 0.275886 0.586172
0.000103429 0.655105 0.344792
0.571431 0.428569 0
0.0666692 0.933331 0
0.933332 0.0666676 0
0.269231 0.730769 0
0.249996 0.214283 0.535721
0.275873 0.0344814 0.689646
9.26181e-05 0.0666491 0.933258
0.400006 0.599994 0
0.103443 0.137922 0.758634
0.000100384 0.464239 0.53566
0.44823 0.000103222 0.551667
0.502398 0.066985 0.430617
0.241377 0.344826 0.413797
0.285718 0.428566 0.285716
0.172412 0.517241 0.310346
0.0669834 0.502389 0.430628
0.344824 0.275868 0.379307
0.103508 0.585967 0.310525
0.344834 0.137925 0.517241
0.206895 0.0689656 0.724139
0.413798 0.27586 0.310342
0.448271 0.206898 0.34483
0.620699 0.0689546 0.310346
0.136368 0.613632 0.25
0.000103104 0.275827 0.72407
0.413792 0.137932 0.448276
0.134034 0.396902 0.469063
0.730771 0.269229 0
0.172407 0.206891 0.620702
