0.241379 0.448277 0.310344
0.310341 0.24138 0.448279
0.199998 0.800002 0
0.310345 0.310345 0.37931
0.133337 0.866663 0
0.866666 0.133334 0
0.482769 0.137916 0.379315
0.607141 0.392859 0
0.480008 0.519992 0
0.41375 0.000103429 0.586146
0.137929 0.517243 0.344829
0.620691 0.0689628 0.310346
0.269233 0.730767 0
0.586146 0.000103429 0.413751
0.0333296 0.96667 0
0.96667 0.0333298 0
0.137931 0.413791 0.448277
0.733333 0.266667 0
0.310345 0.0689634 0.620691
0.392855 0.357145 0.25
0.379342 0.068962 0.551696
0.000103432 0.137916 0.86198
0.214267 0.000102455 0.785631
0.0689652 0.344827 0.586208
0.000103297 0.379271 0.620626
0.444445 0.148149 0.407406
0.749898 0.000102217 0.25
0.000102251 0.749898 0.25
0.214286 0.428572 0.357143
0.892858 0.107142 0
0.142857 0.214286 0.642857
0.642857 0.357143 0
0.107146 0.892854 0
9.92043e-05 9.92011e-05 0.999802
0.107295 0.0343351 0.85837
0.699999 0.300001 0
0.370371 0.629629 0
0.4 0.6 0
0.000103436 0.241354 0.758543
0.9999 9.99793e-05 0
0.299451 0.187207 0.513342
0.827586 0.172414 0
0.413792 0.275863 0.310345
0.148148 0.444446 0.407406
0.000103437 0.517188 0.482709
0.108664 0.311968 0.579369
0.5 0.249999 0.25
0.17525 0.123749 0.701001
0.239999 0.760001 0
0.333333 0.333333 0.333333
0.639935 0.000101038 0.359964
0.712787 0.035641 0.251572
0.517188 0.000103416 0.482709
0.346114 0.000103227 0.653783
0.586208 0.137931 0.275861
0.517241 0.482759 0
0.25 0.5 0.25
0.448278 0.551722 0
0.0344832 0.689662 0.275855
0.000101159 0.607078 0.392821
0.285714 0.285714 0.428573
0.172413 0.827587 0
0.517241 0.172414 0.310345
0.310344 0.689656 0
0.13793 0.103448 0.758622
9.99117e-05 0.9999 0
0.576927 0.423073 0
0.379311 0.241378 0.379311
0.0689635 0.137927 0.79311
0.0683249 0.409938 0.521737
0.543689 0.0679613 0.38835
0.0666563 7.51431e-05 0.933269
0.0344825 0.275863 0.689655
0.206897 0.24138 0.551723
0.103448 0.27586 0.620691
0.206897 0.172412 0.620691
0.647725 0.102274 0.25
0.172415 0.551722 0.275864
0.933332 0.0666683 0
0.46424 0.000100423 0.535659
0.275863 0.137931 0.586206
0.344828 0.172414 0.482758
0.0669889 0.502393 0.430619
0.303801 0.417728 0.278471
0.0666666 0.933333 0
0.0333347 0.0666695 0.899996
0.431876 0.100259 0.467865
0.136366 0.613634 0.25
0.275833 0.00010343 0.724063
0.137923 0.344863 0.517214
0.214287 0.32143 0.464283
0.000103427 0.448231 0.551665
0.766666 0.233334 0
0.241382 0.379308 0.379311
0.250865 0.0681048 0.68103
0.448272 0.206898 0.34483
0.103452 0.586192 0.310356
0.103448 0.172413 0.724139
0.16665 9.91358e-05 0.833251
0.000103433 0.655105 0.344792
