0.137929 0.241376 0.620695
0.51724 0.103448 0.379313
0.800008 0.199992 0
0.448285 0.241369 0.310346
0.172414 0.103448 0.724138
0.866667 0.133333 0
0.0669852 0.430623 0.502392
0.400001 0.599999 0
0.519999 0.480001 0
0.26924 0.73076 0
0.13793 0.448276 0.413793
0.0333189 0.966681 0
0.966667 0.0333328 0
0.655105 0.000103436 0.344792
0.16667 0.033334 0.799996
9.9932e-05 0.733261 0.266639
0.000103427 0.482709 0.517187
0.0344741 0.379465 0.586061
0.607084 0.000101089 0.392815
0.551724 0.448276 0
9.99264e-05 0.100002 0.899898
0.315793 0.434207 0.25
0.241357 0.000103416 0.75854
0.137932 0.000103352 0.861965
0.147725 0.409113 0.443161
0.444443 0.148146 0.407411
0.517182 0.000103284 0.482715
0.105589 0.260864 0.633547
0.379307 0.241381 0.379313
0.310345 0.275862 0.413794
0.749898 0.000102149 0.25
0.42857 0.57143 0
0.107136 0.892864 0
0.892859 0.107141 0
0.0342784 0.14305 0.822671
0.689656 0.310344 0
0.629621 0.370379 0
0.586203 0.10345 0.310348
0.346116 0.000103193 0.65378
0.24 0.76 0
0.730762 0.269238 0
0.9999 9.99851e-05 0
0.000102526 0.615321 0.384576
0.333333 0.333333 0.333334
0.31034 0.103449 0.586211
0.392819 0.000101162 0.60708
9.94562e-05 9.98593e-05 0.999801
0.199997 0.800003 0
9.99509e-05 0.9999 0
0.482764 0.517236 0
0.103457 0.551717 0.344826
0.0666665 0.0333333 0.9
0.185185 0.0740938 0.740721
0.0357144 0.714285 0.25
0.392858 0.357141 0.25
0.239999 0.239999 0.520001
0.76 0.24 0
9.99928e-05 0.299968 0.699932
0.204191 0.544501 0.251308
0.321428 0.214285 0.464287
0.426028 0.0337631 0.540209
0.206899 0.379307 0.413794
0.137932 0.172416 0.689652
0.172415 0.827585 0
0.827581 0.172419 0
0.206897 0.448276 0.344828
0.310346 0.689654 0
0.214286 0.321428 0.464286
0.275862 0.413792 0.310346
0.0689553 0.517247 0.413797
0.407414 0.296285 0.296301
0.366665 0.633335 0
0.613638 0.136362 0.25
0.431853 0.10026 0.467887
0.275863 0.172412 0.551726
0.136367 0.613633 0.25
0.241382 0.137928 0.62069
0.933333 0.0666673 0
0.0666695 0.93333 0
0.000103402 0.206879 0.793017
0.133337 0.866663 0
0.482758 0.172415 0.344827
0.5 0.25 0.25
0.206897 0.206897 0.586207
0.172414 0.27586 0.551726
0.103447 0.103447 0.793105
0.502395 0.0669767 0.430628
0.275865 0.0344828 0.689652
0.27586 0.344828 0.379313
0.689676 0.0344804 0.275843
0.0344822 0.655172 0.310346
0.34484 0.137929 0.517231
0.172414 0.517241 0.310345
0.101148 0.359382 0.53947
0.241375 0.482764 0.275861
0.55173 0.172409 0.275861
0.0689648 0.206897 0.724138
0.000101473 0.357096 0.642802
0.600001 0.399999 0
0.0334109 0.501188 0.465402
