0.482769 0.137913 0.379318
0.600001 0.399999 0
0.275862 0.172411 0.551727
0.200001 0.799999 0
0.137932 0.482756 0.379312
0.133335 0.866665 0
0.172414 0.344828 0.482757
0.103446 0.448278 0.448276
0.275862 0.37931 0.344828
0.000103405 0.413748 0.586149
0.517242 0.172413 0.310345
8.11902e-05 0.166653 0.833266
0.34483 0.0689593 0.586211
0.269237 0.730763 0
0.586148 0.000103232 0.413748
0.0333337 0.966666 0
0.966667 0.0333333 0
0.000103386 0.655105 0.344792
0.0689656 0.310341 0.620694
0.392856 0.357144 0.25
0.892857 0.107143 0
0.0689412 0.379529 0.551529
0.103448 0.586207 0.310345
0.517241 0.482759 0
0.137911 0.000103354 0.861986
0.000102459 0.214271 0.785627
0.407402 0.185184 0.407414
0.000102245 0.749898 0.25
9.99189e-05 0.0666632 0.933237
0.448276 0.551724 0
0.639932 0.000101037 0.359967
0.629629 0.370371 0
0.187188 0.299457 0.513355
0.25 0.5 0.25
0.370373 0.629627 0
0.311956 0.108639 0.579405
0.241354 0.000103425 0.758543
0.517187 0.000103431 0.482709
0.607142 0.142858 0.25
0.0344846 0.689654 0.275861
0.482758 0.24138 0.275862
0.9999 9.99766e-05 0
0.333333 0.333334 0.333333
0.866666 0.133334 0
0.000103433 0.517187 0.482709
0.0669826 0.502396 0.430622
8.61692e-05 9.81721e-05 0.999816
0.214284 0.142855 0.642861
9.99766e-05 0.9999 0
0.148148 0.444445 0.407407
0.134021 0.396903 0.469076
0.0343356 0.1073 0.858364
0.123746 0.17525 0.701004
0.274871 0.253795 0.471334
0.239999 0.760001 0
0.344828 0.275862 0.37931
0.37927 0.000103421 0.620626
0.76667 0.23333 0
0.107143 0.892857 0
0.249999 0.214285 0.535716
0.000103178 0.346119 0.653778
0.712788 0.0356398 0.251572
0.103446 0.137925 0.758629
0.689656 0.310344 0
0.448275 0.206897 0.344828
0.000101178 0.607076 0.392823
0.172417 0.827583 0
0.310345 0.689655 0
0.749898 0.00010216 0.25
0.207005 0.413737 0.379259
0.433031 0.066702 0.500267
0.502393 0.0669857 0.430621
0.827586 0.172414 0
0.0681099 0.250793 0.681097
0.137928 0.0689639 0.793108
0.172412 0.103447 0.72414
0.480001 0.519999 0
0.136365 0.613635 0.25
0.571431 0.428569 0
0.0666648 0.933335 0
0.933335 0.0666646 0
0.275873 0.034477 0.68965
0.000100427 0.464241 0.535659
0.137931 0.275864 0.586206
0.535714 0.214286 0.25
0.241379 0.344827 0.413793
0.285714 0.42857 0.285716
0.172414 0.206895 0.620691
0.172414 0.517242 0.310345
0.344827 0.206896 0.448276
0.620689 0.0689657 0.310345
0.345017 0.137891 0.517092
0.0666503 0.0333247 0.900025
0.000103429 0.275831 0.724066
0.44823 0.000103416 0.551667
0.730769 0.269231 0
0.4 0.6 0
0.551697 0.103454 0.344848
0.413793 0.137931 0.448276
0.413794 0.275862 0.310345
