0.36001 0.63999 0
0.86666 0.13334 0
0.033326 7.31292e-05 0.966601
0.241379 0.482759 0.275862
0.3 0.7 0
0.172413 0.344828 0.482759
0.275862 0.379308 0.344829
0.8 0.2 0
0.60714 0.39286 0
0.655396 0.0689208 0.275683
0.433333 0.566667 0
0.233333 0.766667 0
0.0333331 0.966667 0
0.733334 0.266666 0
0.068964 0.655174 0.275862
0.166669 0.0333338 0.799997
0.392853 0.250002 0.357145
0.933335 0.0666652 0
0.0344739 0.37947 0.586057
0.586194 0.103452 0.310355
0.103485 0.586061 0.310454
0.103448 0.344834 0.551718
0.392856 0.357144 0.25
0.613643 0.136357 0.25
0.310312 0.310377 0.379311
0.653775 0.000103054 0.346122
0.142859 0.857141 0
0.147728 0.409092 0.443181
0.892854 0.107146 0
0.392857 0.607143 0
6.17224e-05 0.433457 0.566481
0.298238 0.10526 0.596502
0.642858 0.357142 0
0.344831 0.137925 0.517244
0.0666723 0.933328 0
0.0689441 0.517389 0.413667
0.24 0.24 0.52
0.000103401 0.482709 0.517188
0.0336421 0.620236 0.346122
0.21421 0.392779 0.393011
9.99353e-05 0.299956 0.699944
9.99648e-05 0.09999 0.89991
0.517188 0.000103427 0.482709
9.99718e-05 0.9999 0
9.87321e-05 9.94371e-05 0.999802
0.333333 0.333333 0.333334
0.9999 9.99865e-05 0
0.482762 0.241377 0.275861
0.487931 0.174257 0.337811
0.185168 0.0740755 0.740756
0.517241 0.482759 0
0.214285 0.535715 0.25
0.461537 0.538463 0
0.0357176 0.714282 0.25
0.100001 0.899999 0
0.000100958 0.62956 0.370339
0.76667 0.23333 0
0.712788 0.03564 0.251572
0.576928 0.423072 0
0.105582 0.260926 0.633491
0.034282 0.142963 0.822755
0.137926 0.000103373 0.86197
0.545457 0.204543 0.25
0.259051 0.44457 0.296379
0.103448 0.448276 0.448275
0.388561 0.0679377 0.543502
0.13793 0.172414 0.689656
0.269226 0.730774 0
0.136359 0.613641 0.25
0.200006 0.799994 0
0.833333 0.166667 0
0.966667 0.033333 0
0.699997 0.300003 0
0.346118 0.000103194 0.653779
0.333333 0.666667 0
0.241379 0.172414 0.586207
0.241354 0.000103361 0.758542
0.749898 0.000102132 0.25
0.321437 0.214286 0.464276
0.538117 0.0672637 0.394619
0.066989 0.430615 0.502396
0.000103382 0.206884 0.793013
9.9761e-05 0.733261 0.266639
0.0666392 0.0333273 0.900033
0.206901 0.137931 0.655168
0.4643 0.2857 0.25
0.134862 0.505736 0.359402
0.172414 0.241379 0.586207
0.433283 9.98698e-05 0.566617
0.103448 0.103448 0.793104
0.275862 0.0344823 0.689656
0.211824 0.308426 0.479749
0.285695 0.285708 0.428596
0.0689629 0.206891 0.724146
0.321428 0.428572 0.25
9.99077e-05 0.566601 0.433299
0.000101362 0.357103 0.642795
0.586148 0.000103417 0.413749
0.428567 0.142856 0.428577
0.448279 0.0689599 0.482761
