0.571345 9.64334e-05 0.428558
0.639999 0.360001 0
0.27584 9.0814e-05 0.724069
0.241368 0.482783 0.27585
0.448284 0.241371 0.310345
0.137928 0.206894 0.655178
0.310345 0.310344 0.379311
0.379316 0.172399 0.448284
0.699995 0.300005 0
0.200001 0.799999 0
0.392858 0.607142 0
8.62835e-05 0.166652 0.833262
0.0689057 0.655471 0.275623
0.566664 0.433336 0
0.76667 0.23333 0
0.0333302 0.96667 0
0.966666 0.0333335 0
0.448274 0.0689636 0.482762
0.26667 0.73333 0
0.379308 0.344833 0.27586
0.933332 0.066668 0
0.586207 0.103448 0.310345
0.41379 0.0344731 0.551737
0.103438 0.000103405 0.896459
0.42857 0.142859 0.428571
0.0689644 0.24139 0.689645
0.000103201 0.653782 0.346115
0.142858 0.428572 0.428571
0.107141 0.892859 0
0.655168 0.0689667 0.275865
0.607143 0.392857 0
0.357162 0.392838 0.25
0.0343355 0.107288 0.858376
0.379305 0.103447 0.517248
0.250006 0.392843 0.357151
0.240002 0.240001 0.519998
0.857139 0.142861 0
0.000103375 0.517188 0.482709
0.357143 0.642857 0
9.93276e-05 8.7077e-05 0.999814
0.000103177 0.586143 0.413754
0.204541 0.545459 0.25
0.629566 0.000101 0.370333
0.233332 0.766668 0
0.214281 0.321424 0.464295
0.0672646 0.538115 0.39462
0.333333 0.333332 0.333335
0.9999 9.99575e-05 0
0.464286 0.285714 0.25
9.98562e-05 0.9999 0
0.000103172 0.346116 0.653781
0.067957 0.388388 0.543655
0.105244 0.298364 0.596392
0.103451 0.586204 0.310345
0.000102432 0.214282 0.785616
0.73077 0.26923 0
0.124753 0.168314 0.706932
0.714289 0.0357112 0.25
0.0356391 0.712789 0.251572
0.298638 0.0333988 0.667963
0.535719 0.214281 0.25
0.233309 9.99821e-05 0.766591
0.733257 9.98626e-05 0.266643
0.392836 0.250009 0.357155
0.103445 0.137926 0.758629
0.133335 0.866665 0
0.800001 0.199999 0
0.214289 0.14285 0.642861
0.899999 0.100001 0
0.48276 0.51724 0
0.13793 0.0689651 0.793105
0.166666 0.833334 0
0.423074 0.576926 0
0.310334 0.206924 0.482742
0.538457 0.461543 0
0.174259 0.487927 0.337814
0.300001 0.699999 0
0.666667 0.333333 0
0.00010222 0.749898 0.25
0.533341 0.0333336 0.433325
0.482709 0.000103404 0.517188
0.379261 0.000102715 0.620636
0.344832 0.068965 0.586204
0.0666668 0.933333 0
4.63708e-05 0.0666558 0.933298
0.482752 0.172415 0.344833
0.068965 0.448275 0.48276
0.61364 0.136359 0.25
0.136364 0.613636 0.25
0.206887 0.0689636 0.724149
0.285713 0.464286 0.25
0.275861 0.172414 0.551725
0.172415 0.241383 0.586203
0.137928 0.344829 0.517243
0.285715 0.285714 0.428571
9.99523e-05 0.433286 0.566614
0.166648 6.76791e-05 0.833284
0.517242 0.103446 0.379311
0.000103419 0.275827 0.724069
0.27585 0.103443 0.620707
