0.206896 0.413794 0.37931
0.133333 0.866667 0
0.275834 0.000103409 0.724063
0.310345 0.310345 0.37931
0.379311 0.172413 0.448276
0.699999 0.300001 0
0.199997 0.800003 0
0.39286 0.60714 0
9.8504e-05 0.16665 0.833251
0.566666 0.433334 0
0.966668 0.0333318 0
0.172414 0.275862 0.551724
0.266666 0.733334 0
0.275862 0.103448 0.62069
0.297437 0.0334554 0.669108
0.933332 0.0666679 0
0.172413 0.206897 0.62069
0.413793 0.0344799 0.551727
0.204546 0.545454 0.25
0.103433 0.000103398 0.896464
0.357144 0.392856 0.25
0.000102465 0.214281 0.785617
0.799997 0.200003 0
0.107142 0.892858 0
0.428571 0.142859 0.42857
0.37931 0.103449 0.517241
0.344826 0.0689661 0.586207
0.607143 0.392857 0
0.766668 0.233332 0
0.250001 0.392854 0.357145
0.357144 0.642856 0
0.333333 0.333333 0.333334
0.0333297 0.96667 0
0.0343342 0.107297 0.858369
0.285714 0.285714 0.428571
0.241379 0.48276 0.275861
0.629565 0.000100995 0.370334
0.379271 0.000103429 0.620625
0.857143 0.142857 0
0.24 0.24 0.52
0.000103438 0.517188 0.482709
0.9999 9.99855e-05 0
0.48276 0.51724 0
0.103451 0.586203 0.310347
0.300005 0.699995 0
0.142857 0.428571 0.428571
0.0666687 0.933331 0
0.0356383 0.712789 0.251572
0.73077 0.26923 0
0.448277 0.0689648 0.482759
0.137923 0.0689614 0.793116
0.214285 0.32143 0.464285
9.85158e-05 9.93838e-05 0.999802
0.586207 0.103447 0.310346
0.124754 0.168302 0.706944
0.714286 0.0357142 0.25
0.482759 0.241379 0.275862
0.535714 0.214286 0.25
0.233333 0.766667 0
0.000103422 0.275833 0.724063
0.233311 9.99575e-05 0.766589
9.9991e-05 0.433286 0.566614
0.000103227 0.346122 0.653775
0.392842 0.250006 0.357152
0.0679545 0.388407 0.543638
0.73326 9.99424e-05 0.26664
0.068933 0.655329 0.275738
0.214284 0.142856 0.64286
0.166666 0.833334 0
0.000103206 0.653779 0.346118
0.666667 0.333333 0
0.423076 0.576924 0
0.310332 0.20693 0.482738
0.538463 0.461537 0
0.105246 0.298364 0.59639
0.00010223 0.749898 0.25
0.53333 0.0333337 0.433336
0.103448 0.13793 0.758622
0.464287 0.285713 0.25
0.0672641 0.538112 0.394624
0.0689534 0.241515 0.689531
9.99602e-05 0.9999 0
0.174261 0.487935 0.337804
0.655174 0.0689627 0.275863
9.96386e-05 0.0666478 0.933253
0.482759 0.172413 0.344828
0.613636 0.136364 0.25
0.136364 0.613636 0.25
0.285697 0.464303 0.25
0.275862 0.172414 0.551724
0.639998 0.360002 0
0.137931 0.344828 0.517241
0.16665 9.85796e-05 0.833251
0.206894 0.0689658 0.72414
0.517243 0.103447 0.37931
0.899991 0.100009 0
0.00010341 0.586148 0.413748
0.482709 0.000103423 0.517188
0.0689656 0.448276 0.482759
0.37931 0.34483 0.275861
