0.2 0.8 0
0.413736 0.206864 0.3794
0.310322 0.379278 0.3104
0.379306 0.310329 0.310365
0.310365 0.275837 0.413799
0.169602 0.287727 0.542671
0.133335 0.866665 0
0.545656 0.204344 0.25
0.607121 0.392879 0
0.480005 0.519995 0
0.137901 0.517292 0.344807
0.620737 0.068898 0.310365
0.269231 0.730769 0
0.586146 0.000103417 0.413751
0.0689371 0.344685 0.586378
0.966671 0.0333292 0
0.0333319 0.966668 0
0.733329 0.266671 0
0.214301 0.000101615 0.785597
0.444435 0.148146 0.407419
0.346104 9.94678e-05 0.653796
0.148164 0.444567 0.407269
0.207028 0.172194 0.620778
0.00010222 0.749898 0.25
0.357871 0.0337137 0.608415
0.107144 0.892856 0
9.97152e-05 0.241301 0.758599
0.299386 0.187166 0.513448
0.16664 9.49943e-05 0.833265
0.000100772 0.379455 0.620445
0.370376 0.629624 0
0.357135 0.392865 0.25
0.109343 0.311751 0.578906
0.827578 0.172422 0
0.517187 0.000103439 0.482709
0.214267 0.321399 0.464334
0.137945 0.379249 0.482805
0.892857 0.107143 0
0.933333 0.0666675 0
0.9999 9.96459e-05 0
0.0666611 0.933339 0
9.86191e-05 9.86824e-05 0.999803
0.0669947 0.502472 0.430533
0.25 0.5 0.25
0.000101177 0.60708 0.392819
9.99793e-05 0.9999 0
0.517241 0.482759 0
0.103499 0.586003 0.310498
0.136366 0.613634 0.25
0.175165 0.124128 0.700707
0.642841 0.357159 0
0.712788 0.0356372 0.251575
0.24 0.76 0
0.379299 0.0689603 0.55174
0.766668 0.233332 0
0.033306 0.0665936 0.9001
0.000103428 0.517187 0.482709
0.0344838 0.689655 0.275861
0.333333 0.333333 0.333334
0.500002 0.249998 0.25
0.448275 0.551725 0
0.464255 9.1799e-05 0.535653
0.749898 0.000102185 0.25
0.172417 0.827583 0
0.310344 0.689656 0
0.0688661 0.413851 0.517283
0.206824 0.379363 0.413813
0.172412 0.551725 0.275863
0.576929 0.423071 0
0.137923 0.103445 0.758632
0.249839 0.0682091 0.681952
0.0689668 0.137895 0.793138
0.142718 0.214076 0.643206
0.700001 0.299999 0
0.357478 0.249835 0.392687
0.543697 0.0679435 0.38836
0.214289 0.428459 0.357252
0.103446 0.448284 0.448269
0.0666854 7.04672e-05 0.933244
0.0344712 0.275785 0.689744
0.639916 9.23271e-05 0.359992
0.20697 0.241325 0.551705
0.428595 0.28572 0.285685
0.866632 0.133368 0
0.647607 0.102393 0.25
0.482827 0.172389 0.344784
0.27587 0.137932 0.586198
0.344856 0.172424 0.48272
0.107372 0.0343326 0.858295
0.275802 0.345027 0.379171
0.4319 0.100252 0.467847
0.275341 6.12787e-05 0.724598
0.275858 0.448284 0.275858
0.000100204 0.137685 0.862215
9.02265e-05 0.448282 0.551628
0.4 0.6 0
0.275974 0.241317 0.482709
0.586223 0.137914 0.275863
0.103293 0.172219 0.724488
0.000103432 0.655105 0.344792
