0.206872 0.448294 0.344834
0.600002 0.399998 0
0.200003 0.799997 0
0.275855 0.172413 0.551732
0.137924 0.482766 0.37931
0.199982 9.26571e-05 0.799925
0.133334 0.866666 0
0.13793 0.344824 0.517246
0.275868 0.379307 0.344825
0.480008 0.519992 0
0.000102806 0.413744 0.586153
0.517248 0.172407 0.310345
9.99528e-05 0.166646 0.833254
0.344803 0.0689594 0.586237
0.269231 0.730769 0
0.586141 0.000103093 0.413756
0.172392 0.379329 0.448279
0.0333255 0.966675 0
0.966667 0.0333334 0
0.379313 0.172407 0.44828
0.0689459 0.310343 0.620711
0.273156 0.254396 0.472448
0.551722 0.103445 0.344833
0.392858 0.357142 0.25
0.0689722 0.379297 0.551731
0.379313 0.000103266 0.620584
0.137942 0.0344789 0.827579
0.000102448 0.214266 0.785632
0.148135 0.444487 0.407378
0.639939 9.82206e-05 0.359963
0.10373 0.585074 0.311195
0.689658 0.310342 0
0.0343364 0.107287 0.858376
0.629631 0.370369 0
0.000103338 0.51719 0.482707
0.37037 0.62963 0
0.25 0.5 0.25
0.448269 0.551731 0
0.107143 0.892857 0
9.9985e-05 0.9999 0
0.24 0.76 0
0.123882 0.175224 0.700894
0.172389 0.103434 0.724177
0.9999 9.97981e-05 0
0.517239 0.482761 0
0.766673 0.233327 0
0.866665 0.133335 0
0.241357 0.000103215 0.75854
9.94627e-05 6.80675e-05 0.999832
0.407409 0.185185 0.407406
0.100188 0.398869 0.500944
0.333334 0.333341 0.333325
0.0344876 0.689661 0.275852
0.892867 0.107133 0
0.448272 0.206895 0.344834
0.000102985 0.346108 0.653789
0.285707 0.428565 0.285728
0.311665 0.108687 0.579648
0.482768 0.241381 0.275852
0.214283 0.142853 0.642864
0.000101158 0.607079 0.39282
0.172414 0.827586 0
0.310332 0.689668 0
0.60715 0.142849 0.25
0.749898 0.000102115 0.25
0.0681102 0.250788 0.681102
0.172413 0.206895 0.620692
0.430693 0.0669801 0.502327
0.827584 0.172416 0
9.96065e-05 0.7499 0.25
0.0999932 8.69267e-05 0.89992
0.000102828 0.655111 0.344786
0.206937 0.413753 0.37931
0.13636 0.61364 0.25
2.52389e-05 0.0666648 0.93331
0.571427 0.428573 0
0.0666735 0.933326 0
0.933335 0.0666653 0
0.448217 0.000103225 0.55168
0.275869 0.0344824 0.689649
0.712786 0.0356425 0.251572
0.249992 0.214285 0.535723
0.103446 0.137919 0.758634
0.502405 0.0669827 0.430612
0.137901 0.276021 0.586078
0.535721 0.214279 0.25
0.24138 0.344821 0.413799
9.98321e-05 0.464253 0.535647
0.344855 0.275874 0.37927
0.0669883 0.5024 0.430612
0.413794 0.275861 0.310345
0.17241 0.517231 0.310359
0.344738 0.1379 0.517362
0.620697 0.0689577 0.310345
0.000102197 0.275816 0.724082
0.730771 0.269229 0
0.51719 0.000103412 0.482707
0.399998 0.600002 0
0.187237 0.299439 0.513324
0.448269 0.137925 0.413806
