0.553329 0.172012 0.27466
9.70294e-05 0.666609 0.333294
0.137926 0.241382 0.620692
0.200018 0.799982 0
0.799998 0.200002 0
0.172414 0.103445 0.724141
0.482751 0.137933 0.379317
0.13332 0.86668 0
0.866632 0.133368 0
0.275858 0.310341 0.413801
0.269232 0.730768 0
0.275858 0.413792 0.31035
0.137928 0.482761 0.379312
0.0333315 0.966669 0
0.966666 0.0333337 0
0.655104 0.0001024 0.344793
0.0665126 0.465601 0.467886
9.99849e-05 0.73326 0.26664
9.99851e-05 0.09999 0.89991
0.10345 0.5862 0.31035
0.105589 0.260875 0.633536
0.137917 0.000103428 0.861979
0.482759 0.517241 0
0.749898 0.000102253 0.25
0.399997 0.600003 0
0.444444 0.14815 0.407406
0.107137 0.892863 0
0.206895 0.206895 0.586209
0.00010201 0.615338 0.38456
0.172414 0.827586 0
0.629629 0.370371 0
9.99852e-05 0.9999 0
0.689656 0.0344822 0.275862
0.24 0.24 0.52
0.448318 0.206883 0.344799
0.517236 0.172415 0.310349
0.300021 0.433338 0.266641
0.0344787 0.379384 0.586138
0.760023 0.239977 0
0.9999 9.99887e-05 0
8.73984e-05 9.87481e-05 0.999814
0.551727 0.448273 0
0.730756 0.269244 0
0.333333 0.333333 0.333333
0.366649 0.633351 0
0.892858 0.107142 0
0.185167 0.0741653 0.740668
9.99744e-05 0.299966 0.699934
0.204211 0.544503 0.251287
0.000103432 0.482709 0.517188
0.517188 0.000103432 0.482709
0.39282 0.000100386 0.60708
0.240008 0.759992 0
0.346114 0.000103226 0.653783
0.0342775 0.143065 0.822658
0.500011 0.249988 0.25
0.321429 0.214287 0.464284
0.607091 8.80281e-05 0.392821
0.310341 0.103449 0.58621
0.425242 0.0338076 0.54095
0.0357116 0.714288 0.25
0.137931 0.172414 0.689655
0.178513 0.464316 0.35717
0.689666 0.310334 0
0.827582 0.172418 0
0.310336 0.689664 0
9.89344e-05 0.551655 0.448246
0.27586 0.172413 0.551727
0.214281 0.321426 0.464293
0.241356 0.000103428 0.758541
0.392856 0.357143 0.25
0.586172 0.103456 0.310372
0.428572 0.571428 0
0.000101405 0.357105 0.642793
0.613636 0.136363 0.25
0.44827 0.275868 0.275862
0.147727 0.409092 0.443181
0.241372 0.137927 0.6207
0.0689446 0.517258 0.413798
0.401211 0.234046 0.364743
0.344824 0.275848 0.379328
0.933335 0.0666648 0
0.0666716 0.933328 0
0.000103387 0.20688 0.793016
0.275863 0.0344826 0.689655
0.0666651 0.0333238 0.900011
0.52 0.48 0
0.172415 0.275858 0.551727
0.166666 0.0333331 0.800001
0.136362 0.613637 0.25
0.344827 0.137931 0.517242
0.241387 0.379296 0.379317
0.50002 0.0666603 0.433319
0.10127 0.359384 0.539346
0.103448 0.103448 0.793104
0.0689642 0.206895 0.724141
0.241379 0.482759 0.275862
0.0689635 0.655174 0.275862
0.599999 0.400001 0
0.431868 0.100258 0.467874
