0.310391 0.275974 0.413635
0.799998 0.200002 0
0.137916 0.206809 0.655275
0.465312 0.0668194 0.467869
0.30954 0.380393 0.310067
0.599967 0.400033 0
0.275761 0.172253 0.551986
0.200004 0.799996 0
0.133337 0.866663 0
0.866663 0.133337 0
0.137699 0.517389 0.344912
0.480025 0.519975 0
9.20168e-05 0.166649 0.833259
0.344704 0.0685702 0.586725
0.269325 0.730675 0
0.137887 0.344788 0.517325
0.585941 6.36952e-05 0.413996
0.0333329 0.966667 0
0.966667 0.0333333 0
0.413914 0.241257 0.344829
0.392841 0.357159 0.25
0.571377 0.178622 0.250001
0.068963 0.37933 0.551707
0.269423 0.268848 0.461729
0.000102238 0.749897 0.250001
0.892857 0.107143 0
0.107145 0.892855 0
0.172416 0.827584 0
0.629716 0.370284 0
0.186678 0.29837 0.514952
0.310343 0.689657 0
0.103596 0.584321 0.312083
8.25844e-05 0.606993 0.392925
0.0343348 0.107322 0.858343
0.639977 9.55347e-05 0.359927
0.000103425 0.517187 0.48271
0.137919 0.000103436 0.861978
9.99902e-05 0.9999 0
0.24985 0.357313 0.392838
0.9999 9.99419e-05 0
0.517187 0.000103403 0.48271
0.00010245 0.214267 0.785631
0.690007 0.309993 0
9.81852e-05 9.82035e-05 0.999804
0.311653 0.1087 0.579647
0.000103181 0.346116 0.653781
0.551813 0.103367 0.34482
0.333333 0.333334 0.333333
0.240007 0.759993 0
0.066663 0.933337 0
0.124037 0.175194 0.700769
0.448257 0.551743 0
0.517238 0.482762 0
0.136451 0.613548 0.250001
0.766756 0.233244 0
0.428832 0.142916 0.428252
0.370395 0.629605 0
0.0345734 0.68965 0.275777
0.620872 0.103352 0.275776
0.148546 0.446617 0.404837
0.482775 0.241392 0.275833
0.712904 0.0355738 0.251522
0.241351 0.00010339 0.758546
0.249903 0.500097 0.25
0.17181 0.241337 0.586853
0.103432 0.310301 0.586268
6.81935e-05 0.464248 0.535684
0.749898 0.000102208 0.25
0.464235 0.285764 0.250001
0.827585 0.172415 0
6.07698e-05 0.413708 0.586231
0.0684239 0.248623 0.682953
0.409692 0.0683369 0.521971
0.137758 0.068863 0.793379
0.392402 0.215088 0.39251
0.103461 0.413832 0.482707
0.571428 0.428572 0
6.93106e-06 0.0666425 0.933351
0.933331 0.0666687 0
0.276962 0.03421 0.688828
8.93219e-05 0.655162 0.344748
0.208952 0.451588 0.33946
0.0671084 0.502363 0.430528
0.344651 0.172192 0.483158
0.532968 0.0666992 0.400333
0.448217 8.92553e-05 0.551693
0.214182 0.142742 0.643076
0.103447 0.13793 0.758623
0.37942 0.000102867 0.620477
0.285357 0.428098 0.286546
0.482704 0.172352 0.344944
0.172351 0.551503 0.276146
0.0666672 0.0333077 0.900025
0.000103406 0.275814 0.724082
0.172301 0.379142 0.448557
0.730852 0.269148 0
0.400021 0.599979 0
0.249521 0.214021 0.536459
0.31027 0.241321 0.44841
0.206802 0.068936 0.724262
