0.482757 0.137931 0.379312
0.6 0.4 0
0.275862 0.172413 0.551725
0.200001 0.799999 0
0.13793 0.482766 0.379304
0.133343 0.866657 0
0.866667 0.133333 0
0.172414 0.344828 0.482758
0.344827 0.206897 0.448276
0.275863 0.379309 0.344828
0.480002 0.519998 0
9.99881e-05 0.16665 0.83325
0.269232 0.730768 0
0.966667 0.0333326 0
0.0333335 0.966667 0
0.000103434 0.655105 0.344792
0.448276 0.551724 0
0.274029 0.25409 0.471881
0.392856 0.357143 0.25
0.000101179 0.607081 0.392818
0.103455 0.586178 0.310366
0.249998 0.214286 0.535716
0.000102454 0.214265 0.785632
0.379271 0.000103411 0.620625
0.407403 0.185186 0.407412
0.892858 0.107142 0
0.639934 0.000101041 0.359965
0.0343351 0.10729 0.858374
0.62963 0.37037 0
0.0689614 0.379347 0.551692
0.370372 0.629628 0
0.136364 0.613635 0.25
0.311932 0.108643 0.579425
0.000102251 0.749898 0.25
0.187163 0.299465 0.513372
0.000103424 0.517188 0.482709
0.607145 0.142855 0.25
0.76667 0.23333 0
0.148147 0.444447 0.407405
9.99877e-05 0.9999 0
0.9999 9.998e-05 0
0.689655 0.310345 0
0.107144 0.892856 0
0.827587 0.172413 0
0.517188 0.000103435 0.482709
0.712789 0.0356383 0.251573
0.134026 0.396904 0.46907
0.586146 0.000103413 0.41375
0.482759 0.24138 0.275861
9.98253e-05 9.80668e-05 0.999802
0.517241 0.482759 0
0.239998 0.760002 0
0.241354 0.000103423 0.758543
0.285716 0.428572 0.285712
0.000103201 0.346119 0.653778
0.137916 0.000103434 0.861981
0.25 0.5 0.25
0.448276 0.206896 0.344828
0.551723 0.103448 0.344828
0.214286 0.142857 0.642857
0.730769 0.269231 0
0.172413 0.827587 0
0.310344 0.689656 0
0.749898 0.000102245 0.25
0.431828 0.0668434 0.501329
0.0681015 0.25089 0.681009
0.51724 0.172414 0.310346
0.137932 0.0689654 0.793102
0.206897 0.413793 0.37931
0.571429 0.428571 0
7.85441e-05 0.0666588 0.933263
0.123713 0.175257 0.70103
0.0666669 0.933333 0
0.000103418 0.275832 0.724064
0.933333 0.0666672 0
0.275863 0.0344816 0.689655
0.333333 0.333334 0.333333
0.000100416 0.464239 0.535661
0.502394 0.0669859 0.43062
0.137931 0.275862 0.586207
0.0689657 0.310343 0.620691
0.535714 0.214285 0.25
0.103449 0.448273 0.448279
0.241379 0.344829 0.413792
0.172414 0.517241 0.310345
0.344828 0.0689642 0.586208
0.066986 0.502394 0.43062
0.103448 0.137931 0.758621
0.344828 0.275862 0.37931
0.345297 0.137833 0.51687
0.000103424 0.413749 0.586147
0.0666739 0.0333366 0.899989
0.620701 0.068949 0.31035
0.44823 0.000103412 0.551667
0.400001 0.599999 0
0.172414 0.206895 0.620691
0.172413 0.103448 0.724139
0.0344843 0.689655 0.275861
0.413792 0.137931 0.448277
0.413793 0.275862 0.310345
