0.206894 0.413796 0.379309
0.275827 0.000103329 0.72407
0.241363 0.482784 0.275853
0.137924 0.206895 0.655181
0.310342 0.310342 0.379315
0.379301 0.172414 0.448285
0.7 0.3 0
0.200003 0.799997 0
0.392859 0.607141 0
8.23171e-05 0.166651 0.833267
0.06894 0.655277 0.275783
0.482765 0.241382 0.275853
0.566676 0.433324 0
0.766673 0.233327 0
0.966666 0.0333338 0
0.44828 0.0689567 0.482763
0.275852 0.103442 0.620706
0.103447 0.586205 0.310347
0.297959 0.0334324 0.668609
0.933331 0.0666687 0
0.586188 0.103447 0.310366
0.714286 0.0357135 0.25
0.357143 0.392856 0.25
0.204546 0.545454 0.25
0.00010214 0.214269 0.785629
0.428571 0.142858 0.428572
0.607143 0.392857 0
0.613635 0.136364 0.25
0.0343409 0.10729 0.858369
0.214286 0.321427 0.464287
0.344835 0.0689648 0.5862
0.136359 0.613641 0.25
0.629567 0.000100979 0.370332
0.538462 0.461538 0
0.133335 0.866665 0
0.103422 0.000102872 0.896475
0.857141 0.142859 0
0.482761 0.172411 0.344828
0.240002 0.240002 0.519996
0.9999 9.99806e-05 0
0.000103417 0.517158 0.482739
0.000103171 0.346125 0.653772
9.88171e-05 9.50269e-05 0.999806
0.233316 9.99059e-05 0.766584
0.0356346 0.712794 0.251571
0.357143 0.642857 0
0.000103423 0.275826 0.72407
0.730777 0.269223 0
0.250006 0.392852 0.357141
9.92185e-05 0.999901 0
0.517243 0.103448 0.379309
0.000102742 0.653776 0.346121
0.482761 0.517239 0
0.124737 0.168282 0.706981
0.482709 0.000103334 0.517188
0.233331 0.766669 0
0.379276 0.000103139 0.620621
0.33333 0.33333 0.333339
0.535719 0.21428 0.25
0.0666686 0.933331 0
0.107143 0.892857 0
0.392745 0.250043 0.357212
0.266677 0.733323 0
0.733262 9.99402e-05 0.266638
0.799999 0.200001 0
0.214285 0.142854 0.642861
0.137934 0.0689667 0.7931
0.413775 0.0344819 0.551743
0.166675 0.833325 0
0.423078 0.576922 0
0.299999 0.700001 0
0.666667 0.333333 0
9.98796e-05 0.433286 0.566614
0.000102046 0.749898 0.25
0.0672645 0.538107 0.394628
0.310342 0.206899 0.482759
0.53331 0.0333364 0.433354
0.464282 0.285718 0.25
0.639999 0.360001 0
0.0689018 0.242078 0.68902
0.17426 0.487933 0.337807
2.10515e-05 0.0666636 0.933315
0.379315 0.103447 0.517238
0.000103341 0.586144 0.413753
0.285714 0.464285 0.25
0.275853 0.172404 0.551743
0.103443 0.137925 0.758632
0.172416 0.241384 0.5862
0.0678362 0.389474 0.542689
0.137924 0.344831 0.517245
0.285714 0.285714 0.428572
0.166654 9.99726e-05 0.833246
0.105171 0.298845 0.595984
0.2069 0.0689671 0.724132
0.899998 0.100002 0
0.0689652 0.448265 0.48277
0.0333325 0.966668 0
0.655173 0.0689628 0.275864
0.142858 0.42857 0.428572
0.413804 0.310335 0.275861
