0.6 0.4 0
0.275862 0.172413 0.551725
0.200001 0.799999 0
0.13793 0.48276 0.37931
0.413797 0.310343 0.275861
0.133338 0.866662 0
0.103446 0.448275 0.448279
0.275862 0.37931 0.344828
0.48 0.52 0
0.000103421 0.41375 0.586146
0.517244 0.172411 0.310345
9.99744e-05 0.166653 0.833247
0.344827 0.0689644 0.586208
0.26923 0.73077 0
0.586146 0.000103434 0.41375
0.96667 0.0333304 0
0.0333331 0.966667 0
0.310345 0.310345 0.37931
0.0689655 0.310345 0.62069
0.0689641 0.379323 0.551713
0.137916 0.000103425 0.86198
0.392856 0.357144 0.25
0.407407 0.185185 0.407408
0.60714 0.14286 0.25
0.148144 0.44446 0.407396
0.066985 0.502393 0.430622
0.107143 0.892857 0
0.629631 0.370369 0
0.25 0.214286 0.535714
0.187166 0.299465 0.513369
0.370371 0.629629 0
0.448276 0.551724 0
0.311973 0.108637 0.57939
0.639935 0.000101036 0.359964
0.766671 0.233329 0
0.103493 0.586028 0.310479
0.000102246 0.749898 0.25
0.866667 0.133333 0
0.000100436 0.464239 0.53566
0.712787 0.0356403 0.251572
0.034336 0.107301 0.858363
0.333333 0.333333 0.333334
0.274461 0.25394 0.471599
0.9999 9.99516e-05 0
0.413795 0.137926 0.448279
0.517188 0.000103406 0.482709
0.000102467 0.214263 0.785634
9.99629e-05 0.9999 0
0.517241 0.482759 0
0.123729 0.175254 0.701016
0.24 0.76 0
0.482759 0.241379 0.275862
9.27645e-05 9.91273e-05 0.999808
0.103447 0.137929 0.758624
0.241355 0.000103434 0.758542
0.379271 0.000103435 0.620625
0.000103191 0.346112 0.653785
0.0666667 0.0333334 0.9
0.25 0.5 0.25
0.551715 0.10345 0.344835
0.689658 0.310342 0
0.000101172 0.607081 0.392818
0.172415 0.827585 0
0.310345 0.689655 0
0.749898 0.000102217 0.25
0.000103406 0.655105 0.344792
0.433335 0.0666669 0.499999
0.827587 0.172413 0
0.892856 0.107144 0
0.0680997 0.250907 0.680994
0.000103437 0.517188 0.482709
0.206897 0.413793 0.37931
0.137933 0.0689666 0.7931
0.571432 0.428568 0
0.136364 0.613636 0.25
0.0344827 0.689656 0.275861
9.99316e-05 0.0666655 0.933235
0.172414 0.51724 0.310346
0.172414 0.344827 0.482759
0.933334 0.0666661 0
0.0666669 0.933333 0
0.275864 0.0344825 0.689654
0.502395 0.0669859 0.430619
0.400001 0.599999 0
0.137931 0.275862 0.586207
0.535714 0.214286 0.25
0.241379 0.344827 0.413793
0.285713 0.428573 0.285713
0.214284 0.142856 0.642861
0.37931 0.275862 0.344828
0.345039 0.13789 0.517071
0.62069 0.068965 0.310345
0.344828 0.241378 0.413794
0.000103435 0.275832 0.724064
0.134041 0.396899 0.46906
0.448275 0.206897 0.344828
0.448229 0.000103431 0.551667
0.730767 0.269233 0
0.172413 0.206897 0.62069
0.172412 0.103448 0.72414
