0.4 0.6 0
0.172412 0.275862 0.551726
0.0666493 0.0666673 0.866683
0.482761 0.13793 0.37931
0.133335 0.866665 0
0.866666 0.133334 0
0.344828 0.172414 0.482759
0.448276 0.103448 0.448276
0.206897 0.344826 0.448276
0.379315 0.275854 0.344831
0.413736 0.00010342 0.586161
0.172413 0.517241 0.310346
0.16665 9.74817e-05 0.833253
0.0689667 0.344826 0.586207
9.93386e-05 0.586097 0.413804
0.966668 0.0333324 0
0.0333332 0.966667 0
0.310346 0.0689629 0.620691
0.655105 0.000103438 0.344792
0.551724 0.448276 0
0.253849 0.274743 0.471408
0.357142 0.392858 0.25
0.586206 0.103448 0.310346
0.000103333 0.37927 0.620627
0.14285 0.60715 0.25
0.185184 0.407397 0.407419
0.892857 0.107143 0
0.370369 0.629631 0
0.000101001 0.639938 0.359961
0.000102229 0.749898 0.25
0.107302 0.0343347 0.858363
0.730766 0.269234 0
9.99445e-05 0.9999 0
9.75657e-05 9.79022e-05 0.999805
0.214265 0.000102472 0.785632
0.9999 9.99911e-05 0
0.517188 0.000103437 0.482709
0.629628 0.370372 0
0.000103395 0.137917 0.86198
0.233324 0.766676 0
0.379312 0.0689649 0.551723
0.27586 0.34483 0.37931
0.000103427 0.241354 0.758542
0.0666666 0.933333 0
0.000103437 0.517188 0.482709
0.799999 0.200001 0
0.175255 0.123726 0.701019
0.107143 0.892857 0
0.482759 0.517241 0
0.250869 0.0681017 0.681029
0.346115 0.000103205 0.653782
0.599999 0.400001 0
0.0689627 0.206889 0.724149
0.444448 0.148147 0.407406
0.689655 0.310345 0
0.76 0.24 0
0.333333 0.333333 0.333333
0.689654 0.0344838 0.275863
0.749898 0.000102261 0.25
0.0356386 0.712789 0.251572
0.0667239 0.432847 0.500429
0.241378 0.48276 0.275863
0.103441 0.551728 0.34483
0.206895 0.448275 0.344829
0.142857 0.214286 0.642857
0.310342 0.689658 0
0.607076 0.000101159 0.392823
0.827585 0.172415 0
0.0666594 9.75892e-05 0.933243
0.172407 0.827593 0
0.0689643 0.13793 0.793106
0.428573 0.285717 0.285711
0.413793 0.206897 0.37931
0.613634 0.136366 0.25
0.5 0.25 0.25
0.428571 0.571429 0
0.299458 0.18716 0.513382
0.933334 0.0666664 0
0.214284 0.25 0.535715
0.0344785 0.275921 0.689601
0.46424 0.000100419 0.53566
0.0669763 0.502402 0.430621
0.108649 0.311887 0.579465
0.275862 0.137931 0.586207
0.0689622 0.620692 0.310346
0.214287 0.535713 0.25
0.344811 0.241365 0.413824
0.519998 0.480002 0
0.517242 0.172411 0.310347
0.502391 0.0669873 0.430621
0.137931 0.103448 0.758621
0.137889 0.345028 0.517083
9.83233e-05 0.0666587 0.933243
0.275834 0.000103428 0.724063
0.396874 0.134092 0.469033
0.000103434 0.448231 0.551666
0.269232 0.730768 0
0.206892 0.172414 0.620694
0.137926 0.413795 0.448279
0.275862 0.413793 0.310346
