0.206893 0.413795 0.379312
0.64 0.36 0
0.133334 0.866666 0
0.241376 0.482765 0.275859
0.3793 0.172405 0.448295
0.137928 0.206894 0.655177
0.310344 0.310345 0.379311
0.699998 0.300002 0
0.16666 0.100001 0.733339
0.392859 0.607141 0
0.448277 0.0689638 0.48276
9.98085e-05 0.166648 0.833252
0.0689631 0.655182 0.275855
0.566663 0.433337 0
0.766669 0.233331 0
0.0333305 0.96667 0
0.966667 0.0333332 0
0.266666 0.733334 0
0.379309 0.344829 0.275863
0.38115 0.103141 0.515709
0.10345 0.586206 0.310344
0.310312 0.000103422 0.689584
0.105235 0.298434 0.596332
0.48271 0.00010342 0.517187
0.482759 0.241379 0.275862
0.357143 0.392857 0.25
0.42857 0.142859 0.42857
0.607144 0.392856 0
0.933333 0.0666669 0
0.357145 0.642855 0
0.629568 0.000100874 0.370332
0.0343353 0.107291 0.858374
0.000103363 0.275829 0.724067
0.000103413 0.517188 0.482709
0.068961 0.241432 0.689607
0.275863 0.172414 0.551723
0.857142 0.142858 0
0.9999 9.99891e-05 0
9.99142e-05 0.9999 0
0.233333 0.766667 0
0.166666 0.833334 0
0.204542 0.545457 0.25
0.482761 0.517239 0
0.714287 0.0357125 0.25
0.124761 0.168263 0.706976
0.533331 0.0333345 0.433334
0.239999 0.239999 0.520001
0.174263 0.487936 0.337802
0.655174 0.068964 0.275862
0.23331 9.99829e-05 0.76659
0.214288 0.142855 0.642856
0.586205 0.10345 0.310344
0.142858 0.428572 0.42857
0.730772 0.269228 0
0.344838 0.0689676 0.586194
0.333335 0.333335 0.33333
0.0356372 0.71279 0.251573
0.000102468 0.214266 0.785632
0.799999 0.200001 0
0.48276 0.172413 0.344827
0.000103217 0.346117 0.65378
0.103431 0.000103423 0.896466
9.61773e-05 9.87009e-05 0.999805
0.535717 0.214282 0.25
0.392852 0.250002 0.357147
0.000103434 0.58614 0.413756
0.0679592 0.388383 0.543658
0.73326 9.99241e-05 0.26664
0.107142 0.892858 0
0.137932 0.0689658 0.793103
0.423075 0.576925 0
0.300001 0.699999 0
0.538462 0.461538 0
0.666667 0.333333 0
0.000102198 0.749898 0.25
0.214284 0.321428 0.464288
0.464287 0.285713 0.25
0.28571 0.46429 0.25
0.2 0.8 0
0.0672641 0.538112 0.394624
0.066667 0.933333 0
0.103446 0.137929 0.758625
0.000103179 0.653781 0.346116
0.413789 0.0344814 0.551729
9.56661e-05 0.0666573 0.933247
9.99215e-05 0.43329 0.56661
0.136363 0.613636 0.25
0.24138 0.068965 0.689656
0.250001 0.392852 0.357147
0.172414 0.241378 0.586208
0.137929 0.344829 0.517243
0.310341 0.206905 0.482753
0.285715 0.285715 0.42857
0.166648 9.99632e-05 0.833252
0.0689656 0.448275 0.48276
0.517241 0.103448 0.379311
0.379271 0.000103434 0.620625
0.613635 0.136365 0.25
0.899999 0.100001 0
0.275861 0.103445 0.620694
