0.80011 0.19989 0
0.6 0.4 0
0.609562 0.067725 0.322713
0.200006 0.799994 0
0.310355 0.379305 0.31034
0.13792 0.482814 0.379266
0.133351 0.866649 0
0.866669 0.133331 0
0.482739 0.0689642 0.448297
0.480008 0.519992 0
0.299368 0.0667356 0.633896
9.20283e-05 0.166642 0.833266
0.26923 0.73077 0
0.0333197 0.96668 0
0.966672 0.0333285 0
0.379318 0.275853 0.344829
0.0689636 0.310348 0.620688
0.333406 7.49302e-05 0.666519
0.206886 0.0689626 0.724151
0.0689749 0.379306 0.551719
0.000103421 0.517187 0.482709
0.1379 0.000103186 0.861997
0.712792 0.0356469 0.251561
0.379237 0.000102799 0.62066
0.428578 0.14286 0.428562
0.103518 0.585927 0.310555
0.148133 0.444504 0.407363
9.27683e-05 0.0666582 0.933249
0.280008 0.240015 0.479977
0.107144 0.892856 0
0.892862 0.107138 0
0.629635 0.370365 0
0.187158 0.299445 0.513397
0.0343372 0.107298 0.858365
0.275871 0.0344758 0.689653
0.370382 0.629618 0
0.344833 0.103447 0.55172
0.620689 0.103448 0.275863
0.448276 0.551724 0
0.9999 9.96945e-05 0
0.123806 0.175247 0.700947
8.39158e-05 0.413738 0.586178
0.000102395 0.21426 0.785637
0.333333 0.333332 0.333335
9.9944e-05 0.9999 0
0.517187 0.000103396 0.482709
0.639937 0.000100821 0.359962
0.136359 0.613641 0.25
0.517237 0.482763 0
9.57376e-05 0.60708 0.392824
0.311991 0.108654 0.579356
0.240001 0.759999 0
0.000103366 0.655106 0.344791
0.0344852 0.689656 0.275859
0.000102159 0.749898 0.25
0.137908 0.0689542 0.793138
0.392856 0.357144 0.25
0.000103028 0.346114 0.653783
0.249995 0.500005 0.25
0.24139 0.379325 0.379286
0.689668 0.310332 0
0.214281 0.142854 0.642865
0.551733 0.103438 0.344829
0.482758 0.24138 0.275862
0.172416 0.827584 0
0.766681 0.233319 0
0.749898 0.000102233 0.25
0.310337 0.689663 0
0.827599 0.172401 0
0.0680999 0.250906 0.680994
0.571438 0.178562 0.25
0.344827 0.172414 0.482759
0.37233 0.221531 0.406139
0.571442 0.428558 0
0.275857 0.310343 0.4138
0.933333 0.0666672 0
0.241389 0.206897 0.551714
0.0666681 0.933332 0
0.172422 0.51723 0.310349
0.17854 0.357137 0.464323
9.90227e-05 0.464236 0.535665
0.409961 0.0683265 0.521712
0.137933 0.275876 0.586191
0.448272 0.20689 0.344838
0.241351 0.000103187 0.758546
0.285715 0.428573 0.285712
0.066966 0.502392 0.430642
0.103448 0.137931 0.758621
0.066459 0.0332296 0.900311
0.44823 0.000102753 0.551667
9.51432e-05 0.275831 0.724074
0.464293 0.285706 0.25
8.97302e-05 8.43248e-05 0.999826
0.73077 0.26923 0
0.517238 0.172414 0.310349
0.4 0.6 0
0.103446 0.413787 0.482766
0.541069 0.0338065 0.425124
0.206857 0.448304 0.344839
0.172417 0.206884 0.620699
