0.800001 0.199999 0
0.517246 0.103442 0.379312
0.448277 0.275862 0.275862
0.413793 0.206897 0.37931
0.133336 0.866664 0
0.866665 0.133335 0
0.4 0.6 0
0.275861 0.172413 0.551727
0.52 0.48 0
0.16665 9.56359e-05 0.833254
0.269232 0.730768 0
0.730768 0.269232 0
0.275862 0.413793 0.310345
0.0333321 0.966668 0
0.966667 0.0333327 0
0.103445 0.379313 0.517242
0.431805 0.10027 0.467925
0.551722 0.448278 0
0.103451 0.586198 0.310351
0.425192 0.0338118 0.540997
0.000103434 0.310313 0.689584
0.310329 0.103451 0.58622
0.586116 0.103471 0.310413
0.100001 0.16667 0.733329
0.444438 0.148146 0.407415
0.749898 0.000102211 0.25
0.689657 0.0344826 0.275861
0.142858 0.428571 0.428571
0.366668 0.633332 0
0.310342 0.689658 0
0.107144 0.892856 0
0.199998 0.800002 0
0.000102553 0.615322 0.384576
0.000103402 0.103432 0.896464
0.107299 0.0343348 0.858366
0.629629 0.370371 0
7.62922e-05 9.96054e-05 0.999824
0.24 0.24 0.52
0.689655 0.310345 0
0.321428 0.214285 0.464287
0.517185 0.000103433 0.482711
0.214264 0.000102443 0.785633
0.000103436 0.482709 0.517188
0.321428 0.428572 0.25
0.76 0.24 0
0.9999 9.99851e-05 0
0.241381 0.37931 0.37931
0.5 0.25 0.25
0.239999 0.760001 0
0.168291 0.124756 0.706953
9.99886e-05 0.233312 0.766588
0.346119 0.000103224 0.653778
9.99894e-05 0.9999 0
0.172413 0.27586 0.551727
0.204191 0.544503 0.251307
0.344898 0.137916 0.517185
9.99647e-05 0.733258 0.266642
0.142858 0.214286 0.642856
0.172415 0.827585 0
0.0689656 0.137931 0.793103
0.333332 0.333332 0.333336
0.499988 0.0666689 0.433343
0.249365 0.0682393 0.682396
0.0357138 0.714286 0.25
0.407436 0.296247 0.296317
0.136362 0.613638 0.25
0.0684549 0.520816 0.410729
0.482758 0.517242 0
0.428571 0.571429 0
0.613635 0.136365 0.25
0.206894 0.344827 0.448279
0.178562 0.321465 0.499973
0.172415 0.48276 0.344825
0.0689655 0.344833 0.586201
0.000103434 0.379279 0.620618
0.0666673 0.933333 0
0.827585 0.172415 0
0.392857 0.357143 0.25
0.655105 0.000103437 0.344792
0.933333 0.0666671 0
0.033411 0.501193 0.465396
0.482769 0.17241 0.344821
0.0344828 0.413791 0.551727
0.0666589 9.74048e-05 0.933244
9.57871e-05 0.16665 0.833254
0.310345 0.310345 0.37931
0.214284 0.178571 0.607145
0.0689646 0.24138 0.689656
0.137927 0.103446 0.758628
0.241431 0.482648 0.275921
0.285715 0.285715 0.428571
0.392857 0.249999 0.357144
0.0344809 0.655174 0.310345
0.103447 0.275862 0.620691
0.275833 0.000103429 0.724064
0.55172 0.172415 0.275864
0.607081 0.000101179 0.392818
0.392817 0.00010117 0.607082
0.892857 0.107143 0
0.6 0.4 0
