0.639999 0.360001 0
0.448275 0.103447 0.448278
0.199999 0.800001 0
0.379319 0.31034 0.310341
0.482759 0.24138 0.275861
0.699997 0.300003 0
0.37931 0.206896 0.413793
0.133335 0.866665 0
0.399999 0.600001 0
0.24138 0.13793 0.620691
0.0689645 0.551725 0.379311
0.137929 0.379313 0.482757
0.269231 0.730769 0
0.566667 0.433333 0
0.766669 0.233331 0
0.966667 0.033333 0
0.0333332 0.966667 0
0.655174 0.0689654 0.275861
0.140629 0.507811 0.35156
0.379311 0.103448 0.517242
0.000101439 0.357106 0.642792
0.357143 0.392856 0.25
0.000102548 0.615321 0.384576
0.444449 0.259251 0.296301
0.147728 0.409093 0.443179
0.272341 0.306379 0.42128
0.000102666 0.178552 0.821345
0.107141 0.892859 0
0.409088 0.147727 0.443184
0.433334 0.0666661 0.5
0.607142 0.392858 0
0.857142 0.142858 0
0.482758 0.137932 0.379311
0.24 0.24 0.52
8.22767e-05 0.0666481 0.93327
0.629564 0.000100998 0.370335
0.482709 0.000103436 0.517188
0.24 0.76 0
0.178552 0.000102663 0.821345
0.103439 0.103439 0.793122
0.730772 0.269228 0
0.102567 0.610255 0.287178
0.105575 0.260975 0.63345
0.000103435 0.482709 0.517188
0.103438 0.344888 0.551674
0.333335 0.333335 0.333331
0.9999 9.99755e-05 0
0.124999 0.124999 0.750001
0.260991 0.105573 0.633437
9.86802e-05 9.84748e-05 0.999803
0.482759 0.517241 0
0.366665 0.633335 0
0.538462 0.461538 0
0.714286 0.0357144 0.25
0.933333 0.0666665 0
0.0691408 0.0344763 0.896383
0.319967 0.000101951 0.679931
0.58619 0.103453 0.310358
0.8 0.2 0
9.99835e-05 0.9999 0
0.137928 0.241381 0.620691
0.204189 0.544504 0.251307
0.0340891 0.386366 0.579545
0.733259 9.99498e-05 0.266641
0.535714 0.214285 0.25
0.172415 0.827585 0
9.99816e-05 0.733259 0.266641
0.23331 9.99607e-05 0.76659
0.310341 0.689659 0
0.517433 0.068938 0.413628
0.9 0.0999995 0
0.666667 0.333333 0
0.249995 0.464288 0.285716
0.42857 0.57143 0
0.428574 0.321426 0.25
0.0333265 0.533343 0.43333
0.21427 0.392864 0.392866
0.172418 0.310343 0.517238
0.06896 0.20696 0.72408
0.349313 0.0684933 0.582194
0.066665 0.933335 0
0.03448 0.10344 0.86208
0.206895 0.206895 0.586209
0.464467 0.178253 0.35728
0.613635 0.136365 0.25
0.206962 0.0689585 0.72408
0.42853 0.000100819 0.571369
0.172418 0.172418 0.655164
0.275861 0.413795 0.310344
0.357137 0.249997 0.392866
0.56661 9.99656e-05 0.43329
9.99676e-05 0.23331 0.76659
0.0344828 0.655172 0.310345
0.000103433 0.310314 0.689583
0.0666879 0.466495 0.466817
0.321429 0.178571 0.500001
0.133321 9.99821e-05 0.866579
0.249019 0.286088 0.464893
0.0357161 0.714284 0.25
0.170455 0.579544 0.25
