0.599998 0.400002 0
0.200001 0.799999 0
0.0666663 0.0666663 0.866667
0.13793 0.482758 0.379312
0.133339 0.866661 0
0.172414 0.344828 0.482758
0.103438 0.448279 0.448283
0.344827 0.206897 0.448276
0.480005 0.519995 0
0.000103363 0.41375 0.586147
0.517243 0.17241 0.310346
9.07946e-05 0.16665 0.833259
0.344826 0.0689636 0.58621
0.269229 0.730771 0
0.586145 0.000103104 0.413751
0.0333295 0.966671 0
0.966668 0.0333321 0
0.0689648 0.310346 0.620689
0.000103433 0.655105 0.344792
0.107143 0.892857 0
0.607145 0.142855 0.25
0.933336 0.0666644 0
0.00010247 0.214275 0.785622
0.399998 0.600002 0
0.407404 0.185187 0.40741
0.148149 0.444444 0.407407
0.892857 0.107143 0
0.172415 0.827585 0
0.62963 0.37037 0
0.333335 0.333335 0.33333
0.392856 0.357144 0.25
0.000102232 0.749898 0.25
0.103457 0.58617 0.310372
0.0343353 0.107293 0.858372
0.285714 0.428576 0.28571
0.370374 0.629626 0
0.000103403 0.517187 0.482709
0.137919 0.000103371 0.861978
0.9999 9.99711e-05 0
0.241354 0.000103419 0.758542
9.99681e-05 0.9999 0
0.413792 0.275863 0.310344
0.517241 0.482759 0
9.81213e-05 8.99632e-05 0.999812
0.123755 0.175249 0.700996
0.000103416 0.27583 0.724066
0.068949 0.379428 0.551623
0.379271 0.000103105 0.620626
0.239997 0.760003 0
0.517187 0.000103435 0.482709
0.0669872 0.502395 0.430618
0.766668 0.233332 0
0.0344842 0.689657 0.275859
0.730767 0.269233 0
0.311418 0.108724 0.579857
0.712787 0.0356408 0.251572
0.000103219 0.346121 0.653776
0.274017 0.254094 0.471889
0.448277 0.551723 0
0.827587 0.172413 0
0.25 0.5 0.25
0.535712 0.214288 0.25
0.187175 0.299461 0.513363
0.214287 0.142857 0.642856
0.551721 0.103448 0.34483
0.134133 0.396856 0.469011
0.689664 0.310336 0
0.344929 0.137911 0.51716
0.00010118 0.607083 0.392816
0.866667 0.133333 0
0.310342 0.689658 0
0.275868 0.172408 0.551724
0.749898 0.00010221 0.25
0.431914 0.0668347 0.501252
0.639934 0.000101031 0.359965
0.0681029 0.250874 0.681023
0.137934 0.0689668 0.7931
0.172414 0.206891 0.620695
0.206919 0.413782 0.379299
0.136366 0.613634 0.25
0.571428 0.428572 0
9.74562e-05 0.0666553 0.933247
0.066666 0.933334 0
0.250004 0.214285 0.535711
0.275863 0.034481 0.689656
0.00010043 0.464239 0.53566
0.172414 0.51724 0.310345
0.502397 0.0669856 0.430617
0.275861 0.379308 0.34483
0.13793 0.275867 0.586203
0.241378 0.344827 0.413795
0.344832 0.275864 0.379304
0.103446 0.137927 0.758627
0.0666554 9.728e-05 0.933247
0.620692 0.0689627 0.310346
0.448236 0.000103399 0.55166
0.448274 0.206895 0.34483
0.206897 0.068964 0.724139
0.482761 0.24138 0.275859
0.413795 0.137929 0.448276
