0.360391 0.639609 0
0.241377 0.482752 0.275871
0.310026 0.379391 0.310584
0.799996 0.200004 0
0.551726 0.06896 0.379314
0.3 0.7 0
0.103402 0.448321 0.448277
0.379275 0.137924 0.482801
0.137898 0.482788 0.379314
0.600002 0.399998 0
0.433346 0.566654 0
0.233327 0.766673 0
0.966672 0.0333276 0
0.0333337 0.966666 0
0.413795 0.275861 0.310344
0.866667 0.133333 0
0.579556 0.170443 0.250001
0.551649 0.000103236 0.448248
0.733264 9.98918e-05 0.266636
0.0666756 0.933324 0
0.260906 0.105584 0.633509
0.310335 0.172406 0.517258
0.000102159 0.178546 0.821352
0.409099 0.147726 0.443175
0.633335 0.366665 0
0.0344862 0.0690513 0.896463
0.89286 0.10714 0
0.607772 0.106228 0.286
0.392859 0.607141 0
0.615324 0.000102547 0.384574
9.22683e-05 0.566582 0.433325
0.142857 0.857143 0
0.269229 0.730771 0
0.240001 0.240001 0.519999
0.517241 0.482759 0
0.544501 0.204193 0.251306
0.206895 0.206895 0.586209
0.482709 0.000103365 0.517188
0.068504 0.349306 0.58219
0.103452 0.5862 0.310348
9.91281e-05 7.44458e-05 0.999826
0.513844 0.138902 0.347254
0.000100925 0.62956 0.370339
0.310321 0.00010332 0.689576
0.214283 0.535716 0.250001
0.9999 9.99399e-05 0
0.000103327 0.482709 0.517188
7.37891e-05 0.133298 0.866628
0.333331 0.333331 0.333337
0.178545 0.000102555 0.821352
0.0357182 0.714281 0.250001
0.258281 0.445045 0.296674
0.759996 0.240004 0
0.714293 0.0357059 0.250001
0.136364 0.613635 0.250001
9.98982e-05 0.9999 0
0.147729 0.409089 0.443182
0.000100995 0.319963 0.679936
0.349316 0.0684931 0.582191
9.99106e-05 0.733262 0.266638
0.379309 0.241383 0.379308
0.827577 0.172423 0
0.172414 0.172414 0.655172
0.310343 0.310343 0.379314
0.20001 0.79999 0
0.689656 0.310344 0
0.100003 0.899997 0
0.125 0.125004 0.749996
0.103427 0.103427 0.793145
0.461534 0.538466 0
0.000100263 0.428513 0.571387
0.333335 0.666665 0
0.209101 0.309477 0.481422
0.430595 0.0669954 0.502409
0.241383 0.13793 0.620687
0.505164 0.067357 0.427479
0.0689641 0.655175 0.275861
0.0689654 0.206891 0.724144
0.57143 0.42857 0
0.206956 0.0689601 0.724084
0.233325 9.98819e-05 0.766575
0.933338 0.0666616 0
0.469469 0.247586 0.282945
0.103448 0.0344823 0.862069
0.285749 0.285749 0.428502
0.178528 0.464311 0.35716
0.379269 0.000103361 0.620628
0.172376 0.275829 0.551795
0.105577 0.260965 0.633458
0.321401 0.428597 0.250001
9.99024e-05 0.233336 0.766564
0.0666618 5.02512e-05 0.933288
0.730766 0.269234 0
0.241314 0.379372 0.379314
0.655173 0.0344781 0.310348
0.344833 0.20689 0.448277
0.0689495 0.517271 0.41378
0.100661 0.396211 0.503129
0.392855 0.357143 0.250001
0.4484 0.17241 0.379191
