0.206896 0.413794 0.37931
0.639999 0.360001 0
0.133336 0.866664 0
0.241379 0.482759 0.275862
0.482759 0.241379 0.275862
0.379306 0.172418 0.448277
0.310345 0.310345 0.37931
0.7 0.3 0
0.137928 0.206891 0.655181
0.166694 0.10001 0.733296
0.199996 0.800004 0
0.392858 0.607142 0
9.23271e-05 0.166651 0.833256
0.448335 0.068958 0.482707
0.566671 0.433329 0
0.766667 0.233333 0
0.966669 0.0333308 0
0.0333326 0.966667 0
0.266667 0.733333 0
0.413794 0.310344 0.275862
0.655183 0.0689502 0.275867
0.250001 0.392856 0.357143
0.0689629 0.241407 0.689631
0.103448 0.586207 0.310345
0.933329 0.0666705 0
0.357142 0.392858 0.25
0.379271 0.000103418 0.620625
0.142858 0.428572 0.42857
0.107143 0.892857 0
0.166667 0.833333 0
0.607143 0.392857 0
0.275862 0.172413 0.551725
0.103425 0.000103424 0.896472
0.0343354 0.107299 0.858365
0.629567 0.000100908 0.370332
0.310314 0.0001034 0.689583
9.86233e-05 9.99738e-05 0.999801
0.482709 0.000103422 0.517188
0.000103224 0.346119 0.653778
0.357142 0.642858 0
0.124752 0.168316 0.706932
0.000103195 0.653776 0.346121
0.857141 0.142859 0
9.99722e-05 0.9999 0
0.000103424 0.517188 0.482709
0.9999 9.99836e-05 0
0.333334 0.333334 0.333333
0.000103292 0.58614 0.413756
0.464284 0.285716 0.25
0.0689038 0.655479 0.275617
0.586207 0.103448 0.310345
0.428571 0.142858 0.428571
0.103446 0.137928 0.758626
0.0356285 0.712796 0.251575
0.0679354 0.388576 0.543488
0.48276 0.51724 0
0.344831 0.0689656 0.586204
0.730771 0.269229 0
0.10516 0.298933 0.595907
0.000102435 0.214269 0.785628
0.233331 0.766669 0
0.233317 9.99136e-05 0.766584
0.535721 0.214279 0.25
0.20454 0.54546 0.25
0.285714 0.285715 0.428571
0.392855 0.250001 0.357144
0.16665 9.8911e-05 0.833251
0.733262 9.98861e-05 0.266638
0.8 0.2 0
0.714286 0.0357139 0.25
0.137927 0.0689636 0.793109
0.423078 0.576922 0
0.538461 0.461539 0
0.300001 0.699999 0
0.000102222 0.749898 0.25
0.482757 0.172414 0.344829
0.521565 0.0683478 0.410087
0.136363 0.613637 0.25
0.310314 0.206974 0.482711
0.214283 0.32143 0.464287
0.0672794 0.538107 0.394613
0.174262 0.487936 0.337802
0.37934 0.103443 0.517216
0.0666664 0.933334 0
0.666667 0.333333 0
0.413794 0.0344788 0.551728
0.214289 0.142855 0.642856
9.99648e-05 0.433287 0.566613
9.24689e-05 0.0666518 0.933256
0.61364 0.13636 0.25
0.285707 0.464293 0.25
0.172414 0.241384 0.586203
0.241377 0.0689559 0.689667
0.137923 0.344831 0.517245
0.566611 9.98229e-05 0.43329
0.000103404 0.275831 0.724065
0.899989 0.100011 0
0.240001 0.240001 0.519997
0.0689662 0.448271 0.482763
0.27585 0.103448 0.620702
