0.359999 0.640001 0
0.137877 0.448317 0.413806
0.103448 0.37931 0.517242
0.241378 0.482763 0.275859
0.799998 0.200002 0
0.275849 0.379318 0.344833
0.137932 0.517234 0.344834
0.866667 0.133333 0
0.137931 0.241378 0.620691
0.241378 0.137931 0.620691
0.55173 0.0689598 0.37931
0.379311 0.13793 0.482759
0.730769 0.269231 0
0.3 0.7 0
0.433332 0.566668 0
0.233333 0.766667 0
0.966669 0.033331 0
0.0333316 0.966668 0
0.379312 0.275862 0.344826
0.0689648 0.655176 0.275859
0.733261 9.99069e-05 0.26664
0.258649 0.444812 0.296539
0.507811 0.140627 0.351562
0.260892 0.105587 0.633521
0.000102641 0.178552 0.821345
0.000101985 0.319965 0.679933
0.103456 0.586176 0.310368
0.147728 0.409091 0.443181
0.392855 0.357144 0.250001
0.136357 0.613642 0.250001
0.0344768 0.0691286 0.896395
0.344916 0.103429 0.551654
0.892857 0.107143 0
0.0666672 0.933333 0
0.40909 0.147729 0.443181
0.615324 0.000102518 0.384574
0.142859 0.857141 0
0.517241 0.482759 0
0.24 0.24 0.519999
0.482709 0.000103434 0.517188
0.206896 0.0689654 0.724138
0.178552 0.000102632 0.821345
0.9999 9.99909e-05 0
0.333334 0.333334 0.333333
9.87486e-05 8.91944e-05 0.999812
0.714287 0.0357118 0.250001
0.125 0.125 0.75
0.000100998 0.629566 0.370333
9.98665e-05 0.9999 0
0.269231 0.730769 0
0.461538 0.538462 0
0.214281 0.535718 0.250001
9.98862e-05 0.733261 0.26664
0.105591 0.26087 0.633539
0.6 0.4 0
0.000100595 0.428533 0.571366
0.392859 0.607141 0
0.0357146 0.714284 0.250001
0.544503 0.204189 0.251308
0.386327 0.0340933 0.57958
0.0684925 0.349321 0.582187
0.827586 0.172414 0
0.306382 0.272337 0.421281
0.200001 0.799999 0
0.100002 0.899998 0
0.633334 0.366666 0
0.610736 0.101859 0.287405
0.0666706 0.433289 0.50004
0.689655 0.310345 0
0.206897 0.379317 0.413786
0.0666593 9.23267e-05 0.933248
0.333333 0.666667 0
0.464277 0.250004 0.285719
0.068959 0.517286 0.413755
0.0689643 0.206899 0.724137
0.53331 0.033335 0.433355
0.32143 0.428569 0.250001
0.571427 0.428573 0
0.310346 0.172414 0.51724
0.000103422 0.482709 0.517188
0.178565 0.321431 0.500004
0.933333 0.0666667 0
0.103436 0.0344787 0.862085
0.655169 0.0344834 0.310347
0.206897 0.206897 0.586207
0.177301 0.46501 0.357689
0.39286 0.214279 0.392861
0.76 0.24 0
0.249996 0.357147 0.392857
0.172414 0.172414 0.655171
9.98179e-05 0.56661 0.433291
0.103446 0.103446 0.793108
0.579545 0.170454 0.250001
9.99554e-05 0.233315 0.766585
0.233315 9.99822e-05 0.766585
0.466083 0.0667376 0.46718
9.76358e-05 0.133319 0.866583
0.29017 0.238296 0.471534
0.310315 0.000103437 0.689582
0.357091 0.000101469 0.642808
