0.000103108 0.379218 0.620679
0.200003 0.799997 0
0.379312 0.310348 0.31034
0.310345 0.310345 0.37931
0.699998 0.300002 0
0.133337 0.866663 0
0.379312 0.137925 0.482763
0.13793 0.241387 0.620683
0.0343288 0.656713 0.308958
0.269229 0.730771 0
0.275864 0.413792 0.310344
0.566665 0.433335 0
0.766668 0.233332 0
0.0333275 0.966672 0
0.655177 0.0689625 0.275861
0.93333 0.0666702 0
0.13794 0.517235 0.344825
0.586203 0.10345 0.310346
0.000103232 0.551664 0.448232
0.105578 0.260957 0.633466
0.17854 9.46158e-05 0.821365
0.147728 0.409092 0.443181
0.409091 0.147728 0.443181
0.0689653 0.0689653 0.862069
0.0357122 0.714288 0.25
0.966676 0.033324 0
0.366665 0.633335 0
0.107132 0.892868 0
0.260974 0.105574 0.633452
0.000102547 0.61532 0.384577
0.629567 0.000100893 0.370332
0.444527 0.25912 0.296353
0.413791 0.0689582 0.517251
0.857137 0.142863 0
0.24 0.24 0.519999
0.482768 0.24138 0.275853
0.357095 9.46886e-05 0.64281
0.482715 0.000103245 0.517182
0.068952 0.207047 0.724001
0.71429 0.0357095 0.25
0.333333 0.333333 0.333334
0.357139 0.392861 0.25
0.000103389 0.482709 0.517188
0.9999 9.98095e-05 0
0.730772 0.269228 0
9.81888e-05 5.01914e-05 0.999852
9.99195e-05 0.733268 0.266632
0.24 0.76 0
0.308543 0.2115 0.479957
9.80936e-05 0.319955 0.679947
9.90154e-05 0.999901 0
0.535717 0.214283 0.25
0.48276 0.51724 0
7.04167e-05 0.0999835 0.899946
0.310313 0.000103091 0.689584
0.000102404 0.17857 0.821328
0.204193 0.5445 0.251307
0.386335 0.0340925 0.579573
0.0685127 0.349304 0.582183
0.541064 0.0338155 0.425121
0.733268 9.99579e-05 0.266632
0.607141 0.392859 0
0.172422 0.827578 0
0.799999 0.200001 0
0.464945 0.177411 0.357643
0.31034 0.68966 0
0.206896 0.344815 0.44829
0.538451 0.461549 0
0.4 0.6 0
0.103452 0.620687 0.275861
0.170449 0.579551 0.25
0.666666 0.333334 0
0.0673601 0.505163 0.427477
0.42857 0.57143 0
0.206939 0.0689587 0.724102
0.0332966 0.0332975 0.933406
0.172404 0.310347 0.517248
0.06667 0.93333 0
0.249857 0.464592 0.28555
0.214288 0.178172 0.60754
0.275777 0.170276 0.553946
0.285715 0.285715 0.42857
0.613636 0.136364 0.25
0.125 0.125 0.75
0.357571 0.101583 0.540847
0.000100556 0.428523 0.571376
0.428576 0.321424 0.25
0.103447 0.103447 0.793107
8.89526e-05 0.233312 0.766599
0.24144 0.37926 0.3793
0.0671775 0.597004 0.335818
0.449701 0.101576 0.448722
0.379317 0.241368 0.379316
0.0999925 6.16852e-05 0.899946
0.233359 9.6957e-05 0.766544
0.900003 0.0999973 0
0.517239 0.103446 0.379315
0.172415 0.448275 0.379311
0.100727 0.395679 0.503594
0.172414 0.172414 0.655173
