0.379304 0.275863 0.344832
0.275862 0.103445 0.620693
0.8 0.2 0
0.310344 0.310345 0.379311
0.482767 0.137919 0.379314
0.866666 0.133334 0
0.133334 0.866666 0
0.392861 0.607139 0
0.519996 0.480004 0
0.000103396 0.41375 0.586146
8.58707e-05 0.166651 0.833263
0.0689646 0.620691 0.310344
0.44828 0.241376 0.310344
0.730769 0.269231 0
0.000103415 0.586148 0.413749
0.413788 0.13793 0.448282
0.966666 0.033334 0
0.0333323 0.966668 0
0.266666 0.733334 0
0.137938 0.5862 0.275862
0.137909 0.000103374 0.861987
0.107142 0.892858 0
0.321427 0.214285 0.464288
0.034336 0.107293 0.858371
0.000102456 0.214271 0.785627
0.655105 0.000103416 0.344792
0.892856 0.107144 0
0.187218 0.299446 0.513336
0.357142 0.392858 0.25
0.0689645 0.379319 0.551717
0.629625 0.370375 0
0.933333 0.0666665 0
0.311882 0.108913 0.579205
0.448229 0.000103434 0.551667
9.9922e-05 0.9999 0
0.586199 0.10345 0.31035
0.000103437 0.517188 0.482709
9.90085e-05 9.27529e-05 0.999808
0.172416 0.827584 0
0.0356384 0.712788 0.251573
0.148147 0.444445 0.407408
0.172416 0.517235 0.310349
0.444444 0.148148 0.407408
9.99586e-05 0.0666581 0.933242
0.214288 0.142859 0.642853
0.24138 0.37931 0.379311
0.344829 0.0689615 0.58621
0.333333 0.333333 0.333334
0.749897 0.000102256 0.25
0.357148 0.642852 0
0.517188 0.000103437 0.482709
0.172413 0.34483 0.482758
0.500001 0.249999 0.25
0.241367 0.310351 0.448282
0.48276 0.51724 0
0.379271 0.000103353 0.620626
0.9999 9.99883e-05 0
0.233332 0.766668 0
0.137927 0.482762 0.379312
0.689653 0.0344908 0.275856
0.249998 0.500002 0.25
0.285715 0.285715 0.42857
0.760001 0.239999 0
0.241353 0.000103425 0.758543
0.000101033 0.639935 0.359964
0.551722 0.448278 0
0.275862 0.413793 0.310344
0.000102258 0.749897 0.25
0.000103216 0.34612 0.653777
0.827584 0.172416 0
0.423076 0.576924 0
0.0680993 0.250896 0.681004
0.137932 0.0689655 0.793103
0.3 0.7 0
0.409936 0.0683231 0.521741
0.102274 0.647726 0.25
0.0679588 0.543704 0.388337
0.689659 0.310341 0
0.613637 0.136363 0.25
0.401215 0.234042 0.364743
0.241387 0.206894 0.551719
0.0666668 0.933333 0
0.275869 0.0344812 0.68965
0.00010041 0.46424 0.53566
0.517241 0.172414 0.310346
0.607081 0.000101147 0.392817
0.137929 0.275862 0.586209
0.502392 0.0669852 0.430623
0.103447 0.137931 0.758622
0.124172 0.175165 0.700662
0.413793 0.310345 0.275862
0.10025 0.431911 0.467839
0.345303 0.137804 0.516893
0.6 0.4 0
0.0666599 0.0333275 0.900013
0.206889 0.448279 0.344831
0.172411 0.206896 0.620693
0.000103434 0.275834 0.724063
0.172409 0.103446 0.724145
0.0689612 0.310346 0.620693
