0.639996 0.360004 0
0.133334 0.866666 0
0.379309 0.172414 0.448277
0.137914 0.206875 0.655211
0.310344 0.310344 0.379311
0.7 0.3 0
0.199999 0.800001 0
0.392864 0.607136 0
8.14961e-05 0.166652 0.833267
0.0688977 0.65551 0.275592
0.766666 0.233334 0
0.0333319 0.966668 0
0.966668 0.0333319 0
0.379308 0.344832 0.27586
0.655171 0.0689666 0.275862
0.250001 0.39286 0.357139
0.933332 0.0666684 0
0.241381 0.482759 0.27586
0.103455 0.586214 0.310331
0.105238 0.298422 0.59634
0.900001 0.0999993 0
0.428573 0.14285 0.428576
0.136357 0.613643 0.25
0.142857 0.428572 0.428571
0.799997 0.200003 0
0.107143 0.892857 0
0.17426 0.487935 0.337805
0.607143 0.392857 0
9.99669e-05 0.433275 0.566625
0.357152 0.642848 0
0.357144 0.392856 0.25
0.733257 9.9748e-05 0.266643
0.000103028 0.346126 0.653771
0.344828 0.0689649 0.586207
0.629573 0.000100994 0.370326
0.124764 0.168239 0.706997
0.857144 0.142856 0
0.24 0.24 0.52
0.482757 0.172414 0.344829
0.000103431 0.517188 0.482709
0.0679593 0.38837 0.543671
0.586192 0.103455 0.310353
0.9999 9.99901e-05 0
0.103421 0.000103373 0.896475
7.04648e-05 0.0666585 0.933271
9.99829e-05 0.9999 0
0.206897 0.413792 0.379311
0.714286 0.0357133 0.25
0.48276 0.51724 0
0.482709 0.000103424 0.517188
0.166651 9.07228e-05 0.833258
0.535712 0.214287 0.25
0.000103213 0.653775 0.346122
0.000102472 0.214265 0.785632
0.53846 0.46154 0
0.333332 0.333332 0.333336
0.233331 0.766669 0
0.730769 0.269231 0
0.0356365 0.712791 0.251573
0.0343353 0.107295 0.858369
0.23331 9.99547e-05 0.76659
9.97948e-05 9.7878e-05 0.999802
0.204545 0.545454 0.25
0.39284 0.250005 0.357155
0.448302 0.241368 0.31033
0.21428 0.142853 0.642867
0.166667 0.833333 0
0.379271 0.000103355 0.620626
0.423079 0.576921 0
0.172414 0.241379 0.586207
0.310321 0.206958 0.482721
0.300001 0.699999 0
0.666663 0.333337 0
0.310313 0.000103375 0.689584
0.000102245 0.749897 0.25
0.533337 0.0333295 0.433333
0.0666737 0.933326 0
0.214285 0.321434 0.46428
0.464283 0.285717 0.25
0.0672609 0.538107 0.394632
0.448277 0.068964 0.482759
0.0689612 0.241427 0.689612
0.413791 0.0344826 0.551726
0.275861 0.172413 0.551726
0.613638 0.136362 0.25
0.285707 0.464293 0.25
0.166656 0.0999996 0.733344
0.103444 0.137923 0.758633
0.241379 0.0689647 0.689656
0.137932 0.344833 0.517235
0.266666 0.733334 0
0.285714 0.285714 0.428571
0.380881 0.103187 0.515932
0.517242 0.103447 0.379311
0.137926 0.068964 0.79311
0.000103406 0.275814 0.724083
0.000103436 0.586148 0.413749
0.0689656 0.448274 0.48276
0.566661 0.433339 0
0.275864 0.103449 0.620688
