7.78462e-05 0.0332793 0.966643
0.241379 0.482759 0.275862
0.482758 0.241379 0.275863
0.448279 0.103444 0.448276
0.379314 0.310343 0.310343
0.699999 0.300001 0
0.37931 0.206897 0.413793
0.37931 0.137931 0.482759
0.48276 0.137929 0.379312
0.199999 0.800001 0
0.392858 0.607142 0
0.0689572 0.655214 0.275829
0.966667 0.0333333 0
0.766666 0.233334 0
0.172413 0.275862 0.551726
0.266668 0.733332 0
0.275862 0.310345 0.413793
0.655178 0.0689578 0.275864
0.933331 0.0666695 0
0.48271 0.000103432 0.517187
0.586198 0.10345 0.310351
0.357145 0.392855 0.25
0.0333333 0.966667 0
0.250002 0.392848 0.35715
0.105246 0.298361 0.596393
0.428573 0.321427 0.25
0.379572 0.0344682 0.585959
0.142856 0.428572 0.428572
0.714285 0.0357149 0.25
0.107143 0.892857 0
0.09999 9.977e-05 0.89991
0.357143 0.642857 0
0.143074 0.0342773 0.822649
0.10345 0.586205 0.310345
0.482759 0.517241 0
0.137928 0.344829 0.517243
0.241377 0.137932 0.620692
0.000103423 0.137919 0.861977
0.000103436 0.517188 0.482709
0.206875 0.000103299 0.793022
0.260886 0.105588 0.633526
0.0740882 0.185183 0.740729
9.99723e-05 0.9999 0
9.64778e-05 9.4923e-05 0.999809
0.413795 0.24138 0.344825
0.857142 0.142858 0
0.9 0.1 0
0.0356411 0.712786 0.251573
0.9999 9.996e-05 0
0.333333 0.333333 0.333334
0.613638 0.136362 0.25
0.233332 0.766668 0
0.607144 0.392856 0
0.535716 0.214284 0.25
0.409089 0.14773 0.443181
0.730771 0.269229 0
0.00010322 0.653778 0.346119
0.299972 9.99306e-05 0.699928
0.24 0.24 0.52
0.0333307 0.0666612 0.900008
0.204545 0.545455 0.25
0.444543 0.259095 0.296362
0.464295 0.178556 0.35715
0.0679532 0.388425 0.543622
0.73326 9.99742e-05 0.26664
0.285714 0.464286 0.25
0.172415 0.137932 0.689652
0.566604 9.99348e-05 0.433296
0.629563 0.00010099 0.370336
0.799999 0.200001 0
0.566666 0.433334 0
0.166667 0.833333 0
0.423077 0.576923 0
0.321427 0.214285 0.464288
0.0689424 0.448296 0.482762
0.517515 0.0689264 0.413559
0.538462 0.461538 0
0.299999 0.700001 0
0.666666 0.333334 0
0.174261 0.487936 0.337803
0.000102257 0.749898 0.25
0.357105 0.00010149 0.642793
0.000103427 0.241357 0.75854
0.214283 0.321429 0.464288
0.0672634 0.538111 0.394626
0.0666658 0.933334 0
0.344827 0.10345 0.551723
9.99737e-05 0.433286 0.566614
0.206896 0.206896 0.586207
0.136363 0.613637 0.25
0.000103209 0.346118 0.653779
0.103448 0.241381 0.655171
0.206896 0.0689658 0.724139
0.344827 0.275862 0.379312
0.103447 0.103447 0.793105
0.0344829 0.275865 0.689652
0.00010342 0.586146 0.413751
0.275861 0.172414 0.551726
0.430622 0.066985 0.502393
0.0333334 0.166666 0.8
