0.2 0.8 0
0.137908 0.48284 0.379252
0.172414 0.344828 0.482758
0.344829 0.206897 0.448275
0.480001 0.519999 0
0.000103416 0.41375 0.586147
0.517241 0.172414 0.310345
9.99502e-05 0.166655 0.833245
0.344828 0.0689655 0.586207
0.269233 0.730767 0
0.0333343 0.966666 0
0.0689654 0.310345 0.62069
0.000103436 0.655105 0.344792
0.448275 0.551725 0
0.866667 0.133333 0
0.25 0.5 0.25
0.274138 0.254053 0.471809
0.392857 0.357143 0.25
0.0689575 0.379383 0.55166
0.607141 0.142859 0.25
0.379271 0.00010342 0.620625
0.214286 0.142856 0.642858
0.148148 0.444446 0.407407
0.187171 0.299463 0.513365
0.275862 0.37931 0.344828
0.000102464 0.214271 0.785626
0.892859 0.107141 0
0.517188 0.000103387 0.482709
0.639934 0.000101038 0.359965
0.000102241 0.749898 0.25
0.629629 0.370371 0
0.0343347 0.107296 0.858369
0.551712 0.103451 0.344837
0.370371 0.629629 0
0.000103417 0.517188 0.482709
0.689656 0.310344 0
0.311951 0.10864 0.579409
9.9963e-05 0.9999 0
0.333334 0.333334 0.333332
0.966667 0.033333 0
0.137921 0.000103392 0.861976
9.44187e-05 6.915e-05 0.999836
0.51724 0.48276 0
0.9999 9.99905e-05 0
0.599999 0.400001 0
0.766667 0.233333 0
0.712787 0.0356403 0.251572
0.407403 0.185186 0.40741
0.400002 0.599998 0
0.103448 0.448277 0.448275
0.12378 0.175244 0.700976
0.241355 0.000103427 0.758542
0.107142 0.892858 0
0.000103224 0.346118 0.653779
0.0344862 0.689653 0.275861
0.103448 0.586207 0.310345
0.000101181 0.60708 0.392819
0.172414 0.827586 0
0.239996 0.760004 0
0.310336 0.689664 0
0.749898 0.000102225 0.25
0.433049 0.0667012 0.500249
0.827588 0.172412 0
0.0681013 0.250889 0.68101
0.137926 0.068963 0.793111
0.133333 0.866667 0
0.206932 0.413775 0.379294
0.136364 0.613636 0.25
0.57143 0.42857 0
9.82195e-05 0.0666583 0.933243
0.933336 0.066664 0
0.206896 0.448276 0.344828
0.0669873 0.502392 0.430621
0.249997 0.21428 0.535724
0.275884 0.034479 0.689637
0.00010343 0.275833 0.724064
0.000100385 0.464239 0.535661
0.137931 0.275862 0.586207
0.502393 0.0669862 0.430621
0.482759 0.24138 0.275861
0.44823 0.000103382 0.551667
0.535715 0.214285 0.25
0.241376 0.34483 0.413795
0.275861 0.172414 0.551726
0.285716 0.428571 0.285713
0.134154 0.396845 0.469
0.413794 0.137931 0.448275
0.172415 0.517238 0.310347
0.344834 0.275868 0.379299
0.103445 0.13793 0.758625
0.344829 0.137931 0.517241
0.0667323 0.0333662 0.899901
0.586147 0.000103421 0.41375
0.448276 0.206896 0.344828
0.0666669 0.933333 0
0.620694 0.0689595 0.310347
0.730762 0.269238 0
0.172414 0.206896 0.62069
0.172414 0.103448 0.724138
0.413794 0.275861 0.310345
