0.200008 0.799992 0
0.8 0.2 0
0.448279 0.275859 0.275862
0.51724 0.103446 0.379314
0.413791 0.206895 0.379314
0.310343 0.310343 0.379314
0.133335 0.866665 0
0.0999994 0.166667 0.733334
0.4 0.6 0
0.27586 0.172414 0.551727
0.519996 0.480004 0
0.166652 9.99061e-05 0.833249
0.269231 0.730769 0
0.730767 0.269233 0
0.275862 0.413794 0.310344
0.0333348 0.966665 0
0.966667 0.0333327 0
0.103447 0.379311 0.517242
0.655101 0.000103426 0.344795
0.43184 0.100264 0.467896
0.551723 0.448277 0
0.103459 0.586176 0.310364
0.000103281 0.103436 0.89646
0.321428 0.428572 0.25
0.428571 0.571429 0
0.214265 0.000102423 0.785633
0.749897 0.000102244 0.25
0.366662 0.633338 0
0.142856 0.428571 0.428573
0.0689657 0.344836 0.586198
0.107143 0.892857 0
0.551724 0.172414 0.275862
0.866668 0.133332 0
9.98517e-05 0.166652 0.833249
0.629629 0.370371 0
0.000102307 0.615327 0.384571
0.586181 0.103455 0.310364
0.24 0.240001 0.519999
9.99751e-05 0.9999 0
0.310283 0.103458 0.586259
0.344845 0.137927 0.517228
0.13793 0.103447 0.758624
0.444444 0.148148 0.407408
0.000103367 0.482709 0.517188
0.321427 0.214285 0.464288
0.066667 0.933333 0
9.60943e-05 9.92603e-05 0.999805
9.99754e-05 0.233313 0.766587
0.517185 0.00010342 0.482711
0.892855 0.107145 0
0.24 0.76 0
0.482758 0.517242 0
0.168308 0.124749 0.706944
0.107297 0.0343347 0.858368
0.0357149 0.714285 0.25
0.760001 0.239999 0
0.689674 0.0344807 0.275846
0.204191 0.544504 0.251305
0.34612 0.000103215 0.653777
0.9999 9.9969e-05 0
0.5 0.249999 0.25
9.9987e-05 0.73326 0.26664
0.142854 0.214281 0.642864
0.333333 0.333333 0.333335
0.0689652 0.241378 0.689657
0.607081 0.000101154 0.392818
0.42514 0.0338151 0.541045
0.172415 0.827585 0
0.827586 0.172414 0
0.689656 0.310344 0
0.241419 0.379291 0.379291
0.0689678 0.137937 0.793095
0.310338 0.689662 0
0.178542 0.321542 0.499916
0.407469 0.296197 0.296334
0.214283 0.178569 0.607149
0.249988 0.0681849 0.681827
0.0683219 0.521738 0.409941
0.0344828 0.41379 0.551727
0.000103431 0.310313 0.689583
0.613635 0.136364 0.25
0.933334 0.0666655 0
0.172414 0.482762 0.344824
0.482763 0.172413 0.344824
0.172412 0.275861 0.551727
0.0666616 6.60595e-05 0.933272
0.136361 0.613638 0.25
0.285713 0.285714 0.428573
0.49999 0.0666685 0.433342
0.241381 0.482756 0.275863
0.392863 0.357136 0.25
0.0689655 0.655173 0.275862
0.0334138 0.501189 0.465397
0.392858 0.249996 0.357146
0.000103361 0.379272 0.620625
0.103448 0.275862 0.62069
0.275833 0.000103404 0.724064
0.392824 0.000101156 0.607075
0.206892 0.344822 0.448285
0.6 0.4 0
