0.137867 0.482834 0.379298
0.399999 0.600001 0
0.172412 0.275859 0.551729
0.483076 0.137846 0.379078
0.866657 0.133343 0
0.344827 0.172414 0.482759
0.448279 0.103444 0.448277
0.379312 0.275861 0.344827
0.172411 0.517244 0.310345
0.166648 9.8707e-05 0.833253
0.0689609 0.344828 0.586211
0.730764 0.269236 0
0.966667 0.0333329 0
0.0333331 0.966667 0
0.655105 0.000103392 0.344792
0.310345 0.0689639 0.620691
0.357152 0.392848 0.25
0.586122 0.103469 0.310408
0.142855 0.607145 0.25
0.760003 0.239997 0
0.41375 0.000103436 0.586146
0.9999 9.99769e-05 0
0.379359 0.06896 0.551681
0.892859 0.107141 0
0.214267 0.00010247 0.78563
0.000103416 0.137913 0.861983
0.107144 0.892856 0
0.749898 0.000102239 0.25
0.000103369 0.379271 0.620625
0.464243 0.000100425 0.535656
0.108648 0.311894 0.579457
0.517188 0.000103434 0.482709
0.253975 0.274364 0.471661
0.000103426 0.517188 0.482709
0.370372 0.629628 0
0.629629 0.370371 0
0.206896 0.344827 0.448277
0.689669 0.0344841 0.275847
0.299461 0.187165 0.513373
9.42522e-05 9.89447e-05 0.999807
9.99407e-05 0.9999 0
0.000103423 0.586143 0.413754
0.333332 0.333332 0.333335
0.344827 0.241377 0.413796
0.551723 0.448277 0
0.233333 0.766667 0
0.44445 0.148147 0.407403
0.0356454 0.712784 0.251571
0.175248 0.123763 0.700989
0.000103372 0.241354 0.758542
0.000101013 0.639934 0.359965
0.607081 0.000101163 0.392818
0.346118 0.000103087 0.653779
0.107292 0.0343351 0.858373
0.24138 0.482762 0.275858
0.0689643 0.620691 0.310345
0.482759 0.517241 0
0.103466 0.551649 0.344885
0.142856 0.214285 0.642859
0.0668021 0.432176 0.501021
0.310335 0.689665 0
0.689663 0.310337 0
0.827586 0.172414 0
0.000102241 0.749898 0.25
0.214287 0.535713 0.25
0.0669857 0.502393 0.430621
0.172412 0.827588 0
0.0689635 0.137927 0.793109
0.41378 0.206921 0.379298
0.613633 0.136367 0.25
0.428572 0.571428 0
0.0666599 9.17196e-05 0.933248
0.0666669 0.933333 0
0.933332 0.0666682 0
0.275862 0.413794 0.310345
0.214284 0.25 0.535716
0.0344816 0.275858 0.68966
0.800001 0.199999 0
0.275863 0.137931 0.586206
0.133334 0.866666 0
0.428574 0.285715 0.285711
0.519996 0.480004 0
0.517239 0.172415 0.310347
0.250436 0.0681427 0.681421
0.502392 0.0669875 0.430621
0.275864 0.344828 0.379308
0.137929 0.103448 0.758623
0.206896 0.172413 0.620691
0.137907 0.34495 0.517143
0.0333734 0.0667471 0.899879
0.206897 0.448274 0.344828
0.275831 0.000103423 0.724065
0.396844 0.134161 0.468995
0.000103431 0.448231 0.551666
0.5 0.25 0.25
0.269233 0.730767 0
0.6 0.4 0
0.185184 0.407408 0.407408
0.10344 0.172401 0.724159
0.137928 0.413794 0.448277
