0.206896 0.413794 0.37931
0.133333 0.866667 0
0.275834 0.000103365 0.724063
0.482759 0.241379 0.275862
0.137931 0.206897 0.655171
0.310344 0.310345 0.379311
0.379306 0.172417 0.448277
0.699998 0.300002 0
0.413795 0.0344806 0.551725
9.94432e-05 0.166649 0.833251
0.0689562 0.655219 0.275825
0.566666 0.433334 0
0.766667 0.233333 0
0.966667 0.033333 0
0.0333333 0.966667 0
0.241379 0.482759 0.275862
0.448278 0.0689614 0.482761
0.266669 0.733331 0
0.379312 0.344827 0.275861
0.250001 0.392854 0.357146
0.166665 0.833335 0
0.10345 0.5862 0.31035
0.9 0.0999998 0
0.299593 0.0333529 0.667054
0.310344 0.206899 0.482757
0.586193 0.103452 0.310355
0.357141 0.392858 0.25
0.000103219 0.653779 0.346118
0.0343354 0.107287 0.858378
9.99635e-05 0.43328 0.56662
0.142858 0.428571 0.428571
0.107143 0.892857 0
0.344827 0.0689656 0.586207
0.629568 0.000100996 0.370331
0.275863 0.172414 0.551724
0.482709 0.000103436 0.517188
0.666667 0.333333 0
9.99565e-05 0.9999 0
0.9999 9.99587e-05 0
0.857143 0.142857 0
0.428571 0.142858 0.428571
0.000103432 0.517188 0.482709
0.233305 9.99905e-05 0.766595
0.933328 0.0666717 0
0.333333 0.333334 0.333333
0.730769 0.269231 0
9.99738e-05 9.97289e-05 0.9998
0.233332 0.766668 0
0.48276 0.51724 0
0.124753 0.168315 0.706932
0.714286 0.0357132 0.25
0.0356374 0.71279 0.251573
0.533329 0.0333338 0.433337
0.000102443 0.214267 0.785631
0.000103225 0.34612 0.653777
0.535714 0.214286 0.25
0.199997 0.800003 0
0.204541 0.545458 0.25
0.392854 0.250001 0.357145
0.067963 0.388347 0.54369
0.733261 9.9931e-05 0.266639
0.103428 0.0001034 0.896469
0.214286 0.142857 0.642857
0.8 0.2 0
0.137931 0.0689657 0.793103
0.423076 0.576924 0
0.214285 0.321428 0.464287
0.105224 0.298509 0.596268
0.53846 0.46154 0
0.3 0.7 0
0.000102221 0.749897 0.25
0.464286 0.285714 0.25
0.240001 0.240001 0.519998
0.0672619 0.538112 0.394626
0.000103416 0.586147 0.41375
0.136356 0.613643 0.25
0.37927 0.000103415 0.620627
0.60714 0.39286 0
0.137931 0.344828 0.517242
0.0689579 0.241488 0.689554
0.17426 0.487936 0.337804
0.0666661 0.933334 0
9.92217e-05 0.0666588 0.933242
0.103448 0.137932 0.75862
0.482756 0.172414 0.34483
0.0689652 0.448276 0.482759
0.379314 0.103444 0.517242
0.613637 0.136363 0.25
0.285715 0.464284 0.25
0.639998 0.360002 0
0.172411 0.241382 0.586207
0.285714 0.285715 0.428571
0.16665 9.94059e-05 0.83325
0.357143 0.642857 0
0.206888 0.0689622 0.72415
0.392866 0.607134 0
0.517241 0.103448 0.379311
0.000103407 0.275833 0.724063
0.655174 0.068964 0.275862
0.275861 0.103449 0.62069
