0.482762 0.137928 0.37931
0.6 0.4 0
0.275858 0.172414 0.551728
0.2 0.8 0
0.13793 0.482762 0.379308
0.413793 0.310345 0.275862
0.133334 0.866666 0
0.866666 0.133334 0
0.172414 0.344827 0.482759
0.103441 0.448281 0.448277
0.275862 0.37931 0.344828
0.480001 0.519999 0
0.517241 0.172414 0.310345
9.99452e-05 0.166652 0.833248
0.344828 0.0689651 0.586207
0.269232 0.730768 0
0.966673 0.0333266 0
0.310345 0.310345 0.37931
0.344828 0.241378 0.413794
0.448274 0.551726 0
0.27487 0.253798 0.471331
0.535715 0.214285 0.25
0.0689648 0.379316 0.551719
0.103452 0.586193 0.310355
0.586146 0.000103377 0.41375
0.000102453 0.214267 0.785631
0.0333324 0.966668 0
0.137929 0.275876 0.586195
0.407407 0.185185 0.407408
0.607143 0.142857 0.25
0.400002 0.599998 0
0.148133 0.444502 0.407365
0.000102217 0.749898 0.25
0.892859 0.107141 0
0.639935 0.00010104 0.359964
0.107143 0.892857 0
0.62963 0.37037 0
0.13802 0.0344785 0.827502
0.482758 0.24138 0.275862
0.370371 0.629629 0
0.187171 0.299463 0.513366
0.392857 0.357143 0.25
0.517188 0.000103435 0.482709
0.0669862 0.502392 0.430622
9.99812e-05 0.9999 0
0.24 0.76 0
0.000103228 0.346118 0.653779
0.712791 0.0356367 0.251572
0.730769 0.269231 0
0.31194 0.108641 0.579419
0.000103437 0.517188 0.482709
0.9999 9.99864e-05 0
0.034335 0.107291 0.858374
0.517242 0.482758 0
0.123735 0.175254 0.701012
0.241353 0.000103434 0.758543
0.333333 0.333333 0.333334
0.241378 0.344828 0.413794
0.0344819 0.689663 0.275855
0.066667 0.933333 0
0.379271 0.000103395 0.620626
0.62069 0.0689649 0.310345
0.766668 0.233332 0
0.502393 0.0669862 0.430621
9.79256e-05 9.26143e-05 0.999809
0.933333 0.0666672 0
0.25 0.5 0.25
0.214282 0.142854 0.642864
0.689655 0.310345 0
0.0001011 0.607076 0.392823
0.172416 0.827584 0
0.749898 0.000102208 0.25
0.432581 0.0667551 0.500664
0.827586 0.172414 0
0.0681276 0.250606 0.681266
0.310344 0.689656 0
0.206897 0.413793 0.37931
0.000103425 0.41375 0.586147
0.136366 0.613634 0.25
0.571429 0.428571 0
0.249999 0.214283 0.535718
0.275858 0.0344807 0.689662
0.000100424 0.464239 0.53566
0.551683 0.103458 0.344859
0.285717 0.428571 0.285712
0.172414 0.517241 0.310345
0.379311 0.275862 0.344828
0.344893 0.137918 0.51719
9.94863e-05 0.0666573 0.933243
0.206896 0.0689655 0.724138
0.000103415 0.275828 0.724068
0.0999897 9.97218e-05 0.899911
0.134021 0.396907 0.469072
0.103446 0.137929 0.758625
0.448277 0.206895 0.344828
0.448231 0.000103339 0.551665
0.172414 0.206895 0.620691
0.413792 0.137931 0.448277
0.0689611 0.310347 0.620692
0.000103434 0.655105 0.344792
