0.866111 0.133889 0
0.27288 0.171399 0.555721
0.379554 0.206248 0.414198
0.172441 0.344787 0.482772
0.3793 0.0689678 0.551732
0.242019 0.273846 0.484134
0.607085 9.58481e-05 0.392819
0.0687864 0.379564 0.551649
0.379351 0.310215 0.310434
0.133336 0.866664 0
0.607085 0.392915 0
0.800017 0.199983 0
0.480103 0.519897 0
0.166647 8.76333e-05 0.833266
0.269235 0.730765 0
0.275862 0.413793 0.310345
0.100265 0.631916 0.267819
0.966674 0.0333261 0
0.0333318 0.966668 0
0.733417 0.266583 0
0.53774 0.1033 0.358961
0.1429 0.6071 0.250001
0.31034 0.68966 0
0.433141 0.300183 0.266676
0.184707 0.408539 0.406754
0.000102175 0.749897 0.250001
0.545622 0.204378 0.250001
0.00010097 0.370253 0.629646
0.653778 0.00010322 0.346119
0.000100897 0.639936 0.359963
0.25 0.499999 0.250001
0.892854 0.107146 0
0.642187 0.357813 0
0.107142 0.892858 0
0.137931 0.103448 0.758621
0.310059 0.103576 0.586365
0.107297 0.0343358 0.858368
0.137818 0.448369 0.413813
0.370371 0.629629 0
0.000103366 0.517188 0.482709
0.9999 9.99762e-05 0
9.99624e-05 0.9999 0
0.276363 0.344485 0.379152
0.517341 0.172314 0.310345
9.96198e-05 9.19854e-05 0.999808
0.0689642 0.137928 0.793107
0.000103408 0.137913 0.861984
0.214274 0.000102433 0.785624
0.333336 0.33333 0.333334
0.712756 0.035635 0.251609
0.517238 0.482762 0
0.0344797 0.275869 0.689651
0.175215 0.123788 0.700997
0.207053 0.207119 0.585828
0.517188 0.000103346 0.482709
0.23991 0.76009 0
0.199995 0.800005 0
0.0350833 0.701757 0.26316
0.149077 0.297888 0.553035
0.000103359 0.241358 0.758539
0.552791 0.0341533 0.413055
0.106942 0.214003 0.679055
0.104006 0.549558 0.346436
0.40845 0.148439 0.443111
0.0669647 0.430304 0.502732
0.172416 0.827584 0
0.432314 0.0323781 0.535308
0.833453 0.166547 0
0.577033 0.422967 0
0.699887 0.300113 0
0.066664 0.933336 0
0.356892 0.249834 0.393274
0.749897 0.000102119 0.250001
0.103407 0.310257 0.586336
0.766746 0.233254 0
0.35715 0.39285 0.250001
0.613632 0.136367 0.250001
0.137259 0.241534 0.621207
0.346115 0.000103221 0.653782
0.242045 0.0688746 0.689081
0.0666566 9.86333e-05 0.933245
0.933332 0.0666676 0
0.484965 0.173176 0.34186
0.213896 0.463815 0.322289
0.46462 0.285379 0.250001
0.068725 0.483965 0.44731
0.241464 0.137694 0.620842
0.343325 0.172104 0.484571
0.0333311 0.066662 0.900007
0.000103423 0.448241 0.551655
0.448242 0.551758 0
0.275748 8.58929e-05 0.724166
0.466008 0.0667372 0.467255
0.0329528 0.566996 0.400051
0.657987 0.0658055 0.276207
0.270874 0.221372 0.507753
0.404225 6.90209e-05 0.595706
0.214436 0.321071 0.464492
0.4 0.6 0
0.172241 0.551805 0.275954
