0.333461 7.2093e-05 0.666466
0.482913 0.137861 0.379226
0.275899 0.103343 0.620758
0.599965 0.400035 0
0.609586 0.0677372 0.322677
0.200002 0.799998 0
0.137278 0.485203 0.377519
0.413759 0.27588 0.310361
0.866666 0.133334 0
0.133334 0.866666 0
0.482748 0.0689683 0.448284
0.275887 0.379281 0.344832
8.578e-05 0.413621 0.586293
0.172294 0.379355 0.448352
0.344755 0.0689408 0.586304
0.269222 0.730778 0
0.0333323 0.966668 0
9.41743e-05 0.655076 0.344829
0.966675 0.033325 0
0.206729 0.0689225 0.724349
0.0689156 0.379757 0.551327
0.479998 0.520002 0
0.103594 0.585617 0.310789
0.000102435 0.214278 0.78562
0.27348 0.254292 0.472228
0.409964 0.0683259 0.52171
0.428636 0.142854 0.42851
0.103442 0.137921 0.758637
0.892856 0.107144 0
0.172341 0.241365 0.586293
0.137914 0.000103399 0.861983
0.310437 0.275621 0.413942
0.63989 9.0095e-05 0.36002
0.392832 0.357168 0.25
0.448251 0.206912 0.344837
0.107142 0.892858 0
0.448271 0.551729 0
0.000102246 0.749898 0.25
0.18717 0.299444 0.513386
0.370387 0.629613 0
0.541059 0.0338174 0.425124
0.311569 0.108701 0.57973
0.0344836 0.689677 0.27584
0.517188 0.000103395 0.482709
0.9999 9.99813e-05 0
0.0343364 0.107295 0.858369
0.333333 0.333333 0.333334
0.482772 0.241386 0.275842
9.96054e-05 8.99452e-05 0.99981
0.464249 0.285751 0.25
0.629652 0.370348 0
0.123783 0.175243 0.700973
0.000103439 0.517188 0.482709
0.379243 0.000103345 0.620654
0.239977 0.760023 0
0.766666 0.233334 0
9.99405e-05 0.16665 0.83325
0.712778 0.0356482 0.251574
9.99698e-05 0.9999 0
0.172414 0.827586 0
0.517241 0.482759 0
0.827572 0.172428 0
0.000103207 0.346118 0.653778
0.148131 0.444506 0.407363
0.34484 0.17242 0.482741
0.25 0.5 0.25
0.136364 0.613636 0.25
0.214221 0.142807 0.642972
0.689655 0.310345 0
0.0666674 0.933333 0
8.84606e-05 0.607074 0.392837
0.400009 0.599991 0
0.241355 0.000103398 0.758542
0.55173 0.103439 0.34483
0.749898 0.000102255 0.25
0.24156 0.206936 0.551504
0.310343 0.689657 0
0.207595 0.413428 0.378977
0.137926 0.0689631 0.793111
0.0686799 0.244498 0.686822
0.386913 0.226177 0.38691
0.571426 0.428574 0
9.23745e-05 0.0666505 0.933257
0.933333 0.0666666 0
0.276048 0.0344798 0.689472
0.448204 9.69638e-05 0.551699
0.620703 0.103448 0.275848
6.69223e-05 0.464497 0.535436
0.137814 0.345401 0.516786
0.571453 0.178547 0.25
0.103448 0.275878 0.620674
0.285728 0.428573 0.285699
0.241431 0.344683 0.413886
0.172414 0.517241 0.310345
0.0666671 0.0333335 0.899999
9.1533e-05 0.275754 0.724154
0.0670026 0.502443 0.430554
0.730721 0.269279 0
0.517248 0.17239 0.310362
0.100658 0.429348 0.469994
