0.36 0.64 0
0.103447 0.413787 0.482766
0.8 0.2 0
0.241376 0.482765 0.275858
0.310345 0.37931 0.310345
0.206891 0.379325 0.413784
0.0001008 0.42853 0.571369
0.866666 0.133334 0
0.30001 0.69999 0
0.379307 0.137927 0.482766
0.137927 0.482761 0.379312
0.551724 0.0689636 0.379312
0.241379 0.137929 0.620692
0.137931 0.241379 0.62069
0.233335 0.766665 0
0.966669 0.0333307 0
0.413794 0.275862 0.310344
0.733262 9.99368e-05 0.266638
9.99799e-05 0.9999 0
0.000102661 0.178549 0.821348
0.103444 0.0344809 0.862075
0.600001 0.399999 0
0.147726 0.409094 0.443179
0.259138 0.444517 0.296345
0.214284 0.535716 0.25
0.633333 0.366667 0
0.892861 0.107139 0
0.392858 0.607142 0
0.321427 0.428573 0.25
0.0666694 0.933331 0
0.17857 0.321429 0.500001
0.655173 0.0344814 0.310345
0.615326 0.000102527 0.384571
0.260929 0.105581 0.633489
0.033334 0.966666 0
0.392857 0.214285 0.392858
0.14286 0.85714 0
0.103475 0.586099 0.310426
0.461538 0.538462 0
0.409096 0.147725 0.443179
0.000103437 0.482709 0.517188
0.759997 0.240003 0
0.482709 0.000103433 0.517188
0.413794 0.0344817 0.551724
0.0344811 0.0690165 0.896502
0.9999 9.98725e-05 0
0.306382 0.272328 0.421291
0.544502 0.204193 0.251305
0.105574 0.26098 0.633446
0.000100984 0.629565 0.370334
9.91716e-05 9.7516e-05 0.999803
0.125001 0.125001 0.749997
0.0357151 0.714285 0.25
0.433339 0.566661 0
0.178549 0.000102668 0.821348
0.517242 0.482758 0
0.333334 0.333334 0.333333
0.533334 0.0333322 0.433334
0.269231 0.730769 0
0.714286 0.0357141 0.25
0.392856 0.357144 0.25
0.000101959 0.319972 0.679926
0.579544 0.170456 0.25
9.99897e-05 0.733262 0.266638
0.349336 0.068491 0.582173
0.0340921 0.386358 0.57955
0.827586 0.172414 0
9.99176e-05 0.56661 0.43329
0.2 0.8 0
0.607962 0.105937 0.286101
0.689659 0.310341 0
0.068957 0.655178 0.275865
0.0689537 0.517321 0.413725
0.240001 0.240001 0.519998
0.333336 0.666664 0
0.464288 0.249996 0.285716
0.507818 0.140622 0.35156
0.0689653 0.206896 0.724138
0.571428 0.428572 0
0.206882 0.0689592 0.724159
0.249995 0.357147 0.392858
0.17241 0.17241 0.655179
0.310354 0.172415 0.517231
0.933334 0.0666661 0
0.206901 0.206901 0.586198
0.178528 0.46431 0.357162
0.379271 0.000103414 0.620625
0.136358 0.613642 0.25
0.103397 0.34515 0.551453
0.433185 0.100027 0.466789
0.310311 0.000103398 0.689585
0.100005 0.899995 0
0.103445 0.103445 0.793109
9.84055e-05 0.23331 0.766591
0.0666617 1.62668e-05 0.933322
0.730766 0.269234 0
0.233313 9.99577e-05 0.766587
7.94122e-05 0.133323 0.866598
0.290826 0.236581 0.472592
0.0666847 0.466527 0.466789
