0.800002 0.199998 0
0.200002 0.799998 0
0.206896 0.413793 0.379311
0.275861 0.448275 0.275864
0.310345 0.310345 0.37931
0.133334 0.866666 0
0.866666 0.133334 0
0.275857 0.172414 0.551729
0.6 0.4 0
0.172412 0.275859 0.551729
9.91332e-05 0.16665 0.83325
0.730769 0.269231 0
0.269231 0.730769 0
0.413793 0.275862 0.310345
0.0333307 0.966669 0
0.966667 0.0333331 0
0.379314 0.103445 0.517241
0.000103412 0.655105 0.344792
0.214286 0.321429 0.464285
0.103442 0.517248 0.379311
0.00010224 0.749898 0.25
0.586205 0.103449 0.310346
9.74638e-05 0.0666474 0.933255
0.103437 0.000103409 0.896459
0.428571 0.321429 0.25
0.103448 0.586206 0.310345
0.517241 0.482759 0
0.933333 0.0666667 0
0.428571 0.142857 0.428571
0.0681792 0.250028 0.681793
0.10345 0.310337 0.586214
0.148149 0.444441 0.40741
0.344824 0.068966 0.58621
0.333333 0.333333 0.333334
0.892858 0.107142 0
0.240001 0.240001 0.519998
0.000103228 0.346117 0.65378
0.000102449 0.214267 0.785631
0.482709 0.000103404 0.517188
0.166672 0.100003 0.733326
0.000103433 0.517185 0.482712
0.107143 0.892857 0
0.310313 0.000103415 0.689584
0.249999 0.500001 0.25
0.48 0.52 0
9.99782e-05 0.9999 0
0.448278 0.551722 0
0.321428 0.178571 0.500001
9.72992e-05 9.99742e-05 0.999803
0.9999 9.99736e-05 0
0.615328 0.000102458 0.384569
0.0344806 0.689675 0.275845
0.714287 0.0357133 0.25
0.24 0.76 0
0.124755 0.168299 0.706946
0.233313 9.99621e-05 0.766587
0.759999 0.240001 0
0.0338085 0.425252 0.54094
0.633338 0.366662 0
0.172413 0.827587 0
0.544503 0.204189 0.251308
0.379303 0.241394 0.379303
0.733263 9.99116e-05 0.266637
0.4 0.6 0
0.100521 0.43038 0.4691
0.214283 0.142855 0.642861
0.000101177 0.607082 0.392817
0.344828 0.206896 0.448276
0.827586 0.172414 0
0.310345 0.689655 0
0.137934 0.0689668 0.793099
0.689658 0.310342 0
0.296296 0.407408 0.296297
0.521667 0.0683334 0.41
0.571428 0.428572 0
0.136362 0.613638 0.25
0.501191 0.0334117 0.465398
0.0666661 0.933334 0
0.000103418 0.275818 0.724079
0.482761 0.172413 0.344826
0.172414 0.482759 0.344827
0.0343357 0.107297 0.858368
0.413788 0.0344828 0.551729
0.178568 0.214284 0.607148
0.613637 0.136363 0.25
0.137917 0.344893 0.51719
0.0666642 0.500001 0.433334
0.241375 0.0689641 0.689661
0.103447 0.137929 0.758624
0.482755 0.241381 0.275864
0.166651 9.88471e-05 0.83325
0.35714 0.39286 0.25
0.249998 0.392857 0.357145
0.285714 0.285714 0.428571
0.655173 0.034482 0.310345
0.275861 0.103448 0.62069
0.379271 0.000103399 0.620625
0.172409 0.551727 0.275864
0.370371 0.629629 0
0.000101171 0.392817 0.607082
