0.103448 0.275862 0.62069
0.200001 0.799999 0
0.310346 0.310343 0.379311
0.133335 0.866665 0
0.866666 0.133334 0
0.482758 0.137931 0.379311
0.607142 0.392858 0
0.206892 0.448281 0.344827
0.48 0.52 0
0.41375 0.000103429 0.586147
0.62069 0.0689643 0.310345
0.26923 0.73077 0
0.0689638 0.344825 0.586211
0.586145 0.000103435 0.413751
0.966668 0.0333318 0
0.0333329 0.966667 0
0.137931 0.413794 0.448275
0.733333 0.266667 0
0.379322 0.0689642 0.551714
0.379303 0.241382 0.379315
0.214287 0.321428 0.464285
0.642857 0.357143 0
0.103466 0.586136 0.310398
0.000102257 0.749898 0.25
0.166654 7.80559e-05 0.833268
0.444441 0.148149 0.40741
0.142859 0.214286 0.642855
0.586207 0.137931 0.275862
0.206896 0.172414 0.62069
0.892857 0.107143 0
0.214261 0.000102475 0.785636
0.639933 0.000101032 0.359966
0.000103329 0.379266 0.620631
0.370371 0.629629 0
9.91693e-05 9.46164e-05 0.999806
0.299393 0.187364 0.513243
0.108788 0.311925 0.579288
0.310347 0.0689618 0.620691
0.517188 0.000103434 0.482709
0.0689657 0.137931 0.793103
0.766667 0.233333 0
0.357146 0.392854 0.25
0.346119 0.000103224 0.653778
9.9972e-05 0.9999 0
0.25 0.5 0.25
0.699999 0.300001 0
0.517241 0.482759 0
0.107294 0.0343362 0.85837
0.175258 0.123714 0.701029
0.310345 0.24138 0.448275
0.148148 0.444444 0.407408
0.107143 0.892857 0
0.0344834 0.689655 0.275862
0.240001 0.759999 0
0.712787 0.0356391 0.251574
0.000103435 0.241355 0.758541
0.9999 9.99555e-05 0
0.0333309 0.0666656 0.900003
0.500003 0.249997 0.25
0.448275 0.551725 0
0.000101174 0.607076 0.392823
0.749898 0.000102221 0.25
0.285715 0.285712 0.428573
0.172414 0.827586 0
0.310342 0.689658 0
0.576924 0.423076 0
0.250747 0.0681155 0.681138
0.0683237 0.409949 0.521727
0.448274 0.206898 0.344827
0.543691 0.067963 0.388346
0.136366 0.613634 0.25
0.234045 0.401208 0.364747
0.0666592 9.64614e-05 0.933244
0.000103244 0.137917 0.86198
0.0666691 0.933331 0
0.275868 0.13793 0.586202
0.933335 0.0666647 0
0.827585 0.172415 0
0.0344751 0.275863 0.689662
0.206899 0.241384 0.551718
0.464241 0.00010041 0.535658
0.172414 0.517242 0.310345
0.137927 0.482761 0.379312
0.517238 0.172415 0.310347
0.428574 0.285703 0.285723
0.0689637 0.206891 0.724145
0.333335 0.333332 0.333333
0.344831 0.172413 0.482756
0.0669855 0.502389 0.430626
0.13793 0.103446 0.758624
0.431926 0.100248 0.467826
0.275831 0.00010342 0.724066
0.379315 0.310342 0.310343
0.27586 0.448279 0.275862
0.137889 0.34502 0.517091
0.000103366 0.517188 0.482709
0.000103418 0.44823 0.551667
0.647728 0.102272 0.25
0.400002 0.599998 0
0.000103412 0.655104 0.344792
