0.137931 0.482758 0.379311
0.4 0.6 0
0.8 0.2 0
0.482792 0.137922 0.379286
0.866666 0.133334 0
0.133334 0.866666 0
0.344826 0.172413 0.48276
0.448277 0.103446 0.448277
0.379307 0.275863 0.344829
0.519999 0.480001 0
0.41375 0.000103427 0.586147
0.172415 0.275852 0.551734
0.16666 9.99503e-05 0.83324
0.0689653 0.344825 0.586209
0.730768 0.269232 0
0.000103397 0.586146 0.41375
0.966668 0.0333318 0
0.0333326 0.966667 0
0.551723 0.448277 0
0.253884 0.274618 0.471498
0.333334 0.333334 0.333333
0.000103416 0.137907 0.86199
0.275862 0.413793 0.310345
0.379312 0.0689653 0.551723
0.107141 0.892859 0
0.000103433 0.517188 0.482709
0.000101039 0.639938 0.359961
0.137931 0.413793 0.448277
0.37037 0.62963 0
0.250894 0.068103 0.681003
0.000103437 0.379269 0.620627
0.299454 0.187196 0.51335
0.629623 0.370377 0
0.206897 0.344826 0.448277
0.185183 0.407403 0.407414
0.76 0.24 0
0.108662 0.311807 0.57953
0.107293 0.0343355 0.858371
0.517188 0.000103437 0.482709
0.482759 0.517241 0
0.586088 0.103478 0.310434
0.172414 0.517242 0.310345
0.749898 0.000102245 0.25
0.241379 0.482759 0.275861
0.275833 0.000103425 0.724063
0.346117 0.000103214 0.65378
0.137925 0.103444 0.758631
9.99779e-05 9.66459e-05 0.999803
0.142856 0.214283 0.642861
0.444439 0.148147 0.407414
0.689655 0.0344838 0.275861
0.357143 0.392857 0.25
0.310345 0.0689655 0.62069
0.5 0.25 0.25
0.142858 0.607142 0.25
0.613636 0.136364 0.25
0.9999 9.9982e-05 0
0.0356365 0.71279 0.251573
0.892855 0.107145 0
0.344836 0.241376 0.413788
0.103448 0.551722 0.344829
0.310345 0.689655 0
0.175237 0.123818 0.700945
0.21428 0.249992 0.535728
0.607082 0.000101167 0.392817
0.827586 0.172414 0
9.99608e-05 0.9999 0
0.689658 0.310342 0
0.000102251 0.749898 0.25
0.0667716 0.432442 0.500786
0.172417 0.827583 0
0.000103422 0.448228 0.551669
0.0689646 0.137929 0.793106
0.413793 0.206897 0.37931
0.42857 0.57143 0
0.0666626 9.9791e-05 0.933238
0.933334 0.0666659 0
0.0666665 0.933333 0
0.0344801 0.275861 0.689659
0.276005 0.137904 0.586092
0.214262 0.00010246 0.785635
0.214286 0.535714 0.25
0.502393 0.066986 0.430621
0.233333 0.766667 0
0.428572 0.285715 0.285714
0.517232 0.172411 0.310357
0.275862 0.344828 0.37931
0.655105 0.000103419 0.344792
0.137924 0.344862 0.517215
0.000103432 0.241353 0.758544
0.6 0.4 0
0.0333365 0.0666731 0.89999
0.206898 0.448273 0.344829
0.0669852 0.502394 0.430621
0.0689619 0.620693 0.310345
0.396816 0.134226 0.468957
0.464239 0.000100429 0.535661
0.269238 0.730762 0
0.206897 0.172413 0.62069
0.103447 0.17241 0.724143
