0.639996 0.360004 0
0.482759 0.241381 0.275859
0.448277 0.103444 0.448279
0.699999 0.300001 0
0.379308 0.206905 0.413787
0.48276 0.137928 0.379311
0.4 0.6 0
0.241381 0.137926 0.620694
0.0689616 0.551727 0.379311
0.566664 0.433336 0
0.76667 0.23333 0
0.0333338 0.966666 0
0.966667 0.0333334 0
0.275862 0.413792 0.310346
9.99823e-05 0.73326 0.26664
0.482762 0.517238 0
0.444499 0.259163 0.296337
0.0333328 0.533338 0.433329
0.933333 0.066667 0
0.60714 0.39286 0
0.140624 0.507816 0.35156
9.99476e-05 0.9999 0
0.586198 0.103452 0.31035
0.260937 0.105577 0.633486
0.240001 0.240001 0.519999
0.000102653 0.178553 0.821345
0.147727 0.40909 0.443182
0.357117 0.249975 0.392908
0.366667 0.633333 0
0.0344812 0.0690177 0.896501
0.10556 0.261077 0.633363
0.655163 0.068967 0.27587
0.107135 0.892865 0
0.40909 0.147728 0.443182
0.857145 0.142855 0
0.000102502 0.615326 0.384571
0.178553 0.000102398 0.821345
0.629572 0.000100975 0.370327
0.357143 0.392856 0.25
0.125002 0.125002 0.749996
0.333332 0.333332 0.333336
0.20419 0.544507 0.251303
0.310306 0.000103344 0.68959
0.000101956 0.319968 0.67993
0.538462 0.461538 0
0.9999 9.97025e-05 0
0.240003 0.759997 0
0.482709 0.000103433 0.517188
0.000103422 0.482709 0.517188
8.9582e-05 7.49451e-05 0.999835
0.32143 0.178567 0.500003
0.730769 0.269231 0
0.250002 0.464281 0.285717
0.714288 0.035712 0.25
8.30599e-05 0.379223 0.620694
0.233317 9.99161e-05 0.766583
0.535714 0.214286 0.25
0.0357131 0.714287 0.25
0.0684928 0.349322 0.582186
0.386327 0.0340927 0.57958
0.13793 0.241376 0.620694
0.73326 9.99601e-05 0.26664
0.172431 0.827569 0
0.0689654 0.206894 0.724141
0.800004 0.199996 0
0.000100787 0.428526 0.571373
0.133347 0.866653 0
0.101832 0.610754 0.287414
0.310345 0.689655 0
0.517719 0.0688956 0.413385
0.269231 0.730769 0
0.666665 0.333335 0
0.428566 0.571434 0
0.206923 0.0689632 0.724114
0.172409 0.310344 0.517247
0.272335 0.306386 0.421279
0.0666661 0.933334 0
0.103388 0.0344626 0.862149
0.206898 0.206898 0.586205
0.464556 0.178093 0.357351
0.13792 0.379367 0.482713
0.613635 0.136364 0.25
0.379311 0.310343 0.310346
0.214283 0.392855 0.392862
0.172416 0.172416 0.655168
0.345222 0.103386 0.551392
0.428584 0.321416 0.25
0.56661 9.98896e-05 0.43329
0.103447 0.103447 0.793105
9.99701e-05 0.233316 0.766584
0.0666504 5.37765e-05 0.933296
0.100001 0.433325 0.466673
0.0344812 0.655173 0.310346
0.200003 0.799997 0
0.9 0.0999999 0
9.21616e-05 0.133315 0.866593
0.241245 0.28905 0.469705
0.170452 0.579548 0.25
0.35711 0.000101457 0.642789
0.430624 0.0669878 0.502389
