0.24144 0.482892 0.275667
0.133352 0.866648 0
0.8 0.2 0
0.379437 0.310373 0.310191
0.137947 0.413843 0.44821
0.866655 0.133345 0
0.199992 0.800008 0
0.39288 0.60712 0
0.281047 0.281047 0.437906
0.519997 0.480003 0
0.517335 0.137895 0.34477
8.30801e-05 0.266645 0.733272
0.0685677 0.657123 0.274309
0.730772 0.269228 0
0.0333163 0.0333176 0.933366
0.0333294 0.966671 0
0.379267 0.17239 0.448343
0.166668 0.0333266 0.800006
0.266667 0.733333 0
0.392858 0.357142 0.25
0.142856 0.214284 0.642861
8.65108e-05 0.0999852 0.899928
0.103449 0.586209 0.310342
0.214269 0.000102427 0.785629
0.42857 0.214287 0.357143
0.749898 0.0001016 0.25
0.000101534 0.185142 0.814756
0.0695094 0.348935 0.581556
0.107141 0.892859 0
0.24994 0.392941 0.357119
0.629591 0.370409 0
0.24 0.24 0.52
0.58621 0.103447 0.310343
0.215986 0.313591 0.470423
0.249996 0.500004 0.25
0.170032 0.489976 0.339992
0.172415 0.27586 0.551725
0.309687 0.103547 0.586766
0.00010313 0.653786 0.346111
0.168349 0.124748 0.706903
0.000101547 0.319967 0.679931
9.99633e-05 0.9999 0
0.357155 0.642845 0
0.0714242 0.0714242 0.857152
0.000103342 0.379281 0.620615
0.333334 0.333334 0.333333
0.60708 9.88793e-05 0.392821
0.55174 0.44826 0
0.482758 0.517242 0
0.613592 0.136407 0.25
0.444445 0.148145 0.40741
0.759998 0.240002 0
8.90057e-05 8.41584e-05 0.999827
0.233331 0.766669 0
0.000103436 0.517187 0.482709
0.000101009 0.439545 0.560354
0.689673 0.0344872 0.27584
0.93333 0.0666701 0
0.892862 0.107138 0
0.0356355 0.712782 0.251582
0.34612 0.000103172 0.653777
0.148147 0.444443 0.40741
0.517188 0.000103318 0.482709
0.500006 0.249994 0.25
0.13635 0.61365 0.25
0.425908 0.0337698 0.540323
0.827582 0.172418 0
0.689657 0.310343 0
0.137924 0.103443 0.758633
0.0999988 9.99525e-05 0.899901
0.172398 0.551769 0.275833
0.321433 0.214288 0.464279
0.600001 0.399999 0
0.166669 0.833331 0
0.423051 0.576949 0
0.300008 0.699992 0
0.0689652 0.206897 0.724138
0.000102162 0.749897 0.25
0.24677 0.0684764 0.684754
0.0666662 0.933334 0
0.103431 0.379464 0.517105
0.502403 0.0669886 0.430608
0.966667 0.0333326 0
0.0679954 0.543671 0.388334
0.206887 0.137925 0.655188
0.241411 0.172427 0.586162
0.344881 0.137928 0.517192
0.551844 0.172305 0.27585
0.310312 0.413855 0.275833
0.345632 0.275036 0.379331
0.103445 0.275866 0.620689
0.275812 0.000103385 0.724084
0.448308 0.275854 0.275838
8.03569e-05 0.586153 0.413767
0.0344811 0.172418 0.793101
0.0666608 0.466725 0.466614
0.392815 0.000101125 0.607084
0.9999 9.99786e-05 0
0.41379 0.103448 0.482762
0.655125 0.000100043 0.344775
