0.8 0.2 0
0.483349 0.137773 0.378877
0.310344 0.413795 0.275861
0.866662 0.133338 0
0.133335 0.866665 0
0.172413 0.275866 0.551721
0.37931 0.275862 0.344828
0.520001 0.479999 0
0.413751 0.000103377 0.586146
0.166653 9.99428e-05 0.833247
0.0689625 0.344824 0.586214
0.730768 0.269232 0
0.000103382 0.586146 0.413751
0.966668 0.0333321 0
0.0333326 0.966667 0
0.310343 0.310343 0.379314
0.24138 0.344827 0.413793
0.310345 0.0689657 0.620689
0.551724 0.448276 0
0.357145 0.392855 0.25
0.586169 0.103458 0.310373
0.37932 0.0689644 0.551716
0.21426 0.000102473 0.785638
0.444442 0.148149 0.407409
0.749898 0.00010225 0.25
0.000101041 0.639937 0.359962
0.333333 0.333334 0.333333
0.29946 0.187179 0.513362
0.370372 0.629628 0
0.107287 0.0343363 0.858377
0.62963 0.37037 0
0.10714 0.89286 0
0.760001 0.239999 0
0.00010343 0.13791 0.861986
0.175238 0.123809 0.700953
9.99711e-05 0.9999 0
0.0669786 0.430681 0.50234
0.108638 0.311966 0.579396
0.142852 0.214278 0.64287
0.9999 9.99906e-05 0
0.142859 0.607141 0.25
0.517188 0.000103435 0.482709
0.24138 0.482759 0.275862
0.000103397 0.379271 0.620626
0.233333 0.766667 0
9.68431e-05 9.88471e-05 0.999804
0.482759 0.517241 0
0.185183 0.407409 0.407409
0.892858 0.107142 0
0.344827 0.241379 0.413793
0.689661 0.0344814 0.275857
0.172414 0.517242 0.310345
0.0356392 0.712787 0.251574
0.000103423 0.241354 0.758542
0.44827 0.103448 0.448282
0.000103437 0.517188 0.482709
0.5 0.25 0.25
0.103457 0.551684 0.344859
0.31034 0.68966 0
0.275833 0.000103425 0.724064
0.607077 0.000101162 0.392822
0.827586 0.172414 0
0.689657 0.310343 0
0.172415 0.827585 0
0.0344821 0.275856 0.689662
0.2509 0.0681004 0.680999
0.655105 0.000103409 0.344792
0.068967 0.137934 0.793099
0.103447 0.172413 0.72414
0.413784 0.206914 0.379302
0.0666662 0.933334 0
0.42857 0.57143 0
0.0666633 9.99642e-05 0.933237
0.933333 0.0666675 0
0.000102246 0.749898 0.25
0.214286 0.249995 0.53572
0.25394 0.274457 0.471603
0.0333328 0.0666657 0.900001
0.464239 0.000100432 0.535661
0.0669857 0.502392 0.430622
0.428572 0.285714 0.285714
0.344827 0.172414 0.482759
0.275863 0.137931 0.586205
0.214285 0.535715 0.25
0.396897 0.134041 0.469061
0.346123 0.000103169 0.653774
0.517239 0.172415 0.310347
0.206896 0.448276 0.344828
0.502394 0.0669838 0.430622
0.275862 0.37931 0.344828
0.13793 0.103448 0.758621
0.137896 0.344995 0.517109
0.0689654 0.62069 0.310345
0.000103436 0.448232 0.551665
0.269232 0.730768 0
0.613636 0.136364 0.25
0.6 0.4 0
0.399995 0.600005 0
0.206895 0.172413 0.620692
0.137929 0.413789 0.448282
