0.800008 0.199992 0
9.79513e-05 0.333518 0.666384
0.200009 0.799991 0
0.137916 0.48277 0.379314
0.169428 0.288504 0.542069
0.862077 0.137923 0
0.133337 0.866663 0
0.103438 0.448277 0.448285
0.310361 0.310361 0.379278
0.482765 0.137912 0.379323
0.607143 0.392857 0
0.234508 0.167511 0.597981
0.206931 0.448234 0.344835
0.480007 0.519993 0
0.413728 8.48031e-05 0.586187
0.16673 8.43038e-05 0.833186
0.620599 0.0688954 0.310505
0.269231 0.730769 0
0.0689594 0.34482 0.586221
0.586143 0.000103363 0.413754
0.392858 0.357142 0.25
0.214277 0.321412 0.464312
0.586238 0.137905 0.275857
9.7637e-05 0.137811 0.862092
0.000102728 0.379372 0.620525
0.444446 0.148148 0.407406
0.148152 0.444442 0.407406
0.448376 0.206838 0.344786
0.642857 0.357143 0
0.107148 0.892852 0
0.892856 0.107144 0
0.299448 0.187106 0.513446
0.103487 0.586056 0.310457
0.0333298 0.96667 0
0.10915 0.311804 0.579046
0.00010342 0.517187 0.482709
0.214252 7.45619e-05 0.785673
0.0001021 0.241446 0.758452
0.000102175 0.749898 0.25
0.370374 0.629626 0
0.517187 0.00010343 0.482709
0.333331 0.333331 0.333338
0.34613 0.000103104 0.653767
0.517242 0.482758 0
0.639944 9.7168e-05 0.359959
0.517233 0.172411 0.310356
0.175223 0.1239 0.700877
0.7 0.3 0
0.766668 0.233332 0
9.78463e-05 9.97348e-05 0.999802
0.749898 0.000101947 0.25
0.0344821 0.689661 0.275857
0.999901 9.94112e-05 0
0.500007 0.249992 0.25
0.239992 0.760008 0
0.712788 0.0356434 0.251569
0.37925 0.241375 0.379374
0.37959 0.0689568 0.551454
0.172413 0.827587 0
9.96802e-05 0.9999 0
0.249993 0.500007 0.25
0.448279 0.551721 0
9.78532e-05 0.60708 0.392822
0.310341 0.689659 0
0.827571 0.172429 0
0.733338 0.266662 0
0.576926 0.423074 0
0.251057 0.0680548 0.680888
0.0683351 0.409916 0.521749
0.543722 0.0679835 0.388295
0.142846 0.214262 0.642892
0.136361 0.613639 0.25
0.234053 0.401209 0.364738
0.0344775 0.275839 0.689683
0.066668 0.933332 0
0.933337 0.0666625 0
0.206941 0.241433 0.551626
0.647719 0.102281 0.25
0.464285 9.10345e-05 0.535623
0.172417 0.517232 0.310351
0.276186 0.137875 0.585939
0.400003 0.599997 0
0.10733 0.0343394 0.858331
0.34486 0.17242 0.48272
0.0669888 0.502364 0.430647
0.285753 0.428563 0.285683
0.103442 0.103443 0.793115
0.285674 0.285674 0.428652
0.0666454 2.91176e-05 0.933326
0.0331201 0.0664507 0.900429
0.413806 0.275843 0.310351
0.432012 0.100234 0.467754
0.31956 0.101337 0.579103
0.275589 0.000102597 0.724309
9.20251e-05 0.44826 0.551648
0.137908 0.379267 0.482824
0.101839 0.203687 0.694474
0.000102205 0.655105 0.344793
0.0686804 0.172071 0.759249
0.966669 0.0333307 0
