0.799998 0.200002 0
0.172407 0.275864 0.551729
0.487168 0.136756 0.376076
0.310342 0.413799 0.275859
0.866666 0.133334 0
0.133347 0.866653 0
0.344826 0.17241 0.482763
0.448282 0.10344 0.448279
0.379308 0.275861 0.344831
0.206896 0.344828 0.448276
0.519999 0.480001 0
0.413752 9.29875e-05 0.586155
0.172411 0.517244 0.310346
0.16665 8.69762e-05 0.833263
0.0689665 0.344818 0.586215
0.73077 0.26923 0
9.6778e-05 0.586149 0.413754
0.966668 0.0333316 0
0.275858 0.310344 0.413798
0.310334 0.0689622 0.620703
0.551725 0.448275 0
0.413672 0.207127 0.379201
0.000103411 0.137894 0.862003
0.142858 0.607142 0.25
0.586205 0.103449 0.310346
0.185189 0.407394 0.407417
0.613638 0.136362 0.25
0.749898 0.000102177 0.25
0.000102723 0.241349 0.758548
0.107141 0.892859 0
0.000101041 0.639942 0.359957
0.9999 9.9978e-05 0
0.892856 0.107144 0
0.0344812 0.275874 0.689645
0.37037 0.62963 0
0.107279 0.0343358 0.858385
0.379336 0.0689541 0.55171
0.346117 0.000100825 0.653782
0.629627 0.370373 0
0.310332 0.689668 0
0.108691 0.311843 0.579465
0.517182 0.000103305 0.482715
0.175147 0.124276 0.700577
9.55121e-05 9.05676e-05 0.999814
0.000103288 0.517181 0.482716
0.333336 0.33333 0.333335
0.48276 0.51724 0
0.4 0.6 0
0.760001 0.239999 0
0.23333 0.76667 0
0.00010343 0.379267 0.620629
0.299444 0.187148 0.513408
0.357142 0.392857 0.25
0.689661 0.310339 0
9.98315e-05 0.9999 0
0.0356382 0.712787 0.251575
0.500003 0.249997 0.25
0.0669039 0.431317 0.501779
0.214271 0.000102429 0.785626
0.24138 0.482761 0.275859
0.103442 0.551726 0.344831
0.142856 0.214284 0.64286
0.000103394 0.448233 0.551664
0.607078 0.000101171 0.392821
0.827586 0.172414 0
0.000102195 0.749898 0.25
0.103448 0.172414 0.724139
0.444452 0.148148 0.4074
0.172423 0.827577 0
0.250875 0.0681029 0.681022
0.066657 6.93148e-05 0.933274
0.428572 0.571428 0
0.255069 0.271232 0.473699
0.502389 0.066987 0.430624
0.93333 0.0666704 0
0.0666669 0.933333 0
0.517242 0.172412 0.310345
0.214277 0.249998 0.535725
0.464244 9.97946e-05 0.535656
0.689658 0.034483 0.275859
0.0669866 0.502403 0.43061
0.275987 0.137907 0.586105
0.0333343 0.966666 0
0.214295 0.535705 0.25
0.42857 0.285712 0.285717
0.275861 0.379307 0.344832
0.27583 0.000103383 0.724066
0.344823 0.241378 0.413799
0.0689759 0.137952 0.793072
0.13793 0.103444 0.758626
0.137921 0.344882 0.517197
0.0333035 0.0666684 0.900028
0.0689615 0.620693 0.310346
0.396899 0.134043 0.469058
0.206897 0.448272 0.344831
0.26923 0.73077 0
0.600001 0.399999 0
0.206886 0.17241 0.620703
0.137928 0.413794 0.448278
0.655105 0.00010337 0.344792
