0.310344 0.206897 0.482759
0.482764 0.0689588 0.448277
0.2 0.8 0
0.137929 0.48276 0.379311
0.241376 0.344828 0.413796
0.607083 0.000100579 0.392816
0.413794 0.137929 0.448277
0.137931 0.413792 0.448277
0.133336 0.866664 0
0.8 0.2 0
0.48 0.52 0
9.50739e-05 0.266639 0.733265
0.655241 0.0689441 0.275815
0.607142 0.392858 0
0.26923 0.73077 0
0.0333326 0.0333326 0.933335
0.966669 0.033331 0
0.0333336 0.966666 0
0.733333 0.266667 0
0.448283 0.551717 0
0.357141 0.392859 0.25
0.586204 0.103452 0.310344
0.10351 0.585964 0.310526
0.0685295 0.349301 0.58217
0.310345 0.310345 0.379311
0.250285 0.0681562 0.681558
0.000101836 0.185163 0.814735
0.65378 0.000103228 0.346117
0.000102249 0.749898 0.25
0.148147 0.444441 0.407412
0.142858 0.214286 0.642855
0.444437 0.148148 0.407415
0.0669545 0.502155 0.430891
0.107143 0.892857 0
0.0714251 0.0714251 0.85715
0.712789 0.0356387 0.251573
0.166686 0.033337 0.799977
0.240001 0.240001 0.519998
0.000103435 0.517188 0.482709
0.137925 0.103442 0.758633
9.99896e-05 0.9999 0
8.96945e-05 0.0999901 0.89992
0.346121 0.00010322 0.653776
0.333333 0.333333 0.333333
0.216867 0.313253 0.469879
9.40576e-05 9.91781e-05 0.999807
0.642857 0.357143 0
0.0344908 0.68965 0.275859
0.275861 0.275861 0.448277
0.517241 0.482759 0
0.749898 0.000102254 0.25
0.249999 0.500001 0.25
0.239998 0.760002 0
0.61364 0.13636 0.25
0.766667 0.233333 0
0.214268 0.000102464 0.785629
0.000101913 0.319969 0.679929
0.168316 0.124753 0.70693
0.5 0.25 0.25
0.000103423 0.655104 0.344792
0.000101154 0.607082 0.392816
0.576924 0.423076 0
0.425546 0.033791 0.540663
0.172414 0.827586 0
0.37931 0.275862 0.344827
0.310342 0.103449 0.586209
0.310345 0.689655 0
0.370373 0.629627 0
0.357162 0.214278 0.428559
0.0999886 9.12121e-05 0.89992
0.833335 0.166665 0
0.275863 0.172414 0.551723
0.0335184 0.430104 0.536378
0.699998 0.300002 0
0.892857 0.107143 0
0.0689662 0.206898 0.724136
0.206897 0.448275 0.344827
0.000103427 0.379271 0.620626
0.136365 0.613635 0.25
0.448284 0.206889 0.344827
0.551727 0.172414 0.275859
0.234042 0.401214 0.364744
0.933333 0.0666674 0
0.0666655 0.933334 0
0.517188 0.00010343 0.482709
0.275832 0.000103436 0.724065
0.551724 0.0344805 0.413796
0.42857 0.285715 0.285715
0.9999 9.99761e-05 0
0.172414 0.275863 0.551723
0.172414 0.51724 0.310346
0.395681 0.100718 0.503601
0.206896 0.172415 0.62069
0.100726 0.395668 0.503607
0.103448 0.27586 0.620691
0.275862 0.448279 0.27586
0.0344807 0.172408 0.793112
0.392814 0.000100878 0.607085
0.400001 0.599999 0
0.5036 0.100719 0.395681
