0.482762 0.137924 0.379314
0.6 0.4 0
0.2 0.8 0
0.137929 0.482757 0.379315
0.133339 0.866661 0
0.866667 0.133333 0
0.344826 0.206894 0.44828
0.275854 0.379298 0.344848
0.480003 0.519997 0
0.000103262 0.413747 0.58615
0.517235 0.172413 0.310352
0.344819 0.0689542 0.586227
0.269238 0.730762 0
0.966669 0.0333307 0
0.0333333 0.966667 0
0.000103405 0.655105 0.344792
0.448275 0.551725 0
0.392851 0.357149 0.25
0.0689648 0.379303 0.551732
0.13791 0.000103302 0.861986
0.100024 0.399853 0.500122
0.607144 0.142856 0.25
0.379278 0.000103229 0.620619
0.448236 0.00010273 0.551662
0.000102247 0.749898 0.25
0.000102468 0.214259 0.785639
0.639932 0.000100983 0.359967
0.407406 0.185185 0.407409
0.187288 0.299423 0.513289
0.0343354 0.107294 0.85837
0.370371 0.629629 0
9.99736e-05 0.9999 0
0.517188 0.000103425 0.482709
0.712788 0.0356394 0.251572
0.000103436 0.517188 0.482709
0.333333 0.333333 0.333334
0.311873 0.10862 0.579507
0.400001 0.599999 0
0.9999 9.99676e-05 0
0.273721 0.254198 0.472082
0.172409 0.379311 0.44828
0.000102727 0.275799 0.724098
0.241355 0.000103431 0.758542
0.275864 0.172404 0.551732
0.13794 0.0689701 0.79309
0.249999 0.500001 0.25
0.535714 0.214286 0.25
0.239998 0.760002 0
0.137902 0.344834 0.517264
0.629629 0.370371 0
0.172412 0.206897 0.620691
0.123835 0.175231 0.700934
0.107145 0.892855 0
0.502394 0.066983 0.430623
0.766666 0.233334 0
9.79138e-05 9.83767e-05 0.999804
0.000103216 0.346118 0.653779
0.103458 0.586188 0.310353
0.827582 0.172418 0
0.0344834 0.689655 0.275862
0.482759 0.241379 0.275862
0.517241 0.482759 0
0.892861 0.107139 0
0.551701 0.103452 0.344847
0.214273 0.142848 0.642878
0.689671 0.310329 0
0.00010118 0.607082 0.392817
0.172414 0.827586 0
0.310342 0.689658 0
0.148073 0.444726 0.407201
0.749898 0.000102249 0.25
0.730767 0.269233 0
0.433138 0.0666892 0.500173
0.207098 0.413688 0.379214
0.0681199 0.25071 0.68117
9.97837e-05 0.166687 0.833214
0.285718 0.428575 0.285707
0.571428 0.428572 0
7.22347e-05 0.0666576 0.93327
0.344828 0.275862 0.37931
0.0666673 0.933333 0
0.933334 0.0666661 0
0.136364 0.613636 0.25
0.249987 0.214283 0.535729
0.275868 0.0344714 0.68966
0.000100178 0.464241 0.535659
0.58614 9.53388e-05 0.413765
0.137931 0.275863 0.586206
0.0669725 0.502405 0.430623
0.172412 0.517235 0.310353
0.413788 0.275859 0.310353
0.241371 0.344827 0.413802
0.10344 0.137929 0.75863
0.0689655 0.310344 0.620691
0.344929 0.137913 0.517158
0.0666365 0.0333075 0.900056
0.448263 0.206901 0.344836
0.620685 0.0689622 0.310353
0.206895 0.0689655 0.724139
0.41379 0.137931 0.448279
