0.599997 0.400003 0
0.275857 0.172411 0.551732
0.310349 0.379307 0.310343
0.137923 0.482747 0.37933
0.862065 0.137935 0
0.133351 0.866649 0
0.480003 0.519997 0
0.00010175 0.413686 0.586212
0.517244 0.172409 0.310347
8.33878e-05 0.166646 0.83327
0.344795 0.0689344 0.586271
0.269229 0.730771 0
0.200002 0.799998 0
0.586166 0.000101328 0.413732
0.0333261 0.966674 0
0.13792 0.344858 0.517222
0.000101869 0.6551 0.344798
0.413839 0.275877 0.310284
0.448282 0.551718 0
0.273891 0.254148 0.471961
0.103522 0.586018 0.31046
0.0689136 0.379763 0.551323
0.0666649 0.933335 0
0.13792 0.00010311 0.861977
0.333333 0.333333 0.333333
0.344874 0.206829 0.448297
0.000102099 0.214273 0.785625
0.407392 0.18518 0.407429
0.14815 0.444435 0.407415
0.0669881 0.502394 0.430617
0.892857 0.107143 0
0.107141 0.892859 0
0.607151 0.142849 0.25
0.187163 0.299464 0.513372
0.712792 0.0356346 0.251573
0.0343384 0.107277 0.858384
0.766664 0.233336 0
0.311925 0.108664 0.579411
0.136369 0.613631 0.25
0.379278 0.000100468 0.620622
8.79488e-05 9.3585e-05 0.999818
0.0689588 0.310299 0.620742
0.517188 0.00010343 0.482709
0.000102033 0.749898 0.25
0.730768 0.269232 0
0.639941 0.000100959 0.359958
9.99476e-05 0.9999 0
0.103443 0.137929 0.758627
0.000103356 0.517188 0.482709
0.966692 0.0333081 0
0.25 0.5 0.25
0.44824 8.18882e-05 0.551678
0.517232 0.482768 0
0.0344902 0.689664 0.275846
0.370376 0.629624 0
0.344841 0.275854 0.379305
0.239997 0.760003 0
0.123714 0.175252 0.701034
9.44907e-05 0.346121 0.653784
0.137906 0.0689541 0.79314
0.9999 9.98069e-05 0
0.535807 0.214175 0.250018
0.482761 0.241383 0.275856
0.551685 0.103467 0.344848
0.214287 0.14285 0.642863
0.689656 0.310344 0
9.07412e-05 0.607024 0.392885
0.172418 0.827582 0
0.749903 9.74471e-05 0.25
0.399995 0.600005 0
9.9758e-05 0.0666748 0.933225
0.827585 0.172415 0
0.275861 0.344825 0.379314
0.0681204 0.250777 0.681102
0.413787 0.137916 0.448297
0.207181 0.413663 0.379156
0.57143 0.42857 0
0.93333 0.0666701 0
0.431935 0.0668364 0.501229
0.249987 0.214265 0.535748
0.275859 0.0344715 0.689669
0.392861 0.357139 0.25
9.98531e-05 0.464234 0.535667
0.502385 0.0669968 0.430618
0.137929 0.275859 0.586212
0.347294 0.137414 0.515292
0.285691 0.428547 0.285762
0.241346 0.000102478 0.758551
0.172418 0.517238 0.310344
0.206886 0.344866 0.448248
0.0666615 0.0333041 0.900034
0.448272 0.206891 0.344837
0.629643 0.370357 0
0.620823 0.0687171 0.31046
0.482748 0.137937 0.379315
0.000101799 0.275819 0.724079
0.310338 0.689662 0
0.100271 0.431851 0.467877
0.172415 0.206831 0.620754
0.206896 0.068963 0.724141
