0.360005 0.639995 0
0.8 0.2 0
0.206895 0.379308 0.413796
0.866666 0.133334 0
0.13793 0.482761 0.379308
0.599999 0.400001 0
0.137928 0.24138 0.620691
0.24138 0.13793 0.620689
0.551727 0.0689648 0.379308
0.730768 0.269232 0
0.433333 0.566667 0
0.290275 0.23802 0.471705
0.300001 0.699999 0
0.233335 0.766665 0
0.966672 0.0333281 0
0.033332 0.966668 0
0.413793 0.275862 0.310345
0.068956 0.655179 0.275865
0.0666664 0.466664 0.466669
0.259201 0.444479 0.296319
0.0666665 0.933333 0
0.0340947 0.3863 0.579606
0.178554 0.000102627 0.821343
0.409091 0.147727 0.443182
0.733259 9.99646e-05 0.266641
9.52029e-05 0.0999905 0.899914
0.633333 0.366667 0
0.200001 0.799999 0
0.892861 0.107139 0
0.714284 0.0357159 0.25
0.0689656 0.0689656 0.862069
0.249999 0.357141 0.39286
0.103446 0.586208 0.310345
0.615323 0.000102539 0.384575
0.306376 0.272336 0.421287
0.24 0.24 0.520001
0.333333 0.666667 0
0.105593 0.26087 0.633536
0.0357133 0.714287 0.25
0.392857 0.607143 0
9.99646e-05 0.9999 0
0.000102641 0.178554 0.821343
0.517241 0.482759 0
0.142858 0.857142 0
0.319965 0.000101919 0.679933
0.147729 0.40909 0.443181
0.125001 0.125001 0.749998
0.275859 0.379311 0.34483
0.103448 0.344827 0.551724
0.507813 0.140626 0.35156
0.269228 0.730772 0
0.214284 0.535716 0.25
0.00010343 0.310315 0.689581
0.392855 0.357145 0.25
0.759999 0.240001 0
0.260869 0.105595 0.633536
9.53529e-05 9.53529e-05 0.999809
0.9999 9.98964e-05 0
0.544503 0.204189 0.251308
0.349374 0.0684869 0.58214
0.333333 0.333333 0.333334
0.379271 0.000103409 0.620626
0.482709 0.000103425 0.517188
0.827586 0.172414 0
0.610148 0.102724 0.287129
0.689656 0.310344 0
0.0689412 0.51741 0.413649
0.0689645 0.206897 0.724139
9.99741e-05 0.733259 0.266641
0.461538 0.538462 0
0.464285 0.25 0.285715
9.99438e-05 0.566608 0.433292
0.178567 0.32143 0.500003
0.206896 0.0689653 0.724139
0.57143 0.42857 0
0.533336 0.0333336 0.433331
0.0333346 0.0333346 0.933331
0.310346 0.172414 0.517239
0.933333 0.0666665 0
0.206897 0.206897 0.586205
0.178395 0.464385 0.35722
0.136363 0.613637 0.25
0.392856 0.214285 0.39286
0.579547 0.170453 0.25
0.000103438 0.482709 0.517187
0.429418 0.0335635 0.537018
0.172412 0.172412 0.655175
0.0999887 9.70007e-05 0.899914
0.321429 0.428571 0.25
0.241378 0.482757 0.275865
0.103448 0.103448 0.793104
0.233325 9.97542e-05 0.766575
0.103448 0.413792 0.482759
9.99804e-05 0.233325 0.766575
0.655177 0.0344776 0.310345
0.000101 0.629566 0.370333
0.100002 0.899998 0
0.448276 0.103448 0.448276
0.37931 0.13793 0.482759
0.000101492 0.357107 0.642792
