0.310345 0.310345 0.37931
0.379311 0.206896 0.413793
0.133334 0.866666 0
0.866666 0.133334 0
0.6 0.4 0
0.137927 0.241377 0.620696
0.480002 0.519998 0
0.730768 0.269232 0
0.269234 0.730766 0
0.448276 0.137931 0.413793
0.966666 0.0333336 0
0.275861 0.137931 0.586207
0.000103436 0.655105 0.344792
0.241375 0.0689639 0.689661
0.0344761 0.172382 0.793142
0.551724 0.103449 0.344827
0.100352 0.431338 0.468309
0.103463 0.586149 0.310388
0.000102255 0.749898 0.25
0.0344828 0.689655 0.275862
0.409092 0.147727 0.443181
0.0333327 0.966667 0
0.633336 0.366664 0
0.892858 0.107142 0
0.413793 0.275862 0.310345
0.107143 0.892857 0
0.448276 0.551724 0
0.714288 0.0357122 0.25
0.000103428 0.137918 0.861978
0.733261 9.99489e-05 0.266639
0.172414 0.0689654 0.75862
0.615323 0.000102551 0.384575
0.48271 0.000103422 0.517187
0.10345 0.310332 0.586218
0.000103424 0.241355 0.758542
0.434212 0.315788 0.25
0.759999 0.240001 0
0.321452 0.178562 0.499986
0.239999 0.239999 0.520002
9.99541e-05 0.9999 0
0.103448 0.517242 0.37931
0.544502 0.20419 0.251308
0.148147 0.444444 0.407409
0.172412 0.551726 0.275862
0.260927 0.105582 0.633491
0.0689641 0.241375 0.689661
0.333333 0.333333 0.333334
0.9999 9.99436e-05 0
0.370373 0.629627 0
0.249992 0.500008 0.25
0.517241 0.482759 0
0.379519 0.0344691 0.586012
9.91141e-05 9.69371e-05 0.999804
0.241386 0.448271 0.310343
0.239999 0.760001 0
0.827586 0.172414 0
0.299969 9.99736e-05 0.699931
0.13793 0.13793 0.724141
0.000103223 0.346117 0.653779
0.100002 0.100002 0.799996
0.214285 0.321428 0.464287
0.000101167 0.607081 0.392818
0.172415 0.827585 0
0.310342 0.689658 0
0.178571 0.214286 0.607143
0.2 0.8 0
0.61364 0.13636 0.25
0.448277 0.206896 0.344827
0.0666719 0.0333361 0.899992
0.689658 0.310342 0
0.296293 0.40741 0.296298
0.571429 0.428571 0
0.241377 0.379311 0.379312
0.136364 0.613636 0.25
0.933333 0.0666668 0
0.0666683 0.933332 0
0.142842 0.000102846 0.857056
0.517245 0.0689606 0.413794
0.172413 0.482762 0.344825
0.000103427 0.517182 0.482715
0.357143 0.249991 0.392865
0.137917 0.344896 0.517187
0.0666671 0.5 0.433333
0.357109 0.000101461 0.64279
0.233321 9.99877e-05 0.766579
0.172413 0.275863 0.551725
0.655174 0.0344799 0.310346
0.482758 0.24138 0.275862
0.344828 0.103447 0.551725
0.357144 0.392856 0.25
2.89534e-05 0.0666584 0.933313
0.0338101 0.425229 0.540961
0.206895 0.13793 0.655176
0.000101177 0.392817 0.607082
0.4 0.6 0
0.43062 0.0669855 0.502394
0.517236 0.172416 0.310348
0.275865 0.275866 0.448269
0.0740881 0.185182 0.74073
0.551667 0.000103416 0.44823
