0.799997 0.200003 0
0.31035 0.379306 0.310344
0.37931 0.310347 0.310344
0.133394 0.866606 0
0.866666 0.133334 0
0.392858 0.607142 0
0.519999 0.480001 0
0.000103426 0.41375 0.586147
9.99648e-05 0.16665 0.83325
0.344828 0.0689515 0.58622
0.730766 0.269234 0
0.000102542 0.586143 0.413754
0.241378 0.275866 0.482757
0.96667 0.0333295 0
0.0333331 0.966667 0
0.266667 0.733333 0
0.655108 9.14147e-05 0.344801
0.0689659 0.379309 0.551725
0.321431 0.214287 0.464281
0.100223 0.432065 0.467712
0.137917 0.000103434 0.861979
0.275909 0.034476 0.689615
0.749898 0.000102247 0.25
0.689658 0.310342 0
0.000101013 0.639934 0.359965
0.137916 0.275942 0.586142
0.357157 0.642843 0
0.892857 0.107143 0
0.0343352 0.107297 0.858368
0.187161 0.299466 0.513373
0.25 0.5 0.25
0.392844 0.357156 0.25
0.629627 0.370373 0
0.275861 0.310342 0.413797
0.311974 0.108638 0.579388
9.91479e-05 9.93633e-05 0.999801
0.482759 0.517241 0
0.241354 0.000103385 0.758542
0.214286 0.142858 0.642856
0.0689378 0.620711 0.310352
0.300005 0.699995 0
0.5 0.25 0.25
0.102276 0.647724 0.25
0.233326 0.766674 0
0.0689642 0.310345 0.620691
0.000103428 0.517188 0.482709
0.517188 0.000103426 0.482709
0.148147 0.444443 0.40741
9.99903e-05 0.9999 0
0.42857 0.214285 0.357146
0.107143 0.892857 0
0.9999 9.99849e-05 0
0.502386 0.0670021 0.430612
0.241382 0.206895 0.551723
0.123715 0.175257 0.701028
0.689662 0.034482 0.275856
0.333332 0.333333 0.333335
0.035644 0.712784 0.251572
0.000102474 0.214263 0.785635
0.000103199 0.346118 0.653779
0.551725 0.448275 0
0.607032 0.00010058 0.392867
0.379271 0.000103193 0.620626
0.000102251 0.749898 0.25
0.827585 0.172415 0
0.760005 0.239995 0
0.172414 0.827586 0
0.423073 0.576927 0
0.137929 0.482762 0.379309
0.0681107 0.250789 0.681101
0.241376 0.379315 0.379309
0.137933 0.0689662 0.793101
0.6 0.4 0
0.40994 0.0683292 0.52173
0.0679673 0.543699 0.388334
0.413788 0.137928 0.448284
9.9534e-05 0.0666594 0.933241
0.933334 0.0666662 0
0.0666687 0.933331 0
0.0666409 0.0333196 0.90004
0.13793 0.586209 0.275861
0.285713 0.428571 0.285717
0.00010036 0.464232 0.535667
0.172414 0.517243 0.310344
0.172414 0.344827 0.482759
0.551722 0.172415 0.275864
0.586211 0.103445 0.310344
0.103448 0.137931 0.758621
0.444444 0.148146 0.40741
0.448254 0.000103167 0.551643
0.275835 0.103422 0.620743
0.344828 0.275863 0.379309
0.000103412 0.275832 0.724065
0.613634 0.136366 0.25
0.448269 0.275871 0.275861
0.345302 0.137831 0.516867
0.206892 0.448278 0.34483
0.517244 0.137926 0.34483
0.17241 0.206898 0.620692
0.206896 0.0689643 0.72414
