9.82207e-05 0.535649 0.464253
0.000103398 0.379271 0.620626
0.360002 0.639998 0
0.103448 0.379309 0.517243
0.799998 0.200002 0
0.206899 0.379316 0.413784
0.866663 0.133337 0
0.599993 0.400007 0
0.137929 0.24138 0.620691
0.241379 0.13793 0.620691
0.551725 0.0689647 0.379311
0.379307 0.13793 0.482764
0.730769 0.269231 0
0.433333 0.566667 0
0.233332 0.766668 0
0.96667 0.0333299 0
0.0333308 0.966669 0
0.37931 0.275863 0.344827
0.0666727 0.933327 0
0.508024 0.140564 0.351411
0.258834 0.4447 0.296467
0.333334 0.333333 0.333333
0.103491 0.586035 0.310474
0.105578 0.260963 0.63346
0.571429 0.428571 0
0.260891 0.105587 0.633522
0.0357142 0.714286 0.25
0.610623 0.101998 0.287378
0.300002 0.699998 0
0.0344737 0.0694069 0.896119
0.241379 0.482759 0.275862
0.233314 9.99601e-05 0.766586
0.178549 0.000102613 0.821348
0.286635 0.247583 0.465782
0.392857 0.607143 0
0.615329 0.000101984 0.384569
0.000100977 0.629566 0.370333
0.142863 0.857137 0
0.000103369 0.482709 0.517188
9.96825e-05 0.9999 0
0.409091 0.147728 0.443181
0.13636 0.61364 0.25
0.9999 9.98741e-05 0
0.125002 0.125002 0.749996
9.94612e-05 9.83602e-05 0.999802
0.000101984 0.31997 0.679928
0.714285 0.0357146 0.25
0.482709 0.000103339 0.517188
0.392857 0.357143 0.25
0.517239 0.482761 0
0.345032 0.103417 0.551552
0.269228 0.730772 0
0.0689632 0.655174 0.275863
0.892867 0.107133 0
0.066497 7.8779e-06 0.933495
0.759997 0.240003 0
0.357108 0.00010147 0.642791
0.310309 0.000103388 0.689587
0.214285 0.535715 0.25
0.31034 0.379316 0.310344
0.73326 9.98819e-05 0.26664
0.147728 0.409091 0.443181
0.310343 0.172416 0.517241
0.544504 0.20419 0.251306
0.306363 0.272328 0.421309
0.103445 0.517244 0.379311
0.38637 0.0340893 0.579541
0.0684882 0.349363 0.582149
9.97274e-05 0.73326 0.26664
0.827584 0.172416 0
0.2 0.8 0
0.689664 0.310336 0
0.461537 0.538463 0
0.0338154 0.541056 0.425129
0.46427 0.250007 0.285723
0.0689638 0.206906 0.72413
0.633335 0.366665 0
0.533334 0.0333337 0.433332
0.24 0.24 0.52
0.172411 0.172411 0.655177
0.206949 0.0689606 0.72409
0.17857 0.321426 0.500004
0.933332 0.0666681 0
0.333333 0.666667 0
0.103319 0.0344375 0.862243
0.206897 0.206897 0.586206
0.178403 0.464382 0.357215
0.392864 0.214277 0.392859
0.000100825 0.428533 0.571367
0.249991 0.357135 0.392875
0.579546 0.170454 0.25
0.100002 0.433334 0.466664
0.0999998 0.9 0
0.321425 0.428575 0.25
0.103445 0.103445 0.793111
9.97727e-05 0.233314 0.766586
0.000102636 0.178549 0.821349
0.655172 0.0344825 0.310345
0.466623 0.0666728 0.466704
7.85349e-05 0.133321 0.866601
