0.137926 0.482761 0.379312
0.400001 0.599999 0
0.800001 0.199999 0
0.172415 0.275858 0.551727
0.133334 0.866666 0
0.866667 0.133333 0
0.344824 0.172412 0.482764
0.44828 0.103443 0.448277
0.206896 0.344827 0.448277
0.37931 0.275862 0.344828
0.519997 0.480003 0
0.413751 0.000103341 0.586146
0.172414 0.517241 0.310345
0.166647 9.7415e-05 0.833255
0.730767 0.269233 0
0.000103419 0.586147 0.41375
0.966667 0.0333327 0
0.310344 0.0689656 0.62069
0.655105 0.00010343 0.344792
0.25402 0.274228 0.471752
0.379309 0.068966 0.551725
0.413783 0.206917 0.379301
0.000103429 0.13791 0.861986
0.214264 0.000102467 0.785633
0.185186 0.407404 0.407411
0.749898 0.000102199 0.25
0.37037 0.62963 0
0.299458 0.187185 0.513356
0.000103438 0.379271 0.620626
0.0669825 0.502394 0.430623
0.108707 0.311529 0.579764
0.346112 0.000103229 0.653785
0.444443 0.148146 0.407411
0.107143 0.892857 0
0.892858 0.107142 0
0.9999 9.99881e-05 0
0.000103438 0.517188 0.482709
0.000101017 0.639935 0.359964
0.0333342 0.966666 0
0.000103431 0.241354 0.758542
0.517188 0.000103437 0.482709
0.142858 0.607142 0.25
0.275862 0.137931 0.586206
0.333334 0.333333 0.333333
9.74366e-05 9.31969e-05 0.999809
9.99562e-05 0.9999 0
0.103445 0.172408 0.724148
0.107296 0.0343353 0.858369
0.482759 0.517241 0
0.0689657 0.137931 0.793103
0.517238 0.172415 0.310347
0.233331 0.766669 0
0.5 0.25 0.25
0.689665 0.310335 0
0.175258 0.123711 0.701031
0.760001 0.239999 0
0.357143 0.392857 0.25
0.629624 0.370376 0
0.035637 0.712788 0.251575
0.689652 0.0344857 0.275862
0.241379 0.482759 0.275862
0.586103 0.103474 0.310423
0.607079 0.000101178 0.39282
0.103449 0.551722 0.344829
0.142854 0.214283 0.642863
0.310344 0.689656 0
0.000102249 0.749898 0.25
0.0666707 0.433309 0.50002
0.172417 0.827583 0
0.250845 0.0681058 0.681049
0.613636 0.136364 0.25
0.428572 0.571428 0
0.0666577 8.86993e-05 0.933254
0.137931 0.413793 0.448277
0.933334 0.0666661 0
0.068965 0.344827 0.586207
0.0666688 0.933331 0
0.6 0.4 0
0.42857 0.285712 0.285717
0.214285 0.249999 0.535716
0.0344819 0.275861 0.689657
0.464245 0.000100423 0.535655
0.269237 0.730763 0
0.214284 0.535716 0.25
0.344827 0.241379 0.413794
0.502393 0.0669844 0.430623
0.551724 0.448276 0
0.0689658 0.620687 0.310347
0.275868 0.344826 0.379306
0.275829 0.00010341 0.724067
0.827585 0.172415 0
0.137931 0.103448 0.758621
0.13793 0.34483 0.51724
0.0333324 0.0666649 0.900003
0.206895 0.448277 0.344828
0.39691 0.134022 0.469068
0.00010342 0.44823 0.551667
0.483217 0.137809 0.378974
0.206896 0.172414 0.62069
0.275861 0.413795 0.310344
