0.48273 0.137956 0.379315
0.599997 0.400003 0
0.2 0.8 0
0.137927 0.482758 0.379314
0.13335 0.86665 0
0.866664 0.133336 0
0.172414 0.344827 0.482758
0.34483 0.206894 0.448276
0.275866 0.379302 0.344832
0.480001 0.519999 0
0.000103417 0.41375 0.586146
0.275862 0.172412 0.551725
0.51724 0.172413 0.310347
8.36191e-05 0.166653 0.833264
0.344828 0.0689647 0.586207
0.269243 0.730757 0
0.586144 0.000101545 0.413755
0.0333331 0.966667 0
0.966667 0.0333329 0
0.0689639 0.310345 0.620691
0.0689651 0.379314 0.551721
0.000102246 0.749897 0.25
0.892858 0.107142 0
0.172414 0.51724 0.310346
0.407405 0.185185 0.407409
0.63994 0.000100977 0.359959
0.6207 0.0689513 0.310348
0.629635 0.370365 0
0.137917 0.0001033 0.861979
0.187166 0.299464 0.513371
0.0343352 0.107311 0.858353
0.370375 0.629625 0
0.000103429 0.517183 0.482713
0.392854 0.357145 0.25
0.999901 9.94535e-05 0
0.44823 0.000103408 0.551666
0.249999 0.5 0.25
0.766666 0.233334 0
0.103452 0.586191 0.310357
0.00010116 0.607081 0.392818
9.9823e-05 0.9999 0
0.413793 0.137931 0.448276
0.333336 0.333333 0.333331
0.311651 0.108688 0.579662
0.137929 0.0689647 0.793106
0.0344788 0.68969 0.275831
0.240001 0.759999 0
0.712787 0.0356411 0.251572
0.10344 0.448284 0.448276
0.379276 0.000103348 0.620621
9.83926e-05 9.85974e-05 0.999803
0.206898 0.413798 0.379304
0.517183 0.000103383 0.482713
0.285715 0.428573 0.285712
0.448276 0.206895 0.344829
0.517242 0.482758 0
0.00010338 0.655105 0.344792
0.345217 0.13785 0.516933
0.000102394 0.214266 0.785631
0.607144 0.142855 0.25
0.107141 0.892859 0
0.123715 0.175252 0.701033
0.241358 0.000103368 0.758539
0.000103182 0.346115 0.653782
0.274276 0.254004 0.47172
0.482764 0.241382 0.275854
0.551722 0.103448 0.344829
0.214265 0.142841 0.642895
0.93333 0.0666698 0
0.689657 0.310343 0
0.172416 0.827584 0
0.31034 0.68966 0
0.0666597 0.93334 0
0.749898 0.00010212 0.25
0.431484 0.066884 0.501632
0.827586 0.172414 0
0.0681114 0.250761 0.681127
0.136361 0.613639 0.25
0.57142 0.42858 0
9.99789e-05 0.0666652 0.933235
0.249995 0.214286 0.535719
0.275857 0.0344821 0.689661
0.000100427 0.464241 0.535659
0.502396 0.0669855 0.430618
0.448277 0.551723 0
0.172408 0.206891 0.620701
0.137931 0.275863 0.586207
0.535724 0.214275 0.250001
0.241379 0.344828 0.413793
0.0669865 0.502395 0.430618
0.344841 0.275858 0.379301
0.103441 0.13792 0.758638
0.73077 0.26923 0
0.0666542 0.0333278 0.900018
0.000103418 0.275833 0.724064
0.134038 0.396899 0.469063
0.399999 0.600001 0
0.172408 0.103443 0.724148
0.148132 0.444505 0.407363
0.413792 0.275865 0.310344
