0.241379 0.13793 0.620691
0.482729 0.241336 0.275935
0.379306 0.310349 0.310345
0.699987 0.300013 0
0.0689654 0.586195 0.34484
0.344833 0.172411 0.482756
0.137949 0.862051 0
0.482774 0.13791 0.379316
0.400003 0.599997 0
0.13793 0.241378 0.620691
0.269231 0.730769 0
0.566659 0.433341 0
0.275864 0.413792 0.310345
0.655173 0.0344823 0.310345
0.76668 0.23332 0
0.0333318 0.966668 0
0.966667 0.0333334 0
0.170441 0.579559 0.25
0.44828 0.103446 0.448274
0.357101 0.000101435 0.642797
9.99777e-05 0.73326 0.26664
0.137982 0.517211 0.344807
0.105589 0.260874 0.633537
0.178542 0.000102645 0.821356
0.0357056 0.714294 0.25
0.000100404 0.178538 0.821362
0.206895 0.344831 0.448274
0.147732 0.409088 0.44318
0.613642 0.136358 0.25
0.357191 0.392809 0.25
0.107144 0.892856 0
0.379313 0.241365 0.379321
0.366662 0.633338 0
0.000102545 0.615324 0.384573
0.03448 0.0690419 0.896478
0.60714 0.39286 0
0.857127 0.142873 0
0.24 0.24 0.520001
0.386322 0.0340934 0.579585
0.482709 0.000103436 0.517188
9.99575e-05 0.9999 0
0.260873 0.10559 0.633537
0.000103424 0.482709 0.517188
0.933333 0.0666672 0
0.73326 9.99685e-05 0.26664
0.240004 0.759996 0
0.9999 9.9988e-05 0
9.72257e-05 9.85101e-05 0.999804
0.172421 0.827579 0
0.714289 0.0357106 0.25
0.124999 0.124999 0.750001
0.730769 0.269231 0
0.333333 0.333333 0.333334
0.306705 0.216199 0.477096
0.482759 0.517241 0
0.535761 0.214239 0.25
0.00010199 0.319966 0.679932
0.310318 0.000103425 0.689578
0.444444 0.259265 0.296291
0.629572 0.000100529 0.370328
0.206896 0.0689637 0.72414
0.204198 0.544512 0.25129
0.0684933 0.349315 0.582191
0.241385 0.379306 0.379309
0.8 0.2 0
0.310339 0.689661 0
0.517517 0.0689218 0.413561
0.0689646 0.206895 0.72414
0.538462 0.461538 0
0.42858 0.32142 0.25
0.104472 0.608958 0.28657
0.666674 0.333326 0
0.310346 0.310346 0.379309
0.0673742 0.505172 0.427454
0.428574 0.571426 0
0.103446 0.103446 0.793108
0.2 0.8 0
0.066667 0.933333 0
0.103404 0.0344671 0.862129
0.249982 0.464314 0.285704
0.58621 0.103434 0.310355
0.172413 0.172413 0.655173
0.464331 0.178489 0.357179
0.310355 0.137907 0.551738
0.0344735 0.655181 0.310346
0.285713 0.285713 0.428574
0.000100814 0.428529 0.57137
0.206896 0.206896 0.586207
0.000102318 0.551663 0.448235
0.5666 9.92061e-05 0.433301
0.430593 0.0669911 0.502416
0.17242 0.310341 0.51724
9.3104e-05 0.233317 0.76659
0.0666322 6.81923e-05 0.9333
0.23331 9.98549e-05 0.76659
0.900003 0.0999974 0
0.40909 0.147729 0.443181
0.172413 0.448276 0.379312
0.100729 0.395691 0.50358
9.80137e-05 0.133319 0.866583
