0.482761 0.137928 0.379312
0.599999 0.400001 0
0.199998 0.800002 0
0.27586 0.17241 0.55173
0.137928 0.482761 0.379312
0.133346 0.866654 0
0.866666 0.133334 0
0.172414 0.344828 0.482759
0.344828 0.206896 0.448276
0.275861 0.379311 0.344828
0.48 0.52 0
0.000103381 0.41375 0.586147
0.517241 0.172414 0.310346
0.26923 0.73077 0
0.586145 0.000103409 0.413751
0.966667 0.033333 0
0.0689652 0.310344 0.620691
0.448274 0.551726 0
0.214285 0.142857 0.642858
0.199991 4.42812e-05 0.799965
0.392855 0.357145 0.25
0.0689487 0.379329 0.551722
0.607141 0.142859 0.25
0.379277 0.000103424 0.62062
0.407406 0.185185 0.407409
0.892858 0.107142 0
0.0333324 0.966668 0
0.639935 0.000100972 0.359964
0.275862 0.0344823 0.689655
0.107142 0.892858 0
0.134034 0.396901 0.469065
0.000102461 0.214274 0.785623
0.0681036 0.250867 0.681029
0.62963 0.37037 0
0.370374 0.629626 0
0.187167 0.299459 0.513374
0.31186 0.108654 0.579486
0.239998 0.760002 0
0.517188 0.000103437 0.482709
0.9999 9.99762e-05 0
0.241355 0.000103429 0.758542
0.000103427 0.517188 0.482709
0.25 0.5 0.25
0.274222 0.254023 0.471755
0.034335 0.107286 0.858379
9.54354e-05 9.96429e-05 0.999805
0.333332 0.333333 0.333335
0.034486 0.689653 0.275861
0.44823 0.000103435 0.551667
0.123729 0.175255 0.701016
0.712789 0.035639 0.251572
0.103448 0.586206 0.310346
9.99874e-05 0.9999 0
0.517241 0.482759 0
9.9786e-05 0.166647 0.833253
0.207097 0.413689 0.379215
0.766668 0.233332 0
0.000103169 0.346119 0.653778
0.000100436 0.464239 0.535661
0.482758 0.241381 0.275861
0.551718 0.10345 0.344832
0.689655 0.310345 0
0.000101163 0.60708 0.392819
0.172414 0.827586 0
0.310344 0.689656 0
0.25 0.214284 0.535715
0.749898 0.000102252 0.25
0.0669879 0.502391 0.430622
0.000102244 0.749898 0.25
0.432434 0.0667733 0.500792
0.827586 0.172414 0
0.100003 9.99544e-05 0.899897
0.137954 0.0344817 0.827565
0.136366 0.613634 0.25
0.57143 0.42857 0
0.172389 0.103433 0.724178
0.933332 0.0666678 0
9.89269e-05 0.0666599 0.933241
0.502393 0.0669849 0.430622
0.137929 0.275876 0.586195
0.241375 0.344829 0.413795
0.344824 0.0689631 0.586212
0.535714 0.214286 0.25
0.0666654 0.933335 0
0.172414 0.517241 0.310346
0.285714 0.428571 0.285715
0.344828 0.137931 0.51724
0.148148 0.444443 0.407409
0.44827 0.206898 0.344832
0.620688 0.0689668 0.310346
0.103448 0.13793 0.758622
0.000103438 0.275833 0.724063
0.344827 0.275861 0.379311
0.73077 0.26923 0
0.4 0.6 0
0.172414 0.206897 0.62069
0.103448 0.448276 0.448276
0.413793 0.137931 0.448276
0.413792 0.275862 0.310346
0.00010343 0.655105 0.344792
