0.8 0.2 0
0.172407 0.275861 0.551732
0.482774 0.13791 0.379316
0.310345 0.413794 0.275861
0.344826 0.137931 0.517243
0.866662 0.133338 0
0.133337 0.866663 0
0.206647 0.344528 0.448825
0.41375 0.00010343 0.586146
0.172414 0.51724 0.310346
0.166648 9.9955e-05 0.833252
0.379307 0.172415 0.448279
0.730768 0.269232 0
0.519982 0.480018 0
0.000103431 0.586136 0.41376
0.966666 0.0333338 0
0.0333318 0.966668 0
0.275864 0.310346 0.41379
0.357146 0.392854 0.25
0.379354 0.0689606 0.551685
0.607081 0.00010117 0.392818
0.586206 0.103448 0.310346
0.000103348 0.37927 0.620626
0.344828 0.241378 0.413794
0.185181 0.407394 0.407425
0.206897 0.172412 0.620691
0.444564 0.148116 0.40732
0.107139 0.892861 0
0.379313 0.275858 0.344828
9.93199e-05 0.639934 0.359966
0.892858 0.107142 0
0.42857 0.285713 0.285717
0.37037 0.62963 0
0.551723 0.448277 0
0.29946 0.187183 0.513358
0.689706 0.034476 0.275818
0.107277 0.0343354 0.858388
0.108669 0.311758 0.579573
0.517188 0.000103429 0.482709
0.000103327 0.137926 0.861971
0.0689661 0.620686 0.310348
0.000103402 0.517188 0.482709
0.333333 0.333333 0.333334
0.172415 0.827585 0
0.9999 9.99335e-05 0
0.613637 0.136363 0.25
0.0356417 0.712786 0.251572
0.13793 0.413792 0.448279
0.142856 0.607144 0.25
0.482759 0.517241 0
0.175257 0.123718 0.701026
0.0689657 0.344826 0.586208
0.412805 0.208791 0.378404
0.759999 0.240001 0
0.629626 0.370374 0
0.275828 0.000103425 0.724069
0.233327 0.766673 0
0.13793 0.344826 0.517243
0.000103352 0.241353 0.758543
0.214265 0.000102468 0.785632
9.97778e-05 9.61092e-05 0.999804
0.253808 0.274839 0.471353
0.346121 0.000103189 0.653776
0.241379 0.482761 0.275861
0.5 0.25 0.25
0.142856 0.214285 0.64286
0.689655 0.310345 0
0.310343 0.689657 0
0.827586 0.172414 0
0.6 0.4 0
0.749898 0.000102202 0.25
0.0668788 0.431529 0.501592
0.250887 0.0681018 0.681011
0.0689658 0.137933 0.793102
0.428571 0.571429 0
0.0666567 9.9446e-05 0.933244
0.933332 0.0666678 0
0.0666732 0.933327 0
0.214285 0.25 0.535715
0.310345 0.0689651 0.62069
0.0344811 0.275873 0.689646
0.46424 0.000100413 0.53566
0.066986 0.502395 0.430619
0.275862 0.137931 0.586207
0.214285 0.535714 0.25
0.50239 0.0669907 0.430619
0.517241 0.172414 0.310346
0.275862 0.37931 0.344828
0.269232 0.730768 0
0.103449 0.551721 0.34483
0.137914 0.103437 0.758649
0.0333151 0.0666308 0.900054
0.000102249 0.749898 0.25
0.206889 0.44828 0.344831
0.400001 0.599999 0
0.00010339 0.448231 0.551666
0.396328 0.100612 0.50306
0.0689566 0.206871 0.724172
9.99054e-05 0.9999 0
0.655105 0.000103389 0.344792
