0.103428 0.275868 0.620704
0.37931 0.310345 0.310345
0.310345 0.310345 0.379311
0.137932 0.482756 0.379312
0.133332 0.866668 0
0.866667 0.133333 0
0.20686 0.4483 0.34484
0.480004 0.519996 0
0.275856 0.379313 0.344831
0.413748 0.000103289 0.586148
0.16665 8.7349e-05 0.833263
0.0689659 0.344824 0.58621
0.269232 0.730768 0
0.58615 0.000103436 0.413747
0.966666 0.0333335 0
0.137929 0.413786 0.448285
0.733332 0.266668 0
0.357143 0.392857 0.25
0.142852 0.214276 0.642873
0.214286 0.321426 0.464288
0.586205 0.137933 0.275861
0.10864 0.311977 0.579383
0.10347 0.58612 0.31041
0.444445 0.148148 0.407407
0.214268 0.000102466 0.78563
0.482771 0.137917 0.379312
0.148148 0.444445 0.407407
0.89286 0.10714 0
0.310344 0.689656 0
0.639934 0.000101042 0.359965
0.642857 0.357143 0
0.175257 0.123702 0.701041
0.000102154 0.749898 0.25
0.0344786 0.275866 0.689655
0.299465 0.187164 0.513371
0.346125 0.000103172 0.653772
0.000103431 0.517188 0.482709
0.0344822 0.689661 0.275857
0.250784 0.0681119 0.681104
0.379378 0.0689568 0.551665
0.712788 0.035639 0.251573
0.137929 0.103447 0.758624
9.99503e-05 0.9999 0
0.37931 0.241379 0.379311
0.9999 9.99491e-05 0
0.517241 0.482759 0
0.333335 0.333335 0.33333
9.93014e-05 9.83053e-05 0.999802
0.607143 0.392857 0
0.370382 0.629618 0
0.517188 0.000103426 0.482709
0.107299 0.0343347 0.858366
0.766668 0.233332 0
0.0333328 0.966667 0
0.000103386 0.379279 0.620618
0.000103436 0.241361 0.758535
0.1379 0.344929 0.517171
0.000103429 0.137918 0.861978
0.24 0.76 0
0.25 0.5 0.25
0.136364 0.613636 0.25
0.448279 0.551721 0
0.400002 0.599998 0
9.99818e-05 0.607078 0.392822
0.200003 0.799997 0
0.749898 0.000102236 0.25
0.172413 0.827587 0
0.827587 0.172413 0
0.576928 0.423072 0
0.0689653 0.137931 0.793104
0.699998 0.300002 0
0.0683178 0.409941 0.521742
0.543696 0.0679619 0.388342
0.275863 0.448275 0.275861
0.234057 0.401219 0.364724
0.068963 0.206889 0.724148
0.0666246 6.509e-05 0.93331
0.0666684 0.933332 0
0.933334 0.0666663 0
0.517241 0.172414 0.310345
0.2069 0.241383 0.551717
0.647721 0.102279 0.25
0.172414 0.517241 0.310346
0.275862 0.137931 0.586208
0.620692 0.0689623 0.310346
0.428575 0.285711 0.285713
0.344828 0.172414 0.482758
0.0669861 0.502393 0.430621
0.28571 0.28571 0.428579
0.0333272 0.0666542 0.900019
0.432289 0.100184 0.467526
0.000103371 0.44823 0.551667
0.275833 0.000103418 0.724063
0.448284 0.206882 0.344834
0.464241 0.000100425 0.535659
0.206893 0.172409 0.620698
0.107147 0.892853 0
0.000103435 0.655105 0.344792
0.5 0.25 0.25
0.310343 0.0689593 0.620698
