0.359993 0.640007 0
0.482749 0.241392 0.275859
0.241379 0.482759 0.275862
0.172422 0.379275 0.448303
0.31034 0.31034 0.37932
0.300001 0.699999 0
0.310345 0.241375 0.44828
0.866666 0.133334 0
0.100005 0.166672 0.733323
0.800001 0.199999 0
0.310351 0.137911 0.551738
0.166673 9.98117e-05 0.833227
0.658342 0.0683311 0.273326
0.0689102 0.448429 0.482661
0.433334 0.566666 0
0.233334 0.766666 0
0.966667 0.0333333 0
0.733333 0.266667 0
0.310349 0.413789 0.275862
0.0666682 0.933332 0
0.333333 0.333333 0.333333
0.103449 0.586206 0.310345
0.000103105 0.103404 0.896492
0.538107 0.0672697 0.394623
0.298521 0.105227 0.596252
0.392858 0.357142 0.25
0.000101735 0.310308 0.68959
0.0666476 7.86452e-05 0.933274
0.0333328 0.966667 0
0.142851 0.428577 0.428572
0.103438 0.379369 0.517193
0.653784 0.000102501 0.346114
0.892858 0.107142 0
0.392803 0.250029 0.357167
0.000100985 0.629566 0.370333
0.392857 0.607143 0
0.27583 0.000102788 0.724067
0.517187 0.000103431 0.48271
0.142858 0.857142 0
0.545445 0.204555 0.25
0.24 0.24 0.52
9.99807e-05 0.9999 0
0.642842 0.357158 0
0.16832 0.124749 0.706931
0.269231 0.730769 0
0.000103432 0.482709 0.517188
0.0689674 0.344854 0.586178
9.81932e-05 9.2449e-05 0.999809
0.586205 0.10345 0.310345
0.0689637 0.137927 0.793109
0.214302 0.00010231 0.785596
0.346198 0.000102829 0.653699
0.9999 9.99834e-05 0
0.428574 0.142854 0.428572
0.766666 0.233334 0
0.107253 0.0343382 0.858409
0.712788 0.0356392 0.251573
0.51724 0.48276 0
0.0357137 0.714286 0.25
0.000100004 0.233356 0.766544
0.214285 0.535715 0.25
0.172408 0.275864 0.551728
0.142837 0.214263 0.6429
0.0689596 0.241372 0.689669
0.206898 0.137917 0.655184
9.99663e-05 0.73326 0.26664
0.250005 0.392834 0.357161
0.388373 0.067975 0.543652
0.200003 0.799997 0
0.448681 0.0689088 0.482411
0.833322 0.166678 0
0.576926 0.423074 0
0.034481 0.413791 0.551728
0.20706 0.310279 0.482661
0.700006 0.299994 0
0.333333 0.666667 0
0.7499 0.00010002 0.25
0.0683352 0.52166 0.410004
0.344701 0.172447 0.482853
0.461537 0.538463 0
0.285713 0.464287 0.25
0.241441 0.0689695 0.68959
0.487886 0.174251 0.337864
0.933333 0.0666665 0
0.285714 0.285714 0.428572
0.433248 9.96193e-05 0.566652
0.136363 0.613637 0.25
0.61363 0.13637 0.25
0.172427 0.482743 0.34483
0.46429 0.28571 0.25
0.137934 0.103447 0.758619
0.000102354 0.379269 0.620629
0.241377 0.172403 0.58622
8.49211e-05 0.16663 0.833285
9.99453e-05 0.56661 0.43329
0.0999996 0.9 0
0.586147 0.000103322 0.413749
0.607141 0.392859 0
0.103428 0.275812 0.62076
0.0689632 0.655174 0.275863
