0.379299 0.27587 0.344831
0.241385 0.310339 0.448276
0.275864 0.103444 0.620692
0.310345 0.310345 0.37931
0.482759 0.137931 0.379311
0.866642 0.133358 0
0.392867 0.607133 0
0.519989 0.480011 0
0.000103246 0.41375 0.586147
9.999e-05 0.166653 0.833247
0.0689547 0.620698 0.310348
0.34481 0.0689619 0.586228
0.730769 0.269231 0
0.000103395 0.586147 0.41375
0.413793 0.137931 0.448276
0.0333275 0.966673 0
0.966667 0.0333331 0
0.357144 0.392855 0.250001
0.214284 0.142856 0.64286
0.137927 0.482762 0.379311
0.0689304 0.379615 0.551455
0.137911 0.000103335 0.861985
9.99782e-05 0.9999 0
0.58621 0.103443 0.310347
0.233333 0.766667 0
0.148146 0.444445 0.407409
0.44828 0.241376 0.310344
0.444443 0.148148 0.407409
0.749897 0.000102221 0.250001
0.357144 0.642856 0
0.892855 0.107145 0
0.379278 0.000103112 0.620619
0.18716 0.299465 0.513375
0.689659 0.310341 0
0.321429 0.214286 0.464285
0.0343347 0.107302 0.858364
0.000101027 0.639934 0.359965
0.0666671 0.933333 0
0.629627 0.370373 0
0.31199 0.10864 0.57937
0.000103419 0.517188 0.482709
3.25533e-05 0.066661 0.933306
0.123712 0.175256 0.701032
0.000102462 0.21427 0.785627
0.9999 9.99775e-05 0
0.401215 0.234051 0.364733
0.8 0.2 0
0.333333 0.333334 0.333333
0.760001 0.239999 0
0.137937 0.586202 0.275862
0.107139 0.892861 0
0.517188 0.000103398 0.482709
0.689655 0.0344836 0.275862
9.54237e-05 9.16288e-05 0.999813
0.5 0.25 0.250001
0.0356401 0.712788 0.251572
0.48276 0.51724 0
0.25 0.5 0.250001
0.551723 0.448277 0
0.241364 0.000103425 0.758532
0.285711 0.285711 0.428578
0.000103214 0.346116 0.65378
0.827584 0.172416 0
0.607077 0.000101139 0.392822
0.00010222 0.749897 0.250001
0.172414 0.827586 0
0.137931 0.275862 0.586206
0.423076 0.576924 0
0.0681025 0.250873 0.681025
0.103416 0.137888 0.758696
0.24138 0.37931 0.379311
0.137927 0.0689637 0.793109
0.409944 0.0683233 0.521733
0.0679583 0.543691 0.38835
0.613635 0.136364 0.250001
0.275858 0.413799 0.310343
0.933329 0.0666712 0
0.275861 0.0344822 0.689657
0.6 0.4 0
0.241384 0.206898 0.551719
0.102273 0.647726 0.250001
0.000100395 0.464243 0.535657
0.517241 0.172414 0.310345
0.172412 0.517243 0.310345
0.000103322 0.275829 0.724068
0.172414 0.344827 0.482759
0.133335 0.866665 0
0.502394 0.0669817 0.430625
0.172412 0.206895 0.620692
0.413799 0.310342 0.27586
0.0666656 0.0333306 0.900004
0.100256 0.431898 0.467846
0.345203 0.137852 0.516946
0.448229 0.000103327 0.551667
0.206893 0.448277 0.34483
0.266663 0.733337 0
0.172414 0.103448 0.724138
0.0689631 0.310344 0.620692
0.300001 0.699999 0
0.655104 0.000103435 0.344792
