0.275887 0.103423 0.62069
0.800001 0.199999 0
0.0666666 0.0666666 0.866667
0.310346 0.379308 0.310346
0.310345 0.310345 0.37931
0.866666 0.133334 0
0.133333 0.866667 0
0.137931 0.482758 0.37931
0.392865 0.607135 0
0.52 0.48 0
0.000103412 0.413748 0.586149
7.67181e-05 0.166653 0.833271
0.068964 0.620693 0.310343
0.730767 0.269233 0
0.000103423 0.586142 0.413755
0.966668 0.0333318 0
0.0333324 0.966668 0
0.392853 0.357145 0.250002
0.000103142 0.346117 0.65378
0.0689602 0.379358 0.551682
0.401217 0.234043 0.364739
0.321429 0.214286 0.464285
0.629628 0.370372 0
0.137914 0.000103418 0.861983
0.266673 0.733327 0
0.000102375 0.214275 0.785622
0.444446 0.148148 0.407407
0.13794 0.586196 0.275864
0.107142 0.892858 0
0.000101037 0.639938 0.359961
0.311884 0.108907 0.579209
0.0343355 0.107298 0.858367
0.517178 0.000103419 0.482718
0.00010339 0.517178 0.482718
9.98566e-05 0.9999 0
0.749896 0.000102209 0.250002
9.75771e-05 9.71541e-05 0.999805
0.357144 0.642856 0
0.9999 9.99853e-05 0
0.586148 0.103461 0.310391
0.233333 0.766667 0
0.448277 0.206895 0.344828
0.249998 0.5 0.250002
0.689663 0.034483 0.275854
0.187165 0.299465 0.51337
0.102273 0.647725 0.250002
0.0356386 0.712789 0.251573
0.00010333 0.275834 0.724063
0.333332 0.333332 0.333336
0.892857 0.107143 0
0.482759 0.517241 0
0.124017 0.175197 0.700786
0.76 0.24 0
0.413799 0.137931 0.44827
0.148149 0.444442 0.407409
0.241354 0.000103212 0.758543
0.275863 0.0344823 0.689654
0.499999 0.249999 0.250002
0.285713 0.428575 0.285712
0.551725 0.448275 0
0.607082 0.000101178 0.392817
0.137929 0.275873 0.586198
0.344801 0.0689553 0.586244
0.172415 0.517238 0.310347
0.827578 0.172422 0
0.0689655 0.310345 0.62069
0.689655 0.310345 0
0.172413 0.827587 0
0.172416 0.344831 0.482753
0.423075 0.576925 0
0.0681036 0.250864 0.681032
0.482758 0.137932 0.37931
0.137934 0.0689681 0.793098
0.344854 0.137925 0.517221
0.300001 0.699999 0
0.409939 0.0683267 0.521734
0.0679678 0.543688 0.388344
0.379272 0.000103353 0.620625
0.613635 0.136363 0.250002
6.98876e-05 0.0666599 0.93327
0.206873 0.0689574 0.724169
0.933336 0.0666641 0
0.172413 0.206897 0.62069
0.0666643 0.933336 0
0.241383 0.206896 0.551721
0.000100389 0.464244 0.535655
0.517238 0.172415 0.310347
0.502394 0.0669861 0.43062
0.655105 0.000103303 0.344792
0.214284 0.142856 0.64286
0.103447 0.13793 0.758623
0.285713 0.285713 0.428575
0.241378 0.379312 0.37931
0.6 0.4 0
0.100192 0.432246 0.467562
0.0666611 6.87094e-05 0.93327
0.448281 0.275865 0.275854
0.000102203 0.749896 0.250002
0.44823 0.000103339 0.551667
0.206897 0.448271 0.344832
