0.206871 0.448291 0.344838
0.482991 0.137366 0.379643
0.600005 0.399995 0
0.275822 0.172433 0.551745
0.199997 0.800003 0
0.137917 0.344844 0.51724
0.133355 0.866645 0
0.866639 0.133361 0
0.480007 0.519993 0
8.48619e-05 0.166668 0.833248
0.517205 0.172414 0.310382
0.0333262 0.966674 0
0.966668 0.0333316 0
9.75218e-05 0.655105 0.344797
0.413843 0.275794 0.310363
0.274203 0.254059 0.471738
0.448273 0.551727 0
0.655439 0.0688167 0.275744
0.0688578 0.38023 0.550913
0.536104 0.213896 0.25
0.103473 0.586108 0.310419
0.0666669 0.933333 0
0.10303 0.448497 0.448473
0.000102466 0.214268 0.78563
0.137909 0.000103367 0.861988
0.407258 0.185133 0.407608
0.148127 0.444519 0.407353
0.000103395 0.517189 0.482708
0.137931 0.482747 0.379322
0.000100979 0.749899 0.25
0.892861 0.107139 0
0.502533 0.0669874 0.43048
0.639954 9.17581e-05 0.359954
0.137935 0.068964 0.793101
0.134115 0.396784 0.469101
0.107141 0.892859 0
0.344804 0.0689629 0.586233
0.607318 0.142682 0.25
0.0343352 0.107301 0.858364
0.629628 0.370372 0
0.370412 0.629588 0
0.214272 0.142845 0.642883
0.51718 0.000103426 0.482717
0.448285 0.206882 0.344833
0.9999 9.99125e-05 0
0.269228 0.730772 0
0.311975 0.108637 0.579387
7.5251e-05 8.73827e-05 0.999837
9.99577e-05 0.9999 0
0.517241 0.482759 0
0.187134 0.299463 0.513403
0.000102422 0.275833 0.724065
0.241347 0.000103085 0.75855
0.933334 0.0666657 0
0.333336 0.333331 0.333333
0.206857 0.0689531 0.72419
0.249995 0.500005 0.25
0.123777 0.175243 0.70098
0.239977 0.760023 0
0.766675 0.233325 0
0.172413 0.827587 0
0.586197 0.0344568 0.379346
0.000103173 0.346145 0.653752
0.034484 0.689661 0.275855
9.0394e-05 0.41375 0.586159
0.379269 0.000100462 0.620631
0.712784 0.0356401 0.251576
4.36025e-05 0.0666533 0.933303
0.482771 0.241374 0.275855
0.207749 0.413351 0.3789
0.551723 0.103444 0.344832
0.136364 0.613636 0.25
0.433052 0.0667267 0.500222
0.689657 0.310343 0
0.000101095 0.607076 0.392823
0.310317 0.689683 0
0.749898 0.000102259 0.25
0.103421 0.137901 0.758678
0.827575 0.172425 0
0.275833 0.379332 0.344835
0.0682768 0.249023 0.6827
0.250004 0.21429 0.535706
0.275873 0.0344776 0.68965
9.6707e-05 0.464228 0.535675
0.137882 0.276118 0.586
0.241365 0.344842 0.413794
0.571433 0.428567 0
0.285739 0.428595 0.285666
0.172433 0.517185 0.310382
0.0669671 0.502447 0.430586
0.346947 0.137492 0.51556
0.344765 0.275913 0.379322
0.0665847 0.0332492 0.900166
0.448239 0.000102792 0.551658
0.730764 0.269236 0
0.40001 0.59999 0
0.172403 0.206884 0.620713
0.0689602 0.310327 0.620713
0.392857 0.357143 0.25
0.413939 0.137675 0.448386
