0.482759 0.137931 0.37931
0.6 0.4 0
0.2 0.8 0
0.275859 0.172414 0.551727
0.137933 0.482757 0.37931
0.13793 0.344826 0.517244
0.133336 0.866664 0
0.866665 0.133335 0
0.48 0.52 0
0.000103406 0.41375 0.586146
0.517242 0.172413 0.310345
9.90665e-05 0.166649 0.833252
0.17241 0.379312 0.448278
0.344826 0.0689617 0.586213
0.26923 0.73077 0
0.586143 0.000103367 0.413753
0.0333316 0.966668 0
0.966668 0.0333322 0
0.0689649 0.310345 0.62069
0.448272 0.551728 0
0.273176 0.254389 0.472436
0.103454 0.586185 0.310361
0.000103431 0.517188 0.482709
0.000102474 0.214264 0.785634
0.379271 0.000103439 0.620625
0.407407 0.185185 0.407408
0.275861 0.379311 0.344828
0.000102251 0.749898 0.25
0.0689654 0.379311 0.551723
0.892857 0.107143 0
0.000100401 0.464239 0.53566
0.107143 0.892857 0
0.37037 0.62963 0
0.0343354 0.107321 0.858344
0.137914 0.000103437 0.861982
0.187187 0.299458 0.513355
0.766669 0.233331 0
0.392858 0.357142 0.25
0.517188 0.000103437 0.482709
0.068103 0.250899 0.680998
0.517241 0.482759 0
0.249999 0.500001 0.25
0.333335 0.333334 0.333331
0.44823 0.000103406 0.551667
0.62963 0.37037 0
0.000103163 0.346121 0.653776
0.311849 0.108658 0.579493
9.92633e-05 9.92383e-05 0.999801
0.71279 0.035637 0.251573
0.607142 0.142858 0.25
0.400001 0.599999 0
0.344826 0.206896 0.448278
0.12376 0.175248 0.700992
0.639936 0.00010097 0.359963
0.9999 9.99689e-05 0
0.239998 0.760002 0
0.0344828 0.689657 0.27586
0.48276 0.24138 0.27586
0.432436 0.0667726 0.500791
0.241354 0.000103394 0.758542
0.551725 0.103447 0.344828
9.99846e-05 0.9999 0
0.344829 0.275861 0.37931
0.214286 0.142857 0.642856
0.172402 0.103441 0.724157
0.689656 0.310344 0
0.730769 0.269231 0
0.000101173 0.607082 0.392817
0.172416 0.827584 0
0.535714 0.214286 0.25
0.310342 0.689658 0
0.827585 0.172415 0
0.0666661 0.0333041 0.90003
0.100638 0.39617 0.503192
0.137928 0.0689639 0.793108
0.0669818 0.502396 0.430623
0.207762 0.413342 0.378897
0.249999 0.214285 0.535716
0.136363 0.613637 0.25
0.57143 0.42857 0
8.23836e-05 0.0666519 0.933266
0.066667 0.933333 0
0.93333 0.0666703 0
0.148141 0.444472 0.407388
0.27586 0.0344813 0.689659
0.502393 0.0669845 0.430623
0.137931 0.275863 0.586206
0.285713 0.428571 0.285716
0.241379 0.344828 0.413794
0.172407 0.517245 0.310347
0.103448 0.13793 0.758621
0.344832 0.137931 0.517237
0.749898 0.000102224 0.25
0.448275 0.206897 0.344828
0.620691 0.0689634 0.310345
0.000103407 0.275833 0.724064
0.172414 0.206896 0.62069
0.000103386 0.655105 0.344792
0.413792 0.13793 0.448278
0.413793 0.275862 0.310345
