0.639995 0.360005 0
0.399961 9.43619e-05 0.599945
0.200001 0.799999 0
0.448279 0.103446 0.448275
0.37931 0.310345 0.310345
0.699998 0.300002 0
0.379148 0.206822 0.41403
0.133335 0.866665 0
0.482758 0.137931 0.37931
0.137932 0.24138 0.620688
0.0689654 0.551724 0.37931
0.269231 0.730769 0
0.566664 0.433336 0
0.766666 0.233334 0
0.0333293 0.966671 0
0.966667 0.0333334 0
0.275862 0.413793 0.310345
9.99872e-05 0.733262 0.266638
0.444576 0.259027 0.296397
0.240001 0.240001 0.519999
0.933331 0.066669 0
0.607143 0.392857 0
0.586047 0.103488 0.310465
0.105589 0.260876 0.633536
0.140622 0.507825 0.351554
9.98494e-05 0.233311 0.766589
0.000102659 0.178553 0.821345
0.147734 0.409088 0.443178
0.482758 0.517242 0
0.178553 0.000102667 0.821345
0.310343 0.689657 0
0.0689897 0.0344819 0.896528
0.366666 0.633334 0
0.204196 0.544498 0.251305
9.99472e-05 0.9999 0
0.535714 0.214286 0.25
0.260872 0.10559 0.633539
0.73077 0.26923 0
0.000103417 0.482709 0.517188
0.629566 0.000100991 0.370333
0.000102436 0.615326 0.384571
9.97225e-05 9.13879e-05 0.999809
0.214277 0.392863 0.39286
0.9999 9.99725e-05 0
0.409087 0.147735 0.443178
0.428567 0.571433 0
0.0357157 0.714284 0.25
0.272194 0.306421 0.421385
0.714286 0.0357143 0.25
0.000103438 0.310313 0.689583
0.240001 0.759999 0
0.124999 0.124999 0.750001
0.319957 0.000101984 0.679941
0.0666656 0.933334 0
0.0340901 0.386363 0.579547
0.38631 0.0340939 0.579596
0.517374 0.0689455 0.41368
0.733263 9.98858e-05 0.266638
0.172418 0.827582 0
0.8 0.2 0
0.102766 0.610112 0.287122
0.53846 0.46154 0
0.172413 0.172413 0.655173
0.107143 0.892857 0
0.666665 0.333335 0
0.482709 0.000103431 0.517188
0.0344811 0.103446 0.862073
0.4 0.6 0
0.250002 0.464282 0.285717
0.32143 0.178565 0.500005
0.206994 0.068957 0.724049
0.357145 0.392855 0.25
0.0333333 0.533336 0.433331
0.333333 0.333333 0.333333
0.172415 0.310347 0.517238
0.857143 0.142857 0
0.0689614 0.206939 0.724099
0.206896 0.206896 0.586209
0.464308 0.178543 0.357149
0.613642 0.136358 0.25
0.24138 0.137931 0.620688
0.357083 0.250061 0.392856
0.103448 0.34483 0.551722
0.344951 0.103429 0.55162
0.428576 0.321424 0.25
0.56661 9.99517e-05 0.43329
0.13793 0.379309 0.482761
0.103446 0.103446 0.793107
0.0666653 0.466658 0.466677
0.655172 0.0689653 0.275863
0.899998 0.100002 0
0.233311 9.98503e-05 0.766589
9.99141e-05 0.0666651 0.933235
0.0344808 0.655174 0.310345
0.133322 9.99874e-05 0.866578
0.482759 0.241379 0.275863
0.246481 0.287035 0.466485
0.170452 0.579548 0.25
0.000101489 0.357106 0.642792
0.430622 0.0669857 0.502392
