0.137929 0.48276 0.37931
0.399999 0.600001 0
0.483977 0.137606 0.378417
0.86666 0.13334 0
0.133335 0.866665 0
0.344827 0.172414 0.482759
0.206896 0.344827 0.448277
0.379311 0.275861 0.344828
0.172414 0.517242 0.310345
0.166652 9.99889e-05 0.833248
0.730769 0.269231 0
0.000103356 0.586145 0.413752
0.0333319 0.966668 0
0.966667 0.0333333 0
0.310345 0.0689645 0.620691
0.655105 0.000103425 0.344792
0.551721 0.448279 0
0.254045 0.274158 0.471798
0.0333285 0.066657 0.900015
0.357144 0.392856 0.25
0.517243 0.172412 0.310346
0.586077 0.103481 0.310442
0.214263 0.000102462 0.785634
0.396854 0.134136 0.46901
0.749898 0.000102257 0.25
0.333334 0.333333 0.333333
0.107142 0.892858 0
0.000100994 0.639934 0.359965
0.892856 0.107144 0
0.37037 0.62963 0
0.107294 0.0343354 0.858371
0.8 0.2 0
0.299464 0.187168 0.513368
0.41375 0.000103426 0.586146
0.10346 0.551675 0.344865
0.629628 0.370372 0
0.108646 0.311907 0.579447
0.275864 0.137931 0.586205
0.0689576 0.344825 0.586218
0.42857 0.57143 0
0.517188 0.000103435 0.482709
0.379319 0.0689633 0.551718
0.241379 0.482759 0.275862
0.185182 0.407406 0.407411
0.0668266 0.431975 0.501198
0.142867 0.607133 0.25
0.5 0.25 0.25
0.275863 0.344827 0.37931
0.000103412 0.379272 0.620625
0.689673 0.0344808 0.275846
0.00010341 0.241354 0.758542
0.275831 0.000103414 0.724066
0.444447 0.148147 0.407406
9.99532e-05 0.9999 0
0.172414 0.275862 0.551724
0.103447 0.172412 0.72414
0.760001 0.239999 0
7.3171e-05 9.11009e-05 0.999836
0.233328 0.766672 0
0.448277 0.103446 0.448277
0.482759 0.517241 0
0.0669842 0.502392 0.430624
0.0356363 0.71279 0.251574
0.346117 0.000103222 0.653779
0.310342 0.689658 0
0.9999 9.99765e-05 0
0.137931 0.413794 0.448275
0.607081 0.00010118 0.392818
0.613638 0.136362 0.25
0.827585 0.172415 0
0.689656 0.310344 0
0.000102209 0.749898 0.25
0.172416 0.827584 0
0.175243 0.123782 0.700974
0.250891 0.0681009 0.681008
0.000103432 0.517188 0.482709
0.275862 0.413794 0.310345
0.0689661 0.137932 0.793102
0.413793 0.206897 0.37931
0.0666679 9.99881e-05 0.933232
0.933333 0.0666666 0
0.0666677 0.933332 0
0.214282 0.249997 0.535721
0.0344813 0.275865 0.689654
0.464237 0.000100421 0.535663
0.214287 0.535713 0.25
0.344829 0.241378 0.413792
0.000103434 0.44823 0.551667
0.428571 0.285714 0.285714
0.52 0.48 0
0.502393 0.0669833 0.430624
0.142856 0.214285 0.642859
0.13793 0.103447 0.758622
0.000103415 0.137919 0.861977
0.206898 0.44827 0.344831
0.137881 0.345067 0.517052
0.0689658 0.620688 0.310346
0.269232 0.730768 0
0.6 0.4 0
0.206897 0.172407 0.620696
