0.6 0.4 0
0.275862 0.172413 0.551724
0.2 0.8 0
0.137931 0.482758 0.379311
0.413794 0.310342 0.275863
0.133342 0.866658 0
0.866666 0.133334 0
0.103443 0.448278 0.448279
0.275862 0.37931 0.344828
0.480001 0.519999 0
9.99901e-05 0.166656 0.833244
0.344828 0.068962 0.58621
0.269231 0.730769 0
0.586146 0.000103439 0.41375
0.966669 0.0333314 0
0.0333328 0.966667 0
0.310345 0.310345 0.379311
0.344827 0.241379 0.413794
0.000103432 0.413749 0.586147
0.0689655 0.310343 0.620691
0.448276 0.551724 0
0.274265 0.254009 0.471726
0.392853 0.357147 0.25
0.137916 0.00010343 0.861981
0.379271 0.000103431 0.620626
0.0689669 0.379309 0.551724
9.9943e-05 0.9999 0
0.407406 0.185185 0.407409
0.148148 0.444446 0.407406
0.00010224 0.749898 0.25
0.607142 0.142858 0.25
0.892859 0.107141 0
0.63994 0.000101016 0.359959
0.44823 0.000103357 0.551667
0.000102431 0.214262 0.785636
0.187181 0.29946 0.513359
0.172412 0.206897 0.620691
0.370372 0.629628 0
0.311942 0.108641 0.579417
0.517188 0.000103438 0.482709
0.241358 0.000103407 0.758539
0.48276 0.24138 0.275859
9.886e-05 8.8789e-05 0.999812
0.9999 9.99878e-05 0
0.25 0.5 0.25
0.103454 0.586201 0.310345
0.123713 0.175258 0.701029
0.214283 0.142856 0.642861
0.517243 0.172412 0.310345
0.239999 0.760001 0
0.766668 0.233332 0
0.207028 0.413726 0.379246
0.0344818 0.689664 0.275854
0.107142 0.892858 0
0.712789 0.0356393 0.251572
0.0343343 0.107308 0.858357
0.000103427 0.275833 0.724064
0.000103192 0.346118 0.653779
0.551724 0.103448 0.344828
0.689655 0.310345 0
0.000101027 0.607079 0.39282
0.344843 0.137928 0.517229
0.172415 0.827585 0
0.310344 0.689656 0
0.749898 0.000102196 0.25
0.433332 0.0666669 0.500002
0.827586 0.172414 0
0.0681106 0.250787 0.681103
0.137931 0.0689653 0.793104
0.413794 0.13793 0.448276
0.629631 0.370369 0
0.136364 0.613636 0.25
0.0666296 0.0333345 0.900036
0.571431 0.428569 0
0.000100005 0.0666683 0.933232
0.0666665 0.933333 0
0.933334 0.0666659 0
0.250001 0.21428 0.535719
0.275865 0.0344816 0.689653
0.000100416 0.46424 0.535659
0.502392 0.0669857 0.430622
0.730769 0.269231 0
0.137931 0.275864 0.586204
0.535712 0.214288 0.25
0.241377 0.344829 0.413794
0.285713 0.42857 0.285716
0.000103434 0.517188 0.482709
0.172414 0.517242 0.310345
0.06698 0.502395 0.430625
0.379306 0.275864 0.34483
0.103444 0.137927 0.758629
0.620691 0.0689635 0.310345
0.134233 0.39681 0.468957
0.51724 0.48276 0
0.172413 0.103447 0.724139
0.172413 0.344826 0.482761
0.448277 0.206895 0.344828
0.4 0.6 0
0.333332 0.333332 0.333336
0.000103438 0.655105 0.344792
