9.58675e-05 0.0333217 0.966582
0.241384 0.13793 0.620686
0.241378 0.48276 0.275862
0.482759 0.241379 0.275862
0.37931 0.310344 0.310346
0.37931 0.206897 0.413793
0.413794 0.241378 0.344828
0.699992 0.300008 0
0.37931 0.137931 0.482759
0.200004 0.799996 0
0.482761 0.137928 0.379311
0.392857 0.607143 0
0.566667 0.433333 0
0.766667 0.233333 0
0.966667 0.0333329 0
0.172414 0.275863 0.551723
0.266667 0.733333 0
0.27585 0.344833 0.379317
0.655174 0.0689633 0.275863
0.0999913 9.99609e-05 0.899909
0.535717 0.214283 0.25
0.586204 0.103449 0.310347
0.260871 0.10559 0.633539
0.333334 0.333334 0.333332
0.000103205 0.653779 0.346118
0.607143 0.392857 0
0.409087 0.147728 0.443184
0.299966 9.99908e-05 0.699934
0.357143 0.642857 0
0.107142 0.892858 0
0.24 0.24 0.520001
0.25 0.392857 0.357142
0.103447 0.103447 0.793106
0.933333 0.0666667 0
0.857143 0.142857 0
0.344828 0.275862 0.37931
9.98515e-05 9.71363e-05 0.999803
0.482759 0.517241 0
0.166667 0.833333 0
0.142858 0.428572 0.428571
0.482709 0.000103437 0.517188
0.430621 0.0669868 0.502392
0.9999 9.99902e-05 0
0.357143 0.392857 0.25
0.14292 0.0342846 0.822795
0.0740731 0.185181 0.740746
0.714285 0.0357148 0.25
0.23333 0.76667 0
0.0333318 0.966668 0
0.3 0.7 0
0.379339 0.034481 0.58618
0.730772 0.269228 0
0.0356385 0.71279 0.251572
0.0344825 0.275861 0.689656
0.105252 0.298312 0.596435
0.000103222 0.346123 0.653774
0.613636 0.136364 0.25
0.517264 0.0689619 0.413774
0.0689508 0.655246 0.275803
0.204542 0.545458 0.25
0.444808 0.258637 0.296554
0.0679167 0.388769 0.543315
0.321429 0.214286 0.464285
0.733263 9.99298e-05 0.266637
0.0689648 0.448276 0.482759
0.172413 0.137931 0.689656
0.799997 0.200003 0
0.423077 0.576923 0
0.538463 0.461537 0
9.99757e-05 0.9999 0
0.666667 0.333333 0
0.000103435 0.517188 0.482709
0.000103432 0.241355 0.758542
0.000102248 0.749898 0.25
0.103447 0.586206 0.310346
0.214285 0.321428 0.464287
0.0672642 0.538116 0.39462
0.17426 0.487937 0.337803
0.0666655 0.933334 0
0.206876 0.000103351 0.793021
0.448279 0.103441 0.44828
0.206895 0.206895 0.58621
0.629567 0.000100999 0.370332
9.99926e-05 0.433276 0.566624
0.0333331 0.0666667 0.9
0.34483 0.103448 0.551723
0.464287 0.178571 0.357142
0.136364 0.613636 0.25
0.285714 0.464286 0.25
0.103447 0.241376 0.655176
0.13793 0.344828 0.517242
0.206902 0.0689648 0.724133
0.428573 0.321427 0.25
0.56661 9.99756e-05 0.43329
0.000103414 0.137916 0.86198
0.357101 0.000101484 0.642797
0.899997 0.100003 0
0.000103413 0.586146 0.41375
0.275863 0.172414 0.551723
0.0333339 0.166669 0.799997
