0.571359 0.000100638 0.42854
0.133334 0.866666 0
0.241368 0.482784 0.275848
0.448287 0.241372 0.31034
0.310345 0.310346 0.379309
0.379306 0.172408 0.448285
0.700002 0.299998 0
0.137928 0.206893 0.655179
0.166678 0.100005 0.733317
0.392857 0.607143 0
7.85525e-05 0.166653 0.833269
0.0685389 0.657275 0.274186
0.44829 0.0689497 0.482761
0.566671 0.433329 0
0.766671 0.233329 0
0.0333375 0.966663 0
0.966672 0.0333278 0
0.266666 0.733334 0
0.639995 0.360005 0
0.379325 0.344819 0.275856
0.655174 0.0689674 0.275859
0.249999 0.392858 0.357142
0.357149 0.392851 0.25
0.0677767 0.39003 0.542193
0.000103161 0.653778 0.346118
0.0689413 0.241404 0.689655
0.142865 0.428566 0.428569
8.21433e-05 9.69436e-05 0.999821
0.344832 0.0689643 0.586203
0.174261 0.487937 0.337802
0.357145 0.642855 0
0.0343342 0.107292 0.858374
0.857136 0.142864 0
0.239999 0.24 0.520001
0.482709 0.000103337 0.517188
0.933333 0.0666667 0
0.000103153 0.517188 0.482709
0.428572 0.142858 0.428571
0.586215 0.103445 0.31034
0.629565 0.00010099 0.370334
0.000102393 0.21427 0.785627
0.103447 0.586212 0.310341
0.482763 0.517237 0
0.0666683 0.933332 0
0.714283 0.0357171 0.25
9.3748e-05 0.06666 0.933246
9.98928e-05 0.9999 0
0.137934 0.068964 0.793102
0.104885 0.300756 0.594359
0.124768 0.168207 0.707024
0.035638 0.712786 0.251575
0.333332 0.333332 0.333336
0.9999 9.98511e-05 0
0.000103435 0.275829 0.724068
0.233324 0.766676 0
0.607144 0.392856 0
0.730769 0.269231 0
0.214287 0.142854 0.642858
0.233336 9.99968e-05 0.766564
0.204547 0.545453 0.25
0.107141 0.892859 0
0.00010321 0.346118 0.653779
0.800002 0.199998 0
0.392855 0.249999 0.357145
0.733262 9.97377e-05 0.266639
0.166651 9.30806e-05 0.833256
0.166678 0.833322 0
0.423077 0.576923 0
0.310341 0.206901 0.482758
0.538461 0.461539 0
0.300006 0.699994 0
0.464287 0.285713 0.25
0.2 0.8 0
0.000101881 0.749898 0.25
0.533358 0.0333273 0.433314
0.310307 0.000103414 0.689589
0.214265 0.32142 0.464315
0.0672636 0.538113 0.394623
0.275852 0.103451 0.620697
0.413784 0.03448 0.551736
0.48276 0.172419 0.344822
0.275862 0.172413 0.551725
9.00633e-05 0.433266 0.566644
0.136365 0.613635 0.25
0.613637 0.136363 0.25
0.285697 0.464303 0.25
0.24138 0.068955 0.689665
0.379272 0.000103312 0.620625
0.103447 0.137929 0.758624
0.172413 0.241384 0.586203
0.666664 0.333336 0
0.285712 0.285712 0.428576
0.535716 0.214284 0.25
0.137958 0.344816 0.517225
0.379345 0.103442 0.517212
0.103425 0.000103217 0.896472
0.517179 0.103453 0.379368
0.899994 0.100006 0
0.000103435 0.586146 0.41375
0.0689658 0.448273 0.482761
