0.379311 0.275861 0.344828
0.275861 0.103445 0.620694
0.310344 0.310344 0.379312
0.48276 0.137928 0.379312
0.86666 0.13334 0
0.133338 0.866662 0
0.137931 0.482756 0.379312
0.241373 0.310335 0.448292
0.519993 0.480007 0
9.40807e-05 0.16665 0.833256
0.0689655 0.62069 0.310345
0.44828 0.241378 0.310343
0.730766 0.269234 0
0.344827 0.0689622 0.586211
0.00010343 0.586143 0.413754
0.413796 0.137931 0.448273
0.966671 0.0333293 0
0.0333309 0.966669 0
0.321428 0.214286 0.464286
0.137931 0.586206 0.275863
0.444445 0.148148 0.407407
0.300009 0.699991 0
0.749898 0.000102156 0.25
0.551725 0.448275 0
0.214285 0.142857 0.642858
0.0689626 0.379332 0.551706
0.107141 0.892859 0
0.357142 0.642858 0
0.892857 0.107143 0
0.0666687 0.933331 0
0.187194 0.299455 0.513351
0.0343349 0.107299 0.858367
0.517188 0.000103433 0.482709
0.000102437 0.214264 0.785633
0.137913 0.000103416 0.861983
0.502394 0.0669822 0.430624
0.629629 0.370371 0
0.233334 0.766666 0
0.241354 0.000103302 0.758543
9.8487e-05 9.89276e-05 0.999803
0.586169 0.103458 0.310373
0.689654 0.0344831 0.275863
9.9985e-05 0.9999 0
0.357142 0.392858 0.25
0.123782 0.175244 0.700975
0.401219 0.234043 0.364738
0.379271 0.000103429 0.620625
0.5 0.25 0.25
0.655103 0.000103354 0.344794
0.266669 0.733331 0
0.311934 0.108763 0.579303
0.689658 0.310342 0
0.0356441 0.712785 0.251571
0.9999 9.99906e-05 0
0.000103201 0.346119 0.653778
0.48276 0.51724 0
0.0681292 0.250593 0.681278
0.333332 0.333332 0.333336
0.607078 0.000101173 0.39282
0.000102113 0.749898 0.25
0.827586 0.172414 0
0.172414 0.827586 0
0.423069 0.576931 0
0.799997 0.200003 0
0.241379 0.379309 0.379312
0.13793 0.068965 0.793105
0.0666667 0.0333334 0.9
0.409938 0.068323 0.521739
0.0679607 0.543691 0.388349
0.000103435 0.275828 0.724069
0.613636 0.136364 0.25
0.000100989 0.639935 0.359964
0.102277 0.647723 0.25
8.41905e-05 0.0666556 0.93326
0.933333 0.0666672 0
0.275866 0.0344821 0.689652
0.24138 0.206896 0.551724
0.000100432 0.464239 0.535661
0.517241 0.172414 0.310345
0.000103436 0.413748 0.586148
0.137928 0.275879 0.586193
0.285715 0.285715 0.428571
0.249999 0.500001 0.25
0.172414 0.51724 0.310345
0.172415 0.344827 0.482758
0.103448 0.137931 0.758621
0.413794 0.310343 0.275863
0.27586 0.413797 0.310343
0.760001 0.239999 0
0.100256 0.431885 0.46786
0.345119 0.13787 0.51701
0.000103389 0.517188 0.482709
0.448231 0.00010331 0.551665
0.6 0.4 0
0.392859 0.607141 0
0.206898 0.448273 0.344829
0.172415 0.206891 0.620694
0.206896 0.0689653 0.724139
0.148148 0.444445 0.407407
0.0689652 0.310343 0.620692
