0.6 0.4 0
0.482758 0.137931 0.379311
0.2 0.8 0
0.133339 0.866661 0
0.866667 0.133333 0
0.172411 0.344823 0.482766
0.103439 0.448281 0.448279
0.344823 0.206898 0.448279
0.275862 0.37931 0.344828
0.480003 0.519997 0
0.517242 0.172413 0.310345
9.8987e-05 0.166649 0.833252
0.344831 0.0689624 0.586206
0.137932 0.482761 0.379308
0.269229 0.730771 0
0.586151 0.000103291 0.413746
0.966666 0.033334 0
0.0333321 0.966668 0
0.0689651 0.310345 0.62069
0.206886 0.448291 0.344823
0.273031 0.25444 0.47253
0.0689588 0.379371 0.55167
0.00010245 0.214265 0.785632
0.551724 0.103448 0.344828
0.103459 0.586195 0.310346
0.344833 0.13793 0.517237
0.379272 0.000103412 0.620625
0.73077 0.26923 0
0.148149 0.444446 0.407405
0.607135 0.142865 0.25
0.000102238 0.749898 0.25
0.892857 0.107143 0
0.000103425 0.517188 0.482709
0.107145 0.892855 0
0.629626 0.370374 0
0.187163 0.299463 0.513374
0.0343358 0.107296 0.858368
0.000103425 0.413746 0.58615
0.370375 0.629625 0
0.311972 0.108636 0.579392
0.639939 0.000101019 0.35996
9.99317e-05 0.9999 0
0.0344815 0.689661 0.275857
0.333332 0.333333 0.333335
0.448232 0.000103407 0.551665
0.24135 0.000103417 0.758546
0.689665 0.310335 0
0.448275 0.551725 0
0.50239 0.0669872 0.430623
0.482757 0.241386 0.275857
0.000103223 0.346122 0.653774
0.517239 0.482761 0
0.239999 0.760001 0
0.766672 0.233328 0
0.123782 0.175244 0.700975
0.392856 0.357144 0.25
0.9999 9.99652e-05 0
0.517188 0.000103428 0.482709
0.25 0.5 0.25
0.137954 0.0344817 0.827564
0.712787 0.0356403 0.251573
0.214281 0.142854 0.642866
0.535717 0.214283 0.25
0.000101139 0.60708 0.392819
0.172416 0.827584 0
0.136363 0.613637 0.25
0.310345 0.689655 0
0.749898 0.000102233 0.25
0.285714 0.428572 0.285714
0.431991 0.0668247 0.501184
0.827586 0.172414 0
0.0681068 0.250862 0.681031
0.1 9.99953e-05 0.8999
0.275849 0.172414 0.551737
0.206898 0.413792 0.37931
0.571429 0.428571 0
0.0666664 0.933334 0
0.407405 0.185184 0.407411
0.933334 0.0666661 0
9.87913e-05 9.9917e-05 0.999801
0.103447 0.137932 0.75862
0.275859 0.0344819 0.689659
0.249999 0.214281 0.53572
9.79561e-05 0.0666593 0.933243
0.000100426 0.464239 0.535661
0.137931 0.275866 0.586204
0.241383 0.344831 0.413786
0.13421 0.396822 0.468969
0.172414 0.517241 0.310345
0.0669893 0.502391 0.430619
0.448275 0.206897 0.344828
0.34483 0.275862 0.379308
0.620695 0.0689573 0.310348
0.413794 0.275862 0.310345
0.206895 0.0689649 0.72414
0.000103432 0.275831 0.724066
0.4 0.6 0
0.172414 0.206896 0.62069
0.413793 0.137931 0.448276
0.000103432 0.65511 0.344786
