6.36701e-19 0.0120203 0.98798
2.456e-18 0.601768 0.398232
9.7342e-19 0.613127 0.386873
6.7825e-19 0.51516 0.48484
0.297506 0.00015309 0.735857
4.45227e-16 0.53745 0.46255
9.38467e-17 0.636972 0.363028
7.14537e-18 0.795633 0.204367
4.49585e-18 0.218657 0.781343
5.3255e-17 0.918386 0.0816138
7.49951e-18 0.857737 0.142263
3.90394e-17 0.206357 0.793643
5.92595e-16 0.41038 0.58962
2.0563e-18 0.23089 0.76911
9.75829e-20 0.758552 0.241448
5.09208e-18 0.324278 0.675722
6.94267e-18 0.906453 0.0935467
4.88757e-20 0.8823 0.1177
1.02925e-17 0.301713 0.698287
3.65282e-19 0.733995 0.266005
1.15765e-17 0.279236 0.720764
7.05897e-20 0.548723 0.451277
5.62402e-16 0.38947 0.61053
4.03404e-17 0.157332 0.842668
2.41844e-19 0.721853 0.278147
0.384238 0.0821581 0.590516
3.64921e-17 0.930283 0.0697169
1.21555e-18 0.084843 0.915157
6.77282e-20 0.526479 0.473521
4.42876e-18 0.942053 0.0579466
1.244e-18 0.0605023 0.939498
1.35921e-17 0.255634 0.744366
8.62573e-20 0.441073 0.558927
6.84995e-17 0.649393 0.350607
1.23876e-18 0.493686 0.506314
5.22747e-19 0.36833 0.63167
0.30033 0.747232 0
0.399846 0.653295 0.0486742
6.62417e-20 0.673571 0.326429
1.79245e-15 0.870065 0.129935
1.13654e-18 0.29046 0.70954
0 0.783298 0.216702
1.42493e-18 0.770887 0.229113
1.05232e-15 0.833067 0.166933
4.95452e-20 0.894386 0.105614
6.23268e-18 0.313033 0.686967
6.99478e-17 0.953776 0.046224
0.383009 0.503455 0.18009
1.59789e-18 0.451485 0.548515
7.92479e-19 0.194173 0.805827
4.19648e-20 0.504425 0.495575
1.0876e-19 0.845436 0.154564
6.45796e-19 0.559639 0.440361
5.7638e-18 0.661539 0.338461
2.94232e-17 0.709716 0.290284
5.15145e-18 0.591256 0.408744
7.74744e-17 0.335494 0.664506
3.76864e-16 0.243297 0.756703
5.64184e-20 0.109153 0.890847
9.6003e-20 0.746271 0.253729
1.4812e-19 0.624811 0.375189
1.11996e-16 0.0483077 0.951692
1.16281e-18 0.685595 0.314405
1.26592e-18 0.357687 0.642313
6.5192e-18 0.133201 0.866799
2.75397e-17 0.169576 0.830424
4.39876e-19 0.472303 0.527697
1.79309e-13 1 1.11022e-16
1.98491e-17 0.965369 0.0346313
2.7563e-18 3.68653e-18 1
5.54149e-20 0.0970346 0.902965
2.44277e-15 0.0361675 0.963833
2.13945e-18 0.820539 0.179461
0.613165 0.432858 0
0.631515 0 0.413761
1.0233e-18 0.181797 0.818203
1.54597e-19 0.121175 0.878825
6.1129e-19 0.430718 0.569282
5.47591e-20 0.988507 0.0114929
0 0.48304 0.51696
0 0.580776 0.419224
1.63475e-18 0.461899 0.538101
2.45316e-15 0.0240621 0.975938
0.407198 0.665307 0.0468446
0.40508 0.580075 0.116947
0.398564 0.258232 0.429687
3.74256e-17 0.268229 0.731771
0.298997 0.579124 0.163819
1.42963e-19 0.34666 0.65334
2.35888e-17 0.145249 0.854751
1.01391e-17 0.0726672 0.927333
9.69056e-17 0.399925 0.600075
6.0682e-16 0.420231 0.579769
4.87901e-18 0.570234 0.429766
1.34102e-18 0.378904 0.621096
1.5398e-16 0.976868 0.0231319
2.96415e-17 0.69765 0.30235
1 0 0
4.47649e-20 0.808093 0.191907
0.685781 0.338594 0
