5.32561e-13 0.521828 0.478173
6.63706e-32 2.15292e-20 1
0 0.162501 0.837499
0.307696 0.526366 0.200683
2.13584e-21 0.483304 0.516696
0.498652 0.518321 0.006814
0.427286 0.562992 0.0327017
0 0.699956 0.300044
1.53847e-21 0.117483 0.882517
0.290619 0.73994 0
0 0.0206489 0.979351
9.6282e-22 0.217869 0.782131
8.49e-21 0.545618 0.454382
0.509398 0.532947 0
0 0.960671 0.0393288
1.73799e-18 0.772169 0.227831
0 0.309588 0.690412
0 0.557302 0.442698
2.09166e-21 0.473306 0.526694
0 0.401186 0.598814
0 0.0310173 0.968983
0 0.580985 0.419015
0 0.833672 0.166328
0 0.228536 0.771464
3.71956e-19 0.652238 0.347762
0 0.493136 0.506864
6.04055e-21 0.388202 0.611798
0 0.453336 0.546664
4.13054e-21 0.934668 0.0653319
0 0.640346 0.359654
0.315537 0.714159 0.000295459
1.87134e-20 0.664157 0.335843
0 0.414208 0.585792
1.22678e-21 0.277598 0.722402
0 0.986855 0.0131448
0 0.463301 0.536699
0 0.0414757 0.958524
0 0.569139 0.430861
0 0.947617 0.0523828
1.14163e-21 0.0733678 0.926632
4.2618e-21 0.325446 0.674554
1.0837e-21 0.245222 0.754778
0.655235 0.22303 0.159419
0 0.896239 0.103761
0.696149 0.0141194 0.317965
0 0.010253 0.989747
2.22236e-21 0.502881 0.497119
0 0.821269 0.178731
0 0.440361 0.559639
3.25082e-21 0.735603 0.264397
0 0.723757 0.276243
4.06946e-21 0.261528 0.738472
0 0.196199 0.803801
0.69257 0 0.330387
0 0.0626093 0.937391
0 0.151101 0.848899
0.178501 0.235118 0.617939
0 0.20705 0.79295
1.83061e-21 0.139792 0.860208
3.79426e-21 0.858574 0.141426
2.67212e-21 0.604655 0.395345
0 0.688041 0.311959
0 0.747783 0.252217
1.50773e-21 0.341173 0.658827
1 2.22045e-16 2.66454e-15
0.43535 0 0.592376
2.2654e-21 0.51262 0.48738
3.46663e-21 0.784438 0.215562
4.01668e-21 0.908904 0.091096
1.29756e-21 0.293615 0.706385
4.07307e-21 0.921665 0.0783354
0 0.676089 0.323911
1.65423e-21 0.106311 0.893689
0.657232 0.19437 0.189719
2.81053e-16 1 1.11022e-16
0 0.128565 0.871435
0.512439 0.315023 0.20203
0 0.0520446 0.947955
0 0.870975 0.129025
0 0.372465 0.627535
0 0.628468 0.371532
0 0.356743 0.643257
3.14593e-21 0.711868 0.288132
0 0.796687 0.203313
1.31042e-21 0.0842154 0.915785
6.99409e-21 0.534094 0.465906
0 0.173824 0.826176
0 0.808958 0.191042
0 0.846128 0.153872
0 0.75997 0.24003
0 0.973765 0.0262353
0 0.616574 0.383426
0.251793 0.260506 0.554156
0.644482 0.376241 0
0 0.185147 0.814853
3.90508e-21 0.883652 0.116348
0 0.0952727 0.904727
0.596017 0 0.435755
5.59634e-21 0.427357 0.572643
0 0.592705 0.407295
