1.33297e-17 0.656843 0.343157
8.23706e-18 0.597834 0.402166
2.45029e-16 0.246317 0.753683
3.72392e-19 0.872448 0.127552
3.24384e-21 0.680538 0.319462
6.17451e-19 0.95198 0.0480204
4.19143e-16 0.421346 0.578654
1.76062e-15 0.808353 0.191647
3.545e-20 0.118073 0.881927
6.99007e-18 0.497922 0.502078
4.69109e-16 0.751335 0.248665
2.62893e-16 0.983967 0.016033
1.61836e-18 0.704171 0.295829
1.9108e-16 0.82996 0.17004
3.63459e-19 0.851521 0.148479
1.00824e-15 0.508399 0.491601
6.91168e-18 0.0423586 0.957641
2.11599e-17 0.228671 0.771329
4.45517e-16 0.200807 0.799193
5.89652e-18 0.318079 0.681921
1.05028e-15 0.529598 0.470402
3.87338e-18 0.762911 0.237089
1.22536e-18 0.0962386 0.903761
6.38893e-18 0.344641 0.655359
5.52343e-18 0.277362 0.722638
0.735529 2.24729e-13 0.318663
5.37302e-18 0.382735 0.617265
7.87335e-17 0.840721 0.159279
0.721194 0.320642 0
0.835229 0.213284 0
2.36277e-16 0.237518 0.762482
2.74675e-18 0.563206 0.436794
1.09893e-18 0.263389 0.736611
2.11287e-20 0.150237 0.849763
3.11834e-17 0.861963 0.138037
2.27506e-21 0.477294 0.522706
4.32814e-18 0.180881 0.819119
4.91439e-16 0.357358 0.642642
8.49265e-17 0.304813 0.695187
6.70558e-17 0.716025 0.283975
0.497698 0.539198 0.000203684
2.47384e-21 0.518996 0.481004
3.57539e-17 0.291425 0.708575
4.557e-16 0.33137 0.66863
1.21334e-17 0.0743605 0.925639
7.12896e-16 0.408174 0.591826
3.39611e-17 0.774413 0.225587
4.2327e-16 0.190779 0.809221
1.93143e-17 0.48742 0.51258
9.489e-19 0.16064 0.83936
1.35133e-09 1 6.77239e-15
1.39648e-18 0.727882 0.272118
2.62452e-15 0.457414 0.542586
8.99512e-16 0.90424 0.0957604
2.41884e-17 0.395442 0.604558
4.02689e-17 0.254921 0.745079
5.55876e-19 0.967892 0.0321083
0.165934 0.879199 1.93759e-05
2.79376e-21 0.586112 0.413888
4.79483e-19 0.0317062 0.968294
3.50324e-20 0.73963 0.26037
9.1193e-16 0.633193 0.366807
5.04035e-16 0.370062 0.629938
0.495472 0.484595 0.0524182
2.20536e-17 0.609601 0.390399
1.74108e-14 0.668706 0.331294
8.01396e-16 0.139671 0.860329
2.2482e-17 0.621442 0.378558
4.45471e-16 0.447812 0.552188
4.06526e-22 0.0852865 0.914714
4.68418e-22 0.0211265 0.978873
1.364e-18 0.107127 0.892873
1 0 0
0.444005 0.618205 0
0.413988 0.436153 0.198786
0 0.0529007 0.947099
2.57636e-21 0.540503 0.459497
1.80021e-17 0.0635806 0.936419
1.00969e-18 0.170932 0.829068
9.15269e-16 0.920079 0.0799206
6.55171e-20 0.645013 0.354987
1.01254e-19 0.210487 0.789513
9.53807e-18 0.574683 0.425317
3.90492e-21 0.819227 0.180773
1.20989e-15 0.797236 0.202764
7.03253e-20 0.692349 0.307651
0.526432 0.231318 0.328532
4.32294e-16 0.434566 0.565434
0.247467 0.266123 0.556252
3.3902e-18 0.88844 0.11156
4.15164e-19 0.467235 0.532765
2.34321e-22 0.0105683 0.989432
2.63057e-21 0.551876 0.448124
1.5078e-18 0.785904 0.214096
1.98382e-20 0.936028 0.063972
0.497861 3.13595e-06 0.536909
0.719501 0.000926142 0.312351
4.65942e-21 0.219846 0.780154
6.14691e-22 0.128958 0.871042
5.29555e-31 2.27474e-20 1
