1 0 0
0 0.802967 0.197033
0.312057 0.48507 0.202873
0.687481 0.216797 0.0957217
0.340711 0.536073 0.123216
0.749562 0.226538 0.0238997
0.0907199 0.726463 0.182817
0.187604 0.479062 0.333333
0.457311 0.444759 0.0979302
0.520446 0.146221 0.333333
0.648944 0.179653 0.171404
0.3385 0.6615 1.11022e-16
0.437333 0.518533 0.0441348
0.300666 0.617712 0.0816221
0.564216 0.224199 0.211584
0.37258 0.568304 0.0591163
0.70138 0.101711 0.196909
0.56164 0.105026 0.333333
0.382408 0.469301 0.148291
0.00481187 0.710657 0.284531
0.334877 0.331789 0.333333
0.397356 0.269311 0.333333
0.853468 0.108726 0.0378055
0.603401 0.259794 0.136805
0.292838 0.373829 0.333333
0.27171 0.394957 0.333333
0.265074 0.569368 0.165558
0.355695 0.310971 0.333333
0.565135 0.339444 0.0954206
0.499921 0.166745 0.333333
0.760809 0.0262015 0.21299
0.14935 0.57436 0.27629
0.354465 0.370663 0.274872
0.432329 0.33116 0.236511
0.479515 0.187151 0.333333
0.15528 0.688445 0.156275
0.190993 0.733722 0.0752851
0.116886 0.776837 0.106277
0.22838 0.52386 0.24776
0.39613 0.406733 0.197137
0.660344 0.0724321 0.267224
0.376599 0.290068 0.333333
0.532458 0.405597 0.0619454
0.519487 0.299141 0.181372
0.634103 0.302392 0.0635054
0.270868 0.701684 0.0274485
0.645575 0.0210914 0.333333
0.0416751 0.624992 0.333333
0.479982 0.371639 0.148379
0.283931 0.448669 0.2674
0.473392 0.26314 0.263468
0.229499 0.653642 0.116858
0.0347694 0.93952 0.0257103
0.505282 0.494718 0
0.45895 0.207717 0.333333
0.780664 0.148105 0.0712316
0.603522 0.0631446 0.333333
0.540924 0.125742 0.333333
0.0314113 0.743519 0.225069
0.160583 0.820784 0.0186336
0.646012 0.353988 0
0.83325 0 0.16675
0.16671 0.499957 0.333333
0.0833514 0.583315 0.333333
0.575532 0.424468 1.11022e-16
0.0773012 0.854812 0.0678867
0.145858 0.520809 0.333333
0.0972658 0.65303 0.249705
0.920768 0.0792323 1.11022e-16
0.418051 0.248616 0.333333
0.611154 0.141951 0.246895
0.624447 0.0422197 0.333333
0.413105 0.586895 0
0.53408 0.186006 0.279913
0.22842 0.77158 0
0.0351689 0.825154 0.139677
0.715553 0.284447 1.11022e-16
0 0.900473 0.0995274
0.821518 0.178482 1.11022e-16
0.438498 0.228169 0.333333
0.726832 0 0.273168
0.939526 0 0.0604741
0.666667 0 0.333333
0.229548 0.437119 0.333333
0.0208366 0.64583 0.333333
0.0625083 0.604158 0.333333
0.313917 0.35275 0.333333
0.250677 0.415989 0.333333
0.582498 0.0841688 0.333333
0.186908 0.611422 0.20167
0.104173 0.562494 0.333333
0.876239 0.0286095 0.0951519
0 0 1
0.733045 0.138535 0.128421
0.794028 0.0737356 0.132236
0.208556 0.458111 0.333333
0.124997 0.54167 0.333333
0 0.666667 0.333333
0 1 0
0.108414 0.891586 0
