2.59937e-20 1 1.11022e-16
0.476718 0.387973 0.135309
0.159516 0.819999 0.0204847
0.192538 0.60099 0.206471
0.619386 0.314179 0.0664354
0.82762 0.098176 0.0742039
0.360379 0.366882 0.272739
0.379671 0.476889 0.143439
2.33715e-20 0.899121 0.100879
0.315259 0.439877 0.244863
0.605756 0.146988 0.247255
0.240217 0.495951 0.263832
0.655196 0.0757179 0.269086
0.557295 0.231204 0.211501
0.69333 0.108388 0.198282
0.641151 0.187575 0.171274
0.433659 0.336312 0.230029
0.376412 0.290255 0.333333
0.355598 0.311069 0.333333
0.313653 0.353014 0.333333
0.0416579 0.625009 0.333333
0.723097 0 0.276903
0.226602 0.773398 0
0.750168 0.0301757 0.219656
0.540949 0.125718 0.333333
0.456051 0.459415 0.0845339
0.296786 0.50675 0.196465
0.158918 0.563551 0.277531
0.158531 0.681916 0.159553
0.935346 0 0.0646538
0.645595 0.0210713 0.333333
0.675941 0.226114 0.0979448
0.520439 0.146228 0.333333
0.82379 0 0.17621
0.116724 0.774171 0.109106
0.630878 0.369122 0
0.349929 0.537621 0.11245
0.52861 0.191449 0.27994
0.00865263 0.70632 0.285028
0.265096 0.572266 0.162637
0.271541 0.395125 0.333333
0.417966 0.2487 0.333333
0.0353681 0.82321 0.141422
0.582609 0.0840581 0.333333
0.0334459 0.741132 0.225422
0.697187 0.302813 1.11022e-16
0.189069 0.732913 0.0780182
0.187592 0.479075 0.333333
0.0776091 0.853634 0.0687567
0.866981 0.133019 1.11022e-16
0.166699 0.499968 0.333333
0.920778 0.0701695 0.00905276
0.232131 0.6502 0.117669
0.334686 0.33198 0.333333
0.382795 0.617205 0
0.726373 0.246693 0.0269341
0.563462 0.40495 0.0315881
0.561713 0.104954 0.333333
0.0833509 0.583316 0.333333
0.0929156 0.720972 0.186113
0.468132 0.268337 0.263532
0.870668 0.0227234 0.106608
0.624444 0.0422224 0.333333
0.405474 0.553077 0.041449
0.7807 0.0725246 0.146775
0.0344882 0.939092 0.0264193
0.292599 0.374068 0.333333
0.324882 0.675118 1.11022e-16
0.208614 0.458053 0.333333
0.592171 0.270313 0.137515
0.108785 0.891215 0
0.797639 0.202361 1.11022e-16
0.542513 0.35571 0.101777
2.08095e-20 0.80056 0.19944
0.603496 0.0631706 0.333333
0.401681 0.411181 0.187137
0.102731 0.645425 0.251844
0.47315 0.52685 0
0.51134 0.307705 0.180955
0.728232 0.145464 0.126304
0.145838 0.520828 0.333333
0.250522 0.416145 0.333333
0.666667 0 0.333333
0.062512 0.604155 0.333333
0.125025 0.541642 0.333333
0.30992 0.610704 0.0793759
0.397191 0.269475 0.333333
0.229513 0.437154 0.333333
0 0.666667 0.333333
0.479586 0.187081 0.333333
0.530813 0.469187 0
0.45909 0.207577 0.333333
0.0208234 0.645843 0.333333
0.500032 0.166635 0.333333
0.264373 0.700192 0.0354348
0.104193 0.562474 0.333333
0.438571 0.228095 0.333333
0.768774 0.17055 0.0606769
0 0 1
1 0 0
