0 0 1
0.0870252 0.503868 0.409107
0.472493 0.173595 0.353912
0.197575 0.0824085 0.720017
0.385251 0.364748 0.25
0.24362 0.43443 0.321951
0.66498 0.08502 0.25
0.212907 0.787093 0
0.160735 0.162979 0.676286
0.190519 0.337318 0.472163
0.909762 0.0902383 0
1.37872e-20 0.75 0.25
3.15805e-21 0.324472 0.675528
0.198479 0.55152 0.25
0.177534 0.451761 0.370705
0.436692 0.122183 0.441126
0.939954 0.0600463 0
0.336389 0.315597 0.348014
0.160237 0.0259704 0.813793
0.532201 0.467799 0
0.562864 0.120073 0.317063
0.248206 0.250607 0.501188
0.0298882 0.970112 0
0.359496 0.156977 0.483528
0.683802 7.59173e-17 0.316198
0.127053 0.243928 0.629019
0.120564 0.879436 0
0.564603 0.435397 0
0.0838457 0.666154 0.25
0.786625 0.213375 0
0.467025 0.532975 0
0.114324 0.119136 0.76654
0.239383 0.366583 0.394034
6.65686e-21 0.683954 0.316046
0.182053 0.817947 0
0.0197245 0.168087 0.812188
0.328224 0.0949637 0.576812
0.274095 0.475905 0.25
0.306915 0.693085 0
0.75 0 0.25
0.382307 0.217273 0.40042
0.692394 0.307606 0
0.122077 0.596342 0.281581
0.755349 0.244651 0
0.589739 0.160261 0.25
0.459566 0.290433 0.25
0.817589 0.182411 0
0.275534 0.724466 0
0.204533 0.210308 0.585159
0.0773944 0.391585 0.531021
0.489802 0.0399101 0.470288
0.151042 0.848958 0
5.10591e-21 0.524603 0.475397
1.09261e-21 0.11226 0.88774
0.596806 0.403194 0
0.295391 0.273952 0.430657
0.230209 0 0.769791
0.879533 0.120467 0
0.242787 0.133731 0.623482
0.418937 0.261403 0.31966
0.434576 0.565424 0
0.370555 0.629445 0
0.131549 0.418996 0.449455
0.613871 0.0345188 0.351611
0.305768 0 0.694232
0.244071 0.755929 0
0.160504 0.293944 0.545552
0.660723 0.339277 0
0.0900674 0.909933 0
0.0311279 0.0332366 0.935636
0.289215 0.179499 0.531286
0.0792367 0.201881 0.718883
0.0599581 0.940042 0
0.05552 0.286399 0.658081
0.381067 0 0.618933
0.516023 0.216968 0.267008
0.0309272 0.462618 0.506454
0.338503 0.661497 0
0.403827 0.0582201 0.537953
2.34261e-21 0.24069 0.75931
0.0751869 0.0786817 0.846131
0.0443608 0.609403 0.346236
0.278755 0.0603174 0.660928
0.628946 0.371054 0
0.96999 0.0300097 0
0.848395 0.151605 0
0.0854489 0.330683 0.583868
0.572 0 0.428
0.31547 0.399574 0.284956
0.110093 0 0.889907
2.27351e-17 0.408363 0.591637
0.469935 0 0.530065
0.402374 0.597626 0
0.724082 0.275918 0
0 0.586075 0.413925
0.522196 0.0852165 0.392588
0.499607 0.500393 0
0.139353 0.526585 0.334062
5.56738e-17 1 0
1 0 0
