0 0 1
0.084941 0.665059 0.25
0.595174 0.122709 0.282117
6.96076e-21 0.306337 0.693663
0.182513 0.817487 0
0.213442 0.786558 0
0.451975 0.176149 0.371876
0.371109 0.628891 0
0.25363 0.245914 0.500456
0.164036 0.161717 0.674248
0.565389 0.434611 0
0.244915 0.755085 0
0.532836 0.467164 0
0.0771007 0.0764893 0.84641
0.275825 0.724175 0
0.298145 0.15791 0.543946
0.121055 0.878945 0
0.032221 0.0318842 0.935895
0.4195 0.249652 0.330848
0.315054 0.335295 0.349651
0.59797 0.40203 0
0.426574 0.128574 0.444852
0.403107 0.596893 0
0.288622 0.461378 0.25
1.06864e-20 0.4703 0.5297
0.362111 0.387889 0.25
0.245773 0.127376 0.626851
0.848923 0.151077 0
0.0908326 0.909167 0
0.435387 0.564613 0
0.0249406 0.161639 0.81342
0.630067 0.369933 0
2.49597e-21 0.75 0.25
0.18151 0.28878 0.52971
0.879525 0.120475 0
0.787417 0.212583 0
0.75 0 0.25
0.57438 0 0.42562
0.134866 0.243224 0.62191
0.550424 0.199576 0.25
0.215775 0.516017 0.268208
0.661972 0.338028 0
0.307643 0.692357 0
0.0826325 0.198666 0.718701
0.110876 1.23097e-17 0.889124
0.121853 0.43625 0.441896
0.172692 0.472242 0.355065
0.0601403 0.93986 0
0.212547 0.204245 0.583208
0.693714 0.306286 0
0.406961 0.0624848 0.530555
0.388456 0 0.611544
0.260467 0.41938 0.320153
0.157388 0.358996 0.483616
0.616985 0.0343628 0.348652
0.0300496 0.96995 0
0.117802 0.116574 0.765624
0.81843 0.18157 0
0.0582584 0.403649 0.538093
0.283083 0.0576141 0.659302
0 0.381496 0.618504
0.120415 0.562578 0.317008
0.199943 0.0805236 0.719533
0.665069 0.0849308 0.25
0.474485 0.275515 0.25
0.16288 0.0233663 0.813754
0.39691 0.319568 0.283522
0.909714 0.0902858 0
0.339208 0.660792 0
0.939793 0.0602067 0
0.27443 0.293706 0.431864
0.756301 0.243699 0
0.685155 0 0.314845
0.0347024 0.614205 0.351093
0.49143 0.0453388 0.463232
0.310577 0 0.689423
0.095692 0.328163 0.576145
0.16009 0.58991 0.25
0.342395 0.183055 0.47455
0.7254 0.2746 0
0.151912 0.848088 0
0.467834 0.532166 0
0.337148 0.0868923 0.57596
0.233443 0 0.766557
0.217531 0.381404 0.401065
0.365044 0.233796 0.40116
0 0.231179 0.768821
0.969876 0.0301239 0
0.0606617 0.279461 0.659877
0.500443 0.499557 0
3.80624e-17 0.683796 0.316204
0 0.572352 0.427648
0.531198 0.0877775 0.381024
0 0.110569 0.889431
0.039826 0.490261 0.469913
0.0854587 0.52213 0.392411
0.515973 0.161645 0.322382
0 1 0
0.475334 0 0.524666
1 0 0
