0 0 1
0.463308 0.286692 0.25
0.321688 0.390987 0.287325
0.334457 0.31333 0.352213
0.522258 0.0850769 0.392665
0.0759096 0.0784588 0.845632
0.0203908 0.167162 0.812447
0.115122 0.118988 0.76589
0.180986 0.819014 0
0.51608 0.214999 0.268921
0.390616 0.359384 0.25
0.284324 0.465676 0.25
0.661761 0.338239 0
0.565078 0.434922 0
0.126084 0.244024 0.629892
0.0299674 0.466412 0.503621
0.757236 0.242764 0
0.629683 0.370317 0
0.274341 0.725659 0
0.251251 0.413548 0.335201
0.53235 0.46765 0
0.818896 0.181104 0
0.231142 0 0.768858
0.472011 0.172394 0.355595
0.183753 0.566247 0.25
0 0.75 0.25
0.0598446 0.940155 0
0.305879 0.694121 0
0.198077 0.0824384 0.719485
0 0.409913 0.590087
0.597658 0.402342 0
0.07609 0.393598 0.530312
0.69381 0.30619 0
0.910429 0.0895705 0
0.434194 0.565806 0
0.0889039 0.661096 0.25
0.58988 0.16012 0.25
0.369551 0.630449 0
0.788014 0.211986 0
0.665287 0.0847129 0.25
0.225895 0.368898 0.405207
0.28826 0.18058 0.53116
0.562923 0.11984 0.317238
0.0829806 0.331652 0.585368
0.183121 0.339961 0.476918
0.291622 0.275436 0.432943
0.306358 0 0.693642
0.203789 0.210878 0.585333
0.110471 0 0.889529
0.970153 0.0298473 0
0.0898066 0.910193 0
0.0792031 0.201299 0.719498
0.358388 0.157471 0.484141
0.613953 0.0346391 0.351408
0.119235 0.576 0.304765
0.46676 0.53324 0
0.0312448 0.0330783 0.935677
0.499588 0.500412 0
0.401616 0.598384 0
0.849952 0.150048 0
0.211995 0.788005 0
0.725692 0.274308 0
0.0299212 0.970079 0
0.572415 0 0.427585
0.75 0 0.25
0.150501 0.849499 0
0.161041 0.16318 0.67578
0.120043 0.879957 0
0.165696 0.467275 0.367029
0.436184 0.122132 0.441684
0 0.527427 0.472573
0 0.112319 0.887681
0.381668 0 0.618332
0.242973 0.133968 0.623059
0.279418 0.0604254 0.660157
0.243028 0.756972 0
0 0.687606 0.312394
0.085807 0.515234 0.398959
0.054988 0.286243 0.658769
0.125316 0.426753 0.447931
0.337494 0.662506 0
0.470582 0 0.529418
0 0.240123 0.759877
0.0409734 0.615409 0.343617
0.161037 0.0253289 0.813634
0.403915 0.0583087 0.537776
0 0.324913 0.675087
0.419364 0.259768 0.320868
0.490354 0.039914 0.469732
0.157298 0.294641 0.548061
0.940444 0.0595558 0
0.206961 0.503053 0.289986
0.328146 0.0954369 0.576417
5.56196e-17 1 0
0.380479 0.217344 0.402177
0.880164 0.119836 0
0.683599 0 0.316401
0.245286 0.252263 0.502451
0 0.58871 0.41129
1 0 0
