1 0 0
0.209954 0.204165 0.585881
0.940086 0.0599139 0
0.467398 0.165528 0.367075
0.112163 0.434928 0.452909
0.465697 0.0311577 0.503145
0.241086 0 0.758914
0.391413 0.320212 0.288375
0 0.749999 0.250001
0.910089 0.0899106 0
0.331351 0.0839694 0.584679
0.33916 0.183529 0.477311
0.725588 0.274412 0
0.466027 0.283972 0.250001
0.118992 0.114948 0.766059
0.0329925 0.031412 0.935596
0.217144 0.512924 0.269932
0.393336 0.0765123 0.530152
0.243126 0.756874 0
0.293506 0.158234 0.54826
0.0957761 0.506862 0.397362
0.360893 0.389106 0.250001
0.597953 0.402047 0
0.503252 0.206495 0.290253
0.0598873 0.27949 0.660622
0.150312 0.849688 0
0.286481 0.0551987 0.658321
0.0821105 0.198102 0.719787
0.0933088 0.329938 0.576753
0.125195 0.556584 0.318221
0.414028 0.250369 0.335604
0.338608 0.661392 0
0.818739 0.181261 0
0.162611 0.161309 0.67608
0.615215 0.0399999 0.344785
0.402998 0.597002 0
0.243431 0.126105 0.630464
0 0.110567 0.889433
0.435408 0.564592 0
0.162189 0.58781 0.250001
0.02816 0.518269 0.453571
0.306648 0.693352 0
0.500662 0.499338 0
0.661378 0.0886211 0.250001
0.153918 0.358787 0.487295
0.176498 0.465016 0.358486
0.0445196 0.611117 0.344364
0.533222 0.466778 0
0.119769 0.880231 0
0.261914 0.416292 0.321794
0.0862375 0.663761 0.250001
0.0256121 0.16072 0.813668
0.0509795 0.408177 0.540844
0.879739 0.120261 0
0.0595051 0.940495 0
0.566816 0.183183 0.250001
0.756858 0.243142 0
0.849399 0.150601 0
0.133107 0.243666 0.623227
0 0.478818 0.521182
0.0297497 0.97025 0
0 0.3824 0.6176
0.368632 0.225715 0.405653
0.0787359 0.0755288 0.845735
0.313422 0.333168 0.35341
0.426456 0.125789 0.447755
0.409975 0 0.590025
0.180892 0.819108 0
0.370574 0.629426 0
0.167934 0.0199797 0.812086
0.211802 0.788198 0
0.526513 0 0.473487
0.662174 0.337826 0
0.7881 0.2119 0
0.515409 0.085754 0.398837
0.325465 0 0.674535
0.694029 0.305971 0
0.587501 0 0.412499
0.274738 0.725262 0
0.178861 0.288865 0.532274
0.201277 0.0790682 0.719655
0 0.30639 0.69361
0.112172 0 0.887828
0 0.684737 0.315263
0 0.585959 0.414041
0.565758 0.434242 0
0.467978 0.532022 0
0.288716 0.461283 0.250001
0.274477 0.291197 0.434325
0.687318 7.63077e-17 0.312682
0.250908 0.245957 0.503135
5.55893e-17 1 0
0.630149 0.369851 0
0.576654 0.118495 0.304851
0.214958 0.379141 0.405901
0.970312 0.0296884 0
0.0894658 0.910534 0
0 0.230868 0.769132
0.749999 0 0.250001
0 0 1
