0.161504 0.163137 0.675359
1 0 0
0.19056 0.337679 0.471761
0 0.407684 0.592316
0.161337 0.0253228 0.81334
0.119456 0.880544 0
0.204857 0.21074 0.584403
0.0856105 0.329932 0.584457
0.693338 0.306662 0
0 0.240154 0.759846
0.41917 0.261563 0.319267
0.787636 0.212364 0
0.0865208 0.504098 0.409381
0.27362 0.72638 0
0.562533 0.120938 0.316529
0.56431 0.43569 0
0.24787 0.251263 0.500867
0.589764 0.160226 0.250009
0.499096 0.500904 0
0.17657 0.451392 0.372038
0.273811 0.47618 0.250009
0.970079 0.0299207 0
0.910243 0.0897571 0
0.459237 0.290753 0.250009
0.404336 0.0588578 0.536806
0.127169 0.24369 0.629141
0.239411 0.36781 0.392779
0.401312 0.598688 0
0.0202538 0.167262 0.812485
0.749991 0 0.250009
0.149749 0.850251 0
0.522443 0.0859519 0.391605
0.315005 0.400145 0.28485
0.572411 0 0.427589
0.294995 0.274478 0.430528
0.242205 0.757795 0
0.139963 0.52571 0.334327
0 0.323861 0.676139
0.0316236 0.0328631 0.935513
0.818421 0.181579 0
0.756457 0.243543 0
0.472597 0.173881 0.353523
0 0.684276 0.315724
0.197913 0.552078 0.250009
0.879794 0.120206 0
0.0592585 0.940741 0
0.0301129 0.462674 0.507213
0.596736 0.403264 0
0.724804 0.275196 0
0.385006 0.364992 0.250003
0.211175 0.788825 0
0.436584 0.123031 0.440385
0.0839126 0.666086 0.250001
0.629263 0.370737 0
0.32899 0.0950634 0.575947
0.940198 0.0598018 0
0.335865 0.316464 0.347671
0.359431 0.157579 0.482991
0.0450359 0.609218 0.345746
0.289191 0.179772 0.531037
0.160054 0.294492 0.545454
0.433831 0.566169 0
0.470825 0 0.529175
0.683759 0 0.316241
0.382023 0.217854 0.400123
0.368808 0.631192 0
0.466438 0.533562 0
0.243498 0.133901 0.622601
0.110685 0 0.889315
0.0890953 0.910905 0
0.0773172 0.391563 0.531119
0.305461 0.694539 0
0 0.525005 0.474995
0.279881 0.0604034 0.659716
0.531711 0.468289 0
0.0294946 0.970505 0
0 0.586543 0.413457
0.198423 0.0823093 0.719268
0.130763 0.419415 0.449822
0.661539 0.338461 0
0.490091 0.0406804 0.469229
0.849188 0.150812 0
0.121747 0.596159 0.282094
0 0.749991 0.250009
0.24289 0.436275 0.320835
0.055591 0.285897 0.658512
0.115277 0.118783 0.76594
0.23148 0 0.76852
0.337247 0.662753 0
0.0757025 0.0785474 0.84575
0 0.1119 0.8881
0.665099 0.084892 0.250009
0.180391 0.819609 0
0.306934 0 0.693066
5.56196e-17 1 0
0.516074 0.217551 0.266375
0.0793672 0.200917 0.719715
0.382277 0 0.617723
0.614049 0.0351182 0.350833
0 0 1
