1.11499e-20 0.75 0.25
0.247726 0.133409 0.618865
0.755473 0.244527 0
1 0 0
0.0323755 0.0324252 0.935199
0.0600675 0.939932 0
0.309578 0 0.690422
0.150847 0.849153 0
0 0.590813 0.409187
0.0950629 0.32899 0.575947
0.306442 0.693558 0
0.629073 0.370927 0
0.0775398 0.0778483 0.844612
0.211808 0.209635 0.578557
0.120371 0.879629 0
0.532191 0.467809 0
0.596876 0.403124 0
0.156509 0.359102 0.484389
0.315008 0.400023 0.284968
0 0.310635 0.689365
0.564601 0.435399 0
0.661118 0.338882 0
0.385654 0 0.614346
0.724431 0.275569 0
0.182054 0.290796 0.52715
0.939599 0.0604014 0
0.163327 0.0253919 0.811281
0.0105569 0.470423 0.51902
0.200856 0.0828242 0.71632
0.909312 0.0906883 0
0.848235 0.151765 0
0.0902221 0.909778 0
0.172278 0.458764 0.368958
0.610528 0.0380476 0.351424
0.817374 0.182626 0
0.112439 0.434756 0.452805
0.0601068 0.28231 0.657583
0.511781 0.0548398 0.43338
0.879045 0.120955 0
0.969812 0.0301879 0
0.112054 1.24405e-17 0.887946
0.33789 0.66211 0
0.786711 0.213289 0
0.134445 0.245551 0.620004
0.233527 2.59267e-17 0.766473
0.40226 0.59774 0
0.566068 0.183932 0.25
0.333878 0.0921119 0.57401
0.0456617 0.611917 0.342421
0.0845914 0.512462 0.402947
0.499625 0.500375 0
0.123188 0.596857 0.279955
0.1815 0.8185 0
0.434598 0.565402 0
0.272481 0.477519 0.25
0.75 0 0.25
0.69295 0.30705 0
0.118217 0.118688 0.763095
0.199085 0.550915 0.25
0.0584968 0.403116 0.538387
0.369903 0.630097 0
0.282173 0.0599042 0.657923
0.294436 0.178789 0.526775
0.286273 0.283453 0.430274
0.165115 0.164138 0.670747
0.58178 0 0.41822
0.496272 0.216771 0.286957
0.487853 0 0.512147
0.21228 0.78772 0
0 0.529896 0.470104
0.255485 0.251968 0.492547
0.601676 0.110943 0.287381
0 0.386797 0.613203
0.274641 0.725359 0
0.0835367 0.666463 0.25
0.0299463 0.970054 0
0.328839 0.319878 0.351283
0.146559 0.527946 0.325496
0.244883 0.423013 0.332104
0.66963 0.0803701 0.25
0.457248 0.166581 0.376171
0.467124 0.532876 0
0.373559 0.21792 0.408521
0.36324 0.149798 0.486962
0 0.685395 0.314605
0.457251 0.292749 0.25
0.243174 0.756826 0
0.0827861 0.200894 0.716319
0.436058 0.10666 0.457282
0.384171 0.365829 0.25
0.410793 0.26395 0.325257
0.533466 0.118532 0.348002
0 0.234343 0.765657
0.414644 0.045022 0.540334
0 0.112067 0.887933
0.221876 0.371539 0.406585
0.0248164 0.163902 0.811282
0.683485 0 0.316515
0 1 0
1.98307e-18 5.36907e-17 1
