1 0 0
0.370142 0.629858 0
0.27544 0.72456 0
0.306651 0.693349 0
0.234027 0 0.765973
0.0388047 0.452857 0.508338
0.385185 0.364815 0.25
0.0760952 0.0774493 0.846455
0 0.406568 0.593432
0.332161 0.319105 0.348734
0.102141 0.378267 0.519592
0.151314 0.848686 0
0.340993 0.0866809 0.572326
0 0.581495 0.418505
0.0903138 0.909686 0
0.458918 0.291082 0.25
0.244063 0.755937 0
0.56458 0.43542 0
0.160242 0.289678 0.55008
0.413786 0.0508574 0.535357
0.755021 0.244979 0
0.847783 0.152217 0
0.197008 0.552992 0.25
0.0551595 0.283828 0.661012
0.162742 0.0230579 0.814201
0 0.68304 0.31696
0.119886 0.59788 0.282235
0.532713 0.118168 0.34912
0.249688 0.241884 0.508428
0.816925 0.183075 0
0.506538 0.058308 0.435154
0.344209 0.176603 0.479188
0.0796712 0.19928 0.721048
0.235855 0.369719 0.394425
0.338391 0.661609 0
0.878275 0.121725 0
0 0.75 0.25
0.0865737 0.502806 0.410621
0.660719 0.339281 0
0.0213125 0.16579 0.812897
0.939288 0.0607121 0
0.687873 0.0351008 0.277026
0 0.322434 0.677566
0.639269 0.110731 0.25
0.628813 0.371187 0
0.375494 0.221262 0.403244
0.723662 0.276338 0
0.64746 0 0.35254
0.0313218 0.0326869 0.935991
0.195986 0.33116 0.472855
0.289841 0.278158 0.432001
0.0600886 0.939911 0
0.499647 0.500353 0
0.487042 0 0.512958
0.467189 0.532811 0
0.457174 0.167241 0.375585
0.244873 0.433574 0.321553
0.692257 0.307743 0
5.58906e-17 1 0
0.0742972 0.339813 0.58589
0.126186 0.244074 0.62974
0.245433 0.126697 0.62787
0.206973 0.204222 0.588805
0.182185 0.817815 0
0 0.111822 0.888178
0.413566 0.263808 0.322626
0.786279 0.213721 0
0.0419523 0.60926 0.348788
0.213026 0.786974 0
0.596822 0.403178 0
0.135211 0.420085 0.444704
0.116464 0.116633 0.766903
0.497904 0.215641 0.286456
0.43474 0.56526 0
0.161615 0.161004 0.677381
0.96961 0.0303903 0
0.567869 0.182131 0.25
0 0.238669 0.761331
0.110466 0 0.889534
0 0.517461 0.482539
0.75 0 0.25
0.137203 0.529206 0.333592
0.600421 0.0763297 0.323249
0.08334 0.66666 0.25
0.427198 0.115151 0.457651
0.532229 0.467771 0
0.284335 0.0575627 0.658102
0.120701 0.879299 0
0.389118 0 0.610882
0.311403 0 0.688597
0.296554 0.156448 0.546998
0.578394 0 0.421606
0.0298683 0.970132 0
0.315894 0.400917 0.28319
0.199824 0.0799794 0.720197
0.272251 0.477749 0.25
0.402303 0.597697 0
0.178042 0.456685 0.365273
0.908924 0.0910761 0
0 0 1
