1 0 0
0.334359 0.314092 0.351549
0.0789359 0.200432 0.720632
0.434572 0.565428 0
0.114472 0.118693 0.766834
0 0.323657 0.676343
0.243213 0.756787 0
0.46213 0.28787 0.25
0.197502 0.0822456 0.720252
0.471424 0.172652 0.355924
0.664878 0.0851219 0.25
0.96995 0.0300501 0
0.327464 0.0949496 0.577586
0.358353 0.156678 0.484969
0.879297 0.120703 0
0.521879 0.0849684 0.393153
0.160503 0.0256453 0.813852
0.489964 0.039356 0.47068
0.15786 0.293896 0.548244
0.0299299 0.97007 0
0.848739 0.151261 0
0.817812 0.182188 0
0.75 0 0.25
0.0552233 0.285463 0.659313
0.227996 0.367966 0.404038
0.370336 0.629664 0
0.562376 0.12008 0.317544
0.168075 0.463889 0.368036
0.692896 0.307104 0
0.380547 0.217065 0.402388
0.596748 0.403252 0
0.909704 0.0902957 0
0.532082 0.467918 0
0.126925 0.422715 0.45036
0.209991 0.513383 0.276626
0.0598485 0.940152 0
0.086809 0.663191 0.25
0 0.111297 0.888703
0.0757752 0.392581 0.531644
0.306163 0.693837 0
0 0.687113 0.312887
0.0798992 0.50603 0.414071
0.287923 0.179954 0.532122
0.278491 0.0603555 0.661153
0.564497 0.435503 0
0 0.40765 0.59235
0.683757 7.59122e-17 0.316243
0.402316 0.597684 0
0.21184 0.78816 0
0.418798 0.260404 0.320797
0 0.75 0.25
0.161218 0.588782 0.25
0.0198676 0.166691 0.813441
0.660792 0.339208 0
0.628729 0.371271 0
0.469502 0 0.530498
0.0314585 0.0323276 0.936214
0.248686 0.418213 0.3331
0.245796 0.251359 0.502845
0.184845 0.338218 0.476936
0.274548 0.725452 0
0.20363 0.210418 0.585952
0.292286 0.274503 0.433211
0.046807 0.612082 0.341111
0.940044 0.0599558 0
0.755926 0.244074 0
0.380477 4.22414e-17 0.619523
0.126208 0.243379 0.630412
0.515683 0.215331 0.268987
0.150638 0.849362 0
0.388854 0.361146 0.25
0.0898247 0.910175 0
0.120122 0.879878 0
0.724489 0.275511 0
0.435994 0.121804 0.442202
0.083488 0.331137 0.585375
0.0753254 0.0782983 0.846376
0.613889 0.0345625 0.351548
0 0.239575 0.760425
0.572131 0 0.427869
0.589445 0.160555 0.25
0 0.529742 0.470258
0.110423 0 0.889577
0.467077 0.532923 0
0.787111 0.212889 0
0.281672 0.468328 0.25
0.122035 0.553704 0.324261
0.0255309 0.46576 0.508709
0.23035 2.5574e-17 0.76965
0.242333 0.133666 0.624001
0.319454 0.39309 0.287456
0.402903 0.0582672 0.53883
0 0.594974 0.405026
0.160671 0.162865 0.676464
0.499637 0.500363 0
0.338016 0.661984 0
0.305397 0 0.694603
0 1 0
0.181178 0.818822 0
4.58477e-22 2.13556e-21 1
