0 1 0
0.72518 0.27482 0
0.250547 0.253301 0.496152
0.662427 0.0875729 0.25
0.270912 0.30465 0.424438
0.787601 0.212399 0
0.297098 0.165547 0.537355
0.307943 0.692057 0
0.475905 0.0717376 0.452357
0.0776346 0.0762683 0.846097
0.245252 0.754748 0
0.166073 0.161526 0.672402
0.445612 0.232485 0.321903
0.365767 0.25929 0.374943
0.120443 0.438635 0.440922
0.155532 0.36192 0.482548
0.879467 0.120533 0
0.693567 0.306433 0
0.530971 0.0921487 0.37688
0.213078 0.206395 0.580527
0.276529 0.723471 0
0.057835 0.403966 0.538199
0.111404 0 0.888596
0.0261113 0.161071 0.812817
0.170603 0.475568 0.353829
0.248481 0.12822 0.623299
0.282784 0.0572312 0.659985
0.617798 0.0396541 0.342548
0.756505 0.243495 0
0.0906809 0.909319 0
0.200929 0.0805304 0.718541
0.389332 0 0.610668
0.363591 0.386409 0.25
0.434163 0.0260934 0.539743
0.179238 0.290806 0.529957
1.08248e-21 0.111007 0.888993
0.340211 0.0816227 0.578166
0.476771 0.273229 0.25
0.0303931 0.969607 0
0.119101 0.11572 0.765179
0.0839947 0.666005 0.25
0.565548 0.434452 0
0.550418 0.199582 0.25
0.118591 0.564333 0.317076
3.71267e-21 0.38073 0.61927
0.214345 0.387008 0.398647
0.629891 0.370109 0
0.0322782 0.0317287 0.935993
0.661903 0.338097 0
0.336098 0.209236 0.454667
0.313279 0.345291 0.341431
0.582594 0 0.417406
0.597912 0.402088 0
2.9807e-21 0.305667 0.694333
0.182864 0.817136 0
0.121421 0.878579 0
0.1643 0.022721 0.812979
0.0949412 0.327997 0.577062
0.038779 0.490339 0.470882
0.508623 0 0.491377
0.533195 0.466805 0
1.02839e-20 0.75 0.25
0.23487 0 0.76513
0 0.230909 0.769091
0.258015 0.424588 0.317397
6.66653e-21 0.683644 0.316356
0.402963 0.314986 0.282052
0.849147 0.150853 0
0.339725 0.660275 0
0.0333427 0.614597 0.35206
0.403711 0.596289 0
0.58687 0.128203 0.284927
0.818662 0.181338 0
0.158456 0.591544 0.25
0.135234 0.242693 0.622073
0.213983 0.786017 0
0.969974 0.0300258 0
5.57333e-21 0.571538 0.428462
0.0605277 0.939472 0
0.371697 0.628303 0
0.939965 0.0600354 0
0.215071 0.519064 0.265866
0.0835475 0.197731 0.718722
0.424472 0.15734 0.418188
4.58054e-21 0.469728 0.530272
0.0606494 0.278408 0.660942
0.288673 0.461327 0.25
0.385576 0.116398 0.498026
0.312346 0 0.687654
0.151981 0.848019 0
0.909899 0.0901008 0
0.75 0 0.25
0.468254 0.531746 0
0.43591 0.56409 0
0.500651 0.499349 0
0.491611 0.167123 0.341266
0.0837179 0.523455 0.392828
0.686944 0 0.313056
0 0 1
1 0 0
