0.628363 0.371637 0
0 1 0
0.0850065 0.330854 0.58414
0.17753 0.453544 0.368925
0.245932 0.431896 0.322172
0.515938 0.217334 0.266727
0.120008 0.879992 0
0.0791468 0.200812 0.720041
0.0843204 0.66568 0.25
0.159671 0.294114 0.546215
0.385938 0.364062 0.25
0 0.324231 0.675769
0.294437 0.274593 0.430971
0.522074 0.0859461 0.39198
0.531769 0.468231 0
0.317106 0.399199 0.283695
0.381046 0.218309 0.400646
0.418421 0.261804 0.319775
0.0598335 0.940166 0
0.0204648 0.166986 0.812549
0.664864 0.0851363 0.25
0.817403 0.182597 0
0.288999 0.179822 0.531179
0.755036 0.244964 0
0.0312539 0.033 0.935746
0.0450329 0.609695 0.345272
0.660468 0.339532 0
0.189329 0.337979 0.472692
0.115343 0.118536 0.766121
0.273856 0.476144 0.25
0.237235 0.36754 0.395225
0.359064 0.157557 0.483379
0.0554367 0.286156 0.658408
0.306223 0.693777 0
0.0898328 0.910167 0
0.242969 0.757031 0
0.0872661 0.504856 0.407878
0.436485 0.122879 0.440636
0.161457 0.162934 0.675609
0.562135 0.121114 0.316751
0.247377 0.251062 0.501562
0.564132 0.435868 0
0.786028 0.213972 0
0.338018 0.661982 0
0.848175 0.151825 0
0.029799 0.970201 0
0.141199 0.526324 0.332477
0.589477 0.160523 0.25
0.909278 0.0907216 0
0.878924 0.121076 0
0.369636 0.630364 0
0.459418 0.290582 0.25
1.57543e-21 0.112128 0.887872
0 0.408485 0.591515
0.126696 0.243569 0.629735
0.0757939 0.0782981 0.845908
0.131036 0.420313 0.448651
0.75 0 0.25
0.434236 0.565764 0
0.199137 0.550863 0.25
0.466762 0.533238 0
9.60985e-21 0.683961 0.316039
0.490168 0.0405255 0.469307
0.180956 0.819044 0
0.0304195 0.463818 0.505763
2.83003e-17 2.73734e-17 1
0.335364 0.31635 0.348286
0.07718 0.392075 0.530745
0.613576 0.0358736 0.350551
0.404221 0.0587254 0.537053
0.122736 0.596134 0.281131
0.572603 0 0.427397
3.3716e-21 0.239966 0.760034
0.401824 0.598176 0
0.472076 0.174072 0.353852
2.1537e-21 0.75 0.25
0.150265 0.849735 0
0.274319 0.725681 0
1.68586e-21 0.587078 0.412922
1.51102e-21 0.526195 0.473805
0.692086 0.307914 0
0.204385 0.210538 0.585077
0.198506 0.0822995 0.719195
0.231453 0 0.768547
0.683526 0 0.316474
0.382239 8.4874e-17 0.617761
0.939552 0.0604479 0
0.596362 0.403638 0
0.969803 0.0301969 0
0.161192 0.0248551 0.813953
0.328821 0.0949441 0.576235
0.243461 0.133681 0.622858
0.211694 0.788306 0
0.499322 0.500678 0
0.11037 2.4507e-17 0.88963
0.306852 0 0.693148
0.723651 0.276349 0
0.279875 0.0602007 0.659924
1 0 0
0.470883 0 0.529117
