0.928876 0.0711244 0
0.0534915 0.0395194 0.906989
0.273534 0.00567009 0.720796
0.242395 0.0413452 0.71626
0.0629902 0.685966 0.251044
0.636115 0.0656879 0.298197
0.0358587 0.00639705 0.957744
0.0362694 0.206655 0.757075
0.0951346 0.131755 0.77311
0.00438409 0.461193 0.534423
0.439669 0.0344741 0.525857
3.65282e-07 0.267708 0.732292
0.146537 0.00334205 0.850121
0.0193249 0.715198 0.265477
0.00982565 0.990174 0
0.0301379 0.326484 0.643378
0.523678 0.0250713 0.451251
0.616723 0.000197113 0.38308
0.694749 0.053682 0.251569
0.373181 0.0569109 0.569908
0.0511074 0.594971 0.353922
0.193887 0.0470739 0.759039
0.553756 0.0968143 0.34943
0.275099 0.0660819 0.658819
0.472428 0.000107843 0.527465
0.421708 0.136792 0.441501
6.54766e-07 0.479866 0.520134
0.11695 0.292446 0.590603
0.118207 0.544684 0.337109
0.00694334 0.741171 0.251886
3.4312e-07 0.233479 0.76652
0.745581 0.000563425 0.253856
0.0368259 0.12053 0.842644
0.121444 0.878556 0
0.14072 0.412364 0.446916
0.380248 0.619752 0
0.510151 0.206935 0.282914
0.884192 0.115808 2.22045e-16
0.277388 0.470727 0.251885
0.351045 0.105186 0.543769
0.15728 0.157706 0.685014
0.585068 0.000131178 0.414801
1 2.11609e-13 0
0.216323 0.000171089 0.783506
1.79037e-12 1 0
0.333667 0.333301 0.333032
0.625363 0.374637 0
4.6305e-18 6.19395e-17 1
0.499828 0.500172 8.60423e-14
1.682e-07 0.582929 0.417071
0.466118 0.268405 0.265477
0.373435 0.000519663 0.626046
0.23301 0.76699 1.11022e-16
0.175873 0.2066 0.617527
0.257764 0.241121 0.501115
0.76798 0.23202 0
0.0586193 0.538339 0.403042
0.0012909 0.372267 0.626442
0.222259 0.511742 0.265999
0.0774882 0.670943 0.251569
0.667158 0.0824411 0.250401
0.0681525 0.0735318 0.858316
0.223113 0.378621 0.398267
0.0588709 0.941129 0
3.61131e-07 0.127004 0.872996
0.109436 5.36819e-05 0.89051
0.942881 0.0571193 0
0.815164 0.184836 0
0.115856 0.108208 0.775936
0.33106 0.233986 0.434954
0.0141611 0.292394 0.693445
0.0898519 0.368034 0.542114
0.474859 0.163944 0.361197
0.413201 0.227686 0.359113
0.0837243 0.272898 0.643378
0.023935 0.640268 0.335797
0.665166 0.000212596 0.334622
0.104338 0.487193 0.40847
0.205392 0.31261 0.481998
0.492747 0.0487937 0.458459
0.0661749 0.189159 0.744666
0.250967 0.0271113 0.721922
0.61247 0.38753 0
0.311718 0.00707373 0.681208
0.613966 0.0878376 0.298197
0.165023 0.539807 0.295169
0.407828 0.0792614 0.512911
0.2521 0.388735 0.359165
0.0464509 0.0234466 0.930103
0.147215 0.0430844 0.8097
0.860598 0.139402 0
0.207363 0.1532 0.639437
0.0389261 0.390025 0.571049
0.328906 0.0535668 0.617527
0.914566 0.0854343 0
0.305493 0.366374 0.328132
0.20574 0.252146 0.542114
0.016828 0.504635 0.478537
0.000129298 0.0754888 0.924382
0.509789 0.077478 0.412733
