0 0 1
0.333786 0.0828644 0.58335
0 0.306127 0.693873
0.46694 0.283059 0.250001
0.0853234 0.664676 0.250001
0.275463 0.724537 0
0.212812 0.787188 0
0.290074 0.459925 0.250001
0.0849023 0.522209 0.392889
0.397468 0.35253 0.250001
1.91822e-22 0.381412 0.618588
0.0829185 0.197825 0.719256
0.661014 0.0889853 0.250001
0.216001 0.377858 0.406141
0.501451 0.208202 0.290347
0.39515 0.0762429 0.528607
0.216384 0.514502 0.269114
0.254281 0.417409 0.32831
0.244944 0.125598 0.629458
0.168193 0.0194894 0.812318
0.41111 0.263935 0.324955
0.372326 0.226231 0.401443
0.307134 0.692866 0
0.0259414 0.160981 0.813078
0.694211 0.305789 0
0.11962 0.114483 0.765898
0.338743 0.661257 0
0.171089 0.471842 0.35707
0.120798 0.562205 0.316997
0.211226 0.20293 0.585844
0.532869 0.467131 0
0.78799 0.21201 0
0.243906 0.756094 0
0 0.231047 0.768953
0.402822 0.597178 0
0.72574 0.27426 0
0.465613 0.169215 0.365172
0.59789 0.40211 0
0.287673 0.0549566 0.65737
0.662499 0.337501 0
0.0328752 0.0315593 0.935565
0.75692 0.24308 0
0.295849 0.15691 0.547241
0.37076 0.62924 0
0.151149 0.848851 0
0.91014 0.0898597 0
0.341183 0.183335 0.475482
0.687757 0 0.312243
0.879693 0.120307 0
0.427836 0.125411 0.446753
0.0299676 0.970032 0
0.12148 0.435695 0.442825
0.31514 0.323477 0.361383
0.252074 0.243706 0.50422
0.528488 0 0.471512
0.0948886 0.327624 0.577487
0 0.749999 0.250001
0.500262 0.499738 0
0.467642 0.532358 0
0.749999 0 0.250001
0.134249 0.242603 0.623148
0.0603707 0.279099 0.66053
0.615554 0.0410538 0.343392
0.336487 0.380982 0.282531
0.56582 0.184179 0.250001
0.435125 0.564875 0
0.565362 0.434638 0
0.201989 0.0787632 0.719248
0.0579045 0.403714 0.538382
0.326237 0 0.673763
0.849333 0.150667 0
0.0395045 0.490612 0.469883
0.630408 0.369592 0
0.818677 0.181323 0
0.180296 0.287748 0.531956
0.411382 0 0.588618
0.163653 0.160653 0.675694
0.51585 0.0871102 0.39704
0.156035 0.357471 0.486494
0.589086 0 0.410914
0 0.572669 0.427331
0.57579 0.119958 0.304252
0.181842 0.818158 0
0.0355281 0.613905 0.350567
0.112151 0 0.887849
5.57425e-23 0.110836 0.889164
0.0902555 0.909744 0
0.0600458 0.939954 0
0.940324 0.0596761 0
0.467492 0.0302255 0.502283
0.0788719 0.0755682 0.84556
0.274703 0.287959 0.437338
0 0.470306 0.529694
0.24171 0 0.75829
0.161399 0.5886 0.250001
0.970139 0.0298612 0
0 1 0
0.120595 0.879405 0
3.43888e-22 0.683775 0.316225
1 0 0
