0.0653494 0.463084 0.471567
0.111441 0.430115 0.458444
0.15761 0.246644 0.595746
0.164921 0.545964 0.289115
0.404092 0.139802 0.456106
0.575849 0.0112045 0.412947
0.0554165 0.430399 0.514184
0.178976 0.821024 0
0.110615 0.0629378 0.826447
0.541311 0.0281254 0.430564
0.139208 0.25875 0.602042
0.113448 0.138294 0.748257
0.00769992 0.150012 0.842288
0.0294365 0.652946 0.317617
0.000206101 0.0498219 0.949972
0.0542048 0.000577486 0.945218
0.772284 0.227716 1.45842e-08
0.0762205 0.441734 0.482045
0.129697 0.185385 0.684918
0.019877 0.434682 0.545441
0.128977 0.00670137 0.864322
0.418199 0.237947 0.343855
0.568418 0.113964 0.317617
0.0001733 0.481549 0.518278
0.102376 0.31558 0.582044
0.161141 0.548069 0.29079
0.746231 1.22202e-07 0.253769
0.051338 0.398723 0.549939
2.94951e-07 0.734319 0.265681
0.2516 0.43071 0.31769
0.119209 0.880791 3.76773e-09
0.21424 0.136523 0.649237
0.296664 0.098905 0.604431
0.222114 0.000608591 0.777277
0.884408 0.115592 1.45842e-08
0.693722 0.306278 0
0.069414 0.614234 0.316352
0.630019 0.369981 1.11022e-16
0.512956 0.223924 0.26312
0.469081 0.0126406 0.518278
0.274526 0.475376 0.250098
0.499973 0.500027 0
0.15677 0.157 0.68623
0 0 1
0.852877 0.147123 1.45842e-08
0.333225 0.333416 0.333359
0.111441 0.430115 0.458444
1 5.9952e-15 0
0.000377724 0.116432 0.88319
5.82991e-08 1 0
0.111586 0.116527 0.771887
0.668586 0.0813152 0.250098
0.248151 0.250728 0.501122
0.139891 0.0464966 0.813612
0.583749 1.40247e-07 0.416251
0.431722 0.131163 0.437115
0.262445 0.0406722 0.696883
2.33823e-07 0.582133 0.417866
0.366658 0.633342 0
0.233163 0.766837 0
0.767395 0.232605 0
0.376881 5.535e-06 0.623114
3.08344e-08 0.373857 0.626143
0.303321 0.696679 1.11022e-16
0.94186 0.0581404 0
0.0710083 0.0741529 0.854839
0.000179141 0.223369 0.776452
0.083028 0.665945 0.251027
0.375977 0.232992 0.391031
0.0786825 0.500828 0.42049
0.0990738 5.93968e-16 0.900926
0.304464 0.407106 0.28843
0.17488 0.82512 0
0.11653 0.509654 0.373816
0.0384958 0.961504 0
0.0544233 0.270059 0.675518
0.210153 0.327356 0.462491
0.127466 0.238338 0.634197
0.332818 0.17051 0.496672
0.204901 0.209787 0.585312
0.0167499 0.639396 0.343855
0.653617 1.49986e-07 0.346383
0.452231 0.231687 0.316081
0.615745 0.134156 0.250098
0.538334 0.0454151 0.416251
0.615787 0.39234 0.00131865
0.455421 0.15756 0.387018
0.315611 0.294787 0.389601
0.141341 0.342051 0.516609
0.0275221 0.160839 0.811639
0.0256765 0.0378792 0.936444
0.401152 0.00731803 0.59153
0.00626069 0.249063 0.744676
0.391973 0.13646 0.471567
0.307121 0.237444 0.455435
0.159715 0.0937931 0.746492
0.010631 0.545594 0.443775
0.174663 0.255054 0.570283
0.150033 0.85495 0.000827076
0.297156 0.184147 0.518698
