0 0 1
0.270113 0.479887 0.25
0 0.75 0.25
0.244259 0.755741 0
0.121263 0.878737 0
0.878615 0.121385 0
0.785801 0.214199 0
0.151596 0.848404 0
0.102545 0.325184 0.572271
0.275524 0.724476 0
0.0845209 0.197587 0.717892
0.287119 0.0571648 0.655717
0.111488 0 0.888512
0.212954 0.787046 0
0.119752 0.11535 0.764898
0.816985 0.183015 0
0.455344 0.170198 0.374459
0.0254825 0.16254 0.811978
0.410093 0.26739 0.322518
0 0.570518 0.429482
0.383012 0.366988 0.25
0.565651 0.184349 0.25
0.692011 0.307989 0
0.166853 0.159874 0.673273
0.596192 0.403808 0
0.723295 0.276705 0
0.303005 0.155379 0.541615
0.456931 0.293069 0.25
0.236224 0 0.763776
0.417144 0.050233 0.532623
0.138078 0.241003 0.620919
0.281164 0.28739 0.431446
0.34443 0.0857792 0.56979
0.75 0 0.25
0.194592 0.555408 0.25
0.489635 0 0.510365
0.531526 0.468474 0
0.0779602 0.0767687 0.845271
0.1825 0.8175 0
0.0751767 0.402547 0.522276
0.156551 0.520903 0.322546
0.0320771 0.0323862 0.935537
0.580883 0 0.419117
0.42844 0.116448 0.455112
0.563966 0.436034 0
0.466805 0.533195 0
0.186336 0.285094 0.52857
0.0116094 0.372398 0.615993
0.338608 0.661392 0
0.609796 0.0379159 0.352288
0.0814958 0.532526 0.385978
0.660282 0.339718 0
0.0602304 0.93977 0
0.370335 0.629665 0
0.0303107 0.61806 0.35163
0.221593 0.373778 0.40463
0.314796 0.402945 0.282259
0.245861 0.421897 0.332241
0.372224 0.226454 0.401322
0.0904826 0.909517 0
0.216336 0.201482 0.582182
0.118078 0.438908 0.443013
0.754806 0.245194 0
0.346842 0.179181 0.473977
0.669157 0.0808432 0.25
0.0301094 0.969891 0
0.306942 0.693058 0
0.258119 0.242379 0.499501
0.0254231 0.495677 0.4789
0.939462 0.0605378 0
0.847996 0.152004 0
0.0839548 0.666045 0.25
0.313831 0 0.686169
0.20259 0.0793369 0.718074
0.499162 0.500838 0
0.171598 0.459285 0.369116
0 0.685218 0.314782
0.62831 0.37169 0
0.969731 0.0302688 0
0.0632891 0.277393 0.659318
0.434338 0.565662 0
0.909123 0.0908766 0
0.117668 0.596878 0.285454
0.165113 0.022261 0.812626
0.16456 0.354956 0.480485
0.682986 0 0.317014
0 0.446914 0.553086
0.600608 0.111066 0.288326
0.391697 0 0.608303
0 0.111769 0.888231
0.402324 0.597676 0
1.21308e-21 0.309574 0.690426
0.532107 0.119875 0.348019
0.495337 0.218061 0.286601
0.507977 0.05903 0.432993
0.249996 0.125428 0.624576
5.55693e-17 1 0
0.326375 0.323311 0.350314
0 0.233168 0.766832
1 0 0
