0.295319 0.00376238 0.700919
0.991583 0.015145 0.00104526
0.610628 8.95957e-05 0.389283
0.106608 0.241777 0.651615
0.111408 0.352021 0.536571
0.0876596 0.0103412 0.901999
0.311987 0.111335 0.576678
0.0258692 0.532007 0.442124
0.286648 0.206354 0.506997
0.497978 0.0820685 0.419953
0.0553962 0.25186 0.692744
0.0887411 0.555078 0.356181
0.156612 0.00199524 0.841393
0.57006 0.0739884 0.355951
0.450375 0.165517 0.384108
0.1427 0.069554 0.787746
0.0418983 0.352886 0.605216
0.270287 0.137527 0.592186
0.15603 0.554364 0.289606
0.0348702 0.150767 0.814362
0.00220598 0.271377 0.726417
0.140493 0.260523 0.598984
0.567185 0.432815 0
0.202964 0.415424 0.381613
0.303113 0.696887 0
0.481263 0.158526 0.360211
0.437718 0.310177 0.252106
0.0258134 0.711969 0.262218
0.158527 0.157386 0.684087
0.744203 0.00355684 0.25224
0.00154953 0.225538 0.772913
0.213207 0.000547465 0.786246
0.88512 0.11488 0
0.477212 7.002e-05 0.522718
0.113152 0.886848 0
0.0397256 0.513721 0.446553
0.428434 0.108493 0.463072
0.227279 0.505662 0.267059
0.636547 0.363453 0
0.999983 1.67316e-05 0
0.377012 0.622988 0
0.517142 0.231389 0.251469
3.79627e-11 1 0
0.229902 0.770098 0
0.325218 0.0863026 0.588479
0.670465 0.0790948 0.25044
0.102499 0.442421 0.45508
0.0703187 0.071011 0.85867
0.128556 0.312134 0.55931
0.333522 0.335087 0.331392
0 0 1
0.0849648 0.366738 0.548298
0.500379 0.499621 0
8.43794e-06 0.578767 0.421225
0.768146 0.231854 0
0.0877342 0.653568 0.258698
0.366756 0.00134267 0.631901
0.951426 0.0485742 0
0.583886 8.5672e-05 0.416028
0.000470456 0.365267 0.634263
0.293065 0.181 0.525935
0.250037 0.247718 0.502244
0.0228623 0.420567 0.556571
0.382263 0.200053 0.417684
0.115361 0.528458 0.356181
0.15699 0.84301 0
2.87041e-05 0.157141 0.84283
0.382531 0.0386473 0.578822
0.089497 0.258888 0.651615
0.103972 3.29357e-07 0.896028
0.936031 0.0639687 0
0.284541 0.0143714 0.701087
0.256543 0.103115 0.640342
0.562484 0.115646 0.32187
0.0008485 0.411406 0.587745
0.0353765 0.964624 0
0.0252949 0.293538 0.681167
0.218754 0.324463 0.456782
0.122701 0.121817 0.755482
0.669505 0.000939712 0.329555
0.291934 0.708066 0
0.45245 0.576886 0.00400509
0.224954 0.194747 0.580299
0.134588 0.581915 0.283496
0.0131458 0.0547264 0.932128
0.523336 0.067181 0.409483
0.404982 0.236248 0.35877
0.558178 0.160276 0.281545
0.045972 0.569917 0.384111
0.142336 0.0363347 0.82133
0.16672 0.371405 0.461875
0.183886 0.191707 0.624407
0.0784544 0.17774 0.743806
0.18215 0.461669 0.356181
0.619544 0.0377888 0.342667
0.48477 0.51523 0
0.434283 0.268218 0.297498
0.0998471 0.900153 0
0.496132 0.0309922 0.472876
0.080858 0.409063 0.510079
