5.07401e-17 5.04211e-18 1
0.3363 0.315504 0.348196
0.30711 0.69289 0
0.204207 0.210738 0.585054
0.419044 0.261081 0.319875
0.188507 0.338251 0.473242
0.246331 0.43133 0.322339
0.908952 0.091048 0
0.160738 0.163569 0.675693
0.126486 0.244505 0.629009
0.683604 0 0.316396
0.294578 0.274393 0.431029
0.522306 0.0853602 0.392334
0.317282 0.398557 0.28416
0.275544 0.724456 0
0.460546 0.289442 0.250012
0.131755 0.420662 0.447584
5.27038e-22 0.409597 0.590403
0.434653 0.565347 0
0.692204 0.307796 0
0.878453 0.121547 0
0.665197 0.0847907 0.250012
0.386959 0.363029 0.250012
0.847771 0.152229 0
0.93954 0.0604598 0
0.0752147 0.0789386 0.845847
0.589691 0.160297 0.250012
0.178556 0.454244 0.3672
0.816993 0.183007 0
0.359173 0.157378 0.483449
9.65027e-22 0.749988 0.250012
0.0774999 0.392755 0.529745
0.11455 0.119445 0.766005
0.159743 0.294494 0.545763
0.0787751 0.201932 0.719293
0.288815 0.179955 0.53123
0.0872142 0.505309 0.407476
0.402666 0.597334 0
0.121121 0.878879 0
0.14069 0.52687 0.332441
0.61407 0.0344617 0.351468
0.182349 0.817651 0
4.18621e-22 0.325339 0.674661
0.0301435 0.969856 0
0.0908134 0.909187 0
1.4445e-22 0.112261 0.887739
0.489943 0.0402022 0.469854
0.786223 0.213777 0
0.244106 0.755894 0
0.0553274 0.28737 0.657303
0.66073 0.33927 0
0.403646 0.058526 0.537828
8.80328e-22 0.684162 0.315838
7.55569e-22 0.587204 0.412796
0.197802 0.0827755 0.719423
0.0603434 0.939657 0
0.160595 0.0260011 0.813403
0.274791 0.475196 0.250012
0.199982 0.550005 0.250012
0.564142 0.435858 0
0.0310111 0.464066 0.504923
0.628468 0.371532 0
0.46692 0.53308 0
6.77076e-22 0.526202 0.473798
0.242836 0.134011 0.623153
0.230826 0 0.769174
0.151525 0.848475 0
0.237281 0.367212 0.395506
0.0198367 0.168241 0.811922
0.749988 0 0.250012
0.755219 0.244781 0
0.562553 0.120313 0.317133
0.328091 0.0950828 0.576827
0.11048 0 0.88952
0.338904 0.661096 0
0.213032 0.786968 0
0.305969 0 0.694031
0.0838023 0.666185 0.250012
0.123174 0.596532 0.280294
0.499414 0.500586 0
0.0848545 0.331376 0.58377
0.571972 0 0.428028
0.381283 0 0.618717
0.0312107 0.0329923 0.935797
0.43652 0.122374 0.441106
0.531875 0.468125 0
0.723905 0.276095 0
3.1047e-22 0.241287 0.758713
0.381828 0.217112 0.40106
0.596392 0.403608 0
0.370682 0.629318 0
0.247518 0.251328 0.501154
0.969793 0.0302067 0
0.279025 0.0605219 0.660453
0.470246 0 0.529754
0.472249 0.173442 0.354309
0.515951 0.216706 0.267343
0.0456079 0.609659 0.344733
1 0 0
5.5539e-17 1 0
