0 0 1
0.390721 0.321852 0.287427
0.245417 0.128257 0.626326
0.258947 0.420152 0.320901
0.17205 0.472284 0.355666
0.0303534 0.969647 0
0.335772 0.0905141 0.573714
0.254015 0.246262 0.499724
0.183309 0.816691 0
0.216878 0.380941 0.402181
0.0606962 0.939304 0
0.415384 0.251076 0.33354
0.117708 0.116156 0.766136
0.340286 0.659714 0
0.21289 0.204601 0.582509
0.358884 0.391113 0.250003
0.661131 0.338869 0
1.702e-17 0.306007 0.693993
0.909149 0.0908507 0
0.343463 0.184955 0.471582
0.286086 0.463911 0.250003
0.527514 0.0844035 0.388083
0.181532 0.288324 0.530144
0.159469 0.590529 0.250003
0.969817 0.0301827 0
0.313268 0.335223 0.351509
1.47556e-20 0.571948 0.428052
0.565217 0.434783 0
0.616135 0.0302846 0.353581
0.0320535 0.0319432 0.936003
0.435089 0.128182 0.436728
0.152447 0.847553 0
0.371141 0.226918 0.401942
0.163954 0.161482 0.674563
0.75524 0.24476 0
0.684827 0 0.315173
0.0910643 0.908936 0
0.276946 0.723054 0
0.69273 0.30727 0
0.0845367 0.66546 0.250003
2.85432e-21 0.110637 0.889363
0.0396899 0.489771 0.47054
0.939541 0.060459 0
0.436086 0.563914 0
0.500655 0.499345 0
0.0587119 0.402991 0.538297
0.11088 0 0.88912
0.0342173 0.614183 0.351599
0.199436 0.0804539 0.72011
0.119385 0.563232 0.317383
0.298386 0.159909 0.541704
0.213961 0.51688 0.269159
5.96266e-21 0.231121 0.768879
0.0773123 0.0763113 0.846376
0.473591 0.166 0.360408
0.157535 0.358398 0.484067
0.583219 0.115493 0.301288
0.134927 0.24275 0.622323
0.404024 0.595976 0
0.0826884 0.198279 0.719033
0.371902 0.628098 0
0.663755 0.0862425 0.250003
0.569845 0 0.430155
0.281832 0.05878 0.659388
0.848129 0.151871 0
0.72423 0.27577 0
0.0605886 0.278921 0.66049
0.49471 0.0317764 0.473513
0.234122 0 0.765878
0.121857 0.435876 0.442267
0.276738 0.292239 0.431023
0.878534 0.121466 0
0.406706 0.0789425 0.514351
0.0249672 0.161287 0.813746
1.76356e-20 0.683581 0.316419
0.163387 0.0228424 0.81377
0.381753 0.00630584 0.611941
0.214256 0.785744 0
0.568415 0.181582 0.250003
0.749997 0 0.250003
0.505149 0.209644 0.285207
9.83211e-21 0.381106 0.618894
0.597478 0.402522 0
0.468414 0.531586 0
0.629359 0.370641 0
0.453609 0 0.546391
0.464592 0.285405 0.250003
0.786547 0.213453 0
0.532982 0.467018 0
0.31164 0 0.68836
0.817425 0.182575 0
5.56196e-17 1 0
0.0954197 0.327521 0.577059
0.308434 0.691566 0
1.93491e-20 0.749997 0.250003
0.245488 0.754512 0
1 0 0
0.0849914 0.522084 0.392925
0.121564 0.878436 0
1.2117e-20 0.469672 0.530328
