1 0 0
0.0842637 0.665736 0.25
0.939925 0.0600751 0
0.307339 0.692661 0
0.215488 0.517964 0.266548
0.158703 0.591297 0.25
0.031658 0.0322492 0.936093
0.566665 0 0.433335
0.339056 0.660944 0
0.310194 0 0.689806
0.592502 0.157498 0.25
0.129884 0.244434 0.625682
0.120816 0.879184 0
0.185617 0.34533 0.469054
0.0806588 0.406003 0.513338
0.262147 0.420174 0.317678
0.879494 0.120506 0
0.787584 0.212416 0
0.598337 0.401663 0
0.233031 0 0.766969
0.318566 0.333754 0.34768
0 0.68285 0.31715
0.694346 0.305654 0
0.565983 0.434017 0
0.030068 0.969932 0
0.848919 0.151081 0
0.212932 0.787068 0
0.371019 0.628981 0
0.909608 0.0903917 0
0.182006 0.817994 0
0.662465 0.337535 0
0.151377 0.848623 0
0 0.234512 0.765488
0.564209 0.1157 0.320092
0.242203 0.1311 0.626697
0.0764567 0.0771766 0.846367
0.287868 0.462132 0.25
0.34139 0.186693 0.471917
0.247694 0.250017 0.502289
0.331997 0.0946364 0.573367
0.283888 0.288325 0.427787
0.519428 0.0825667 0.398005
3.16823e-17 0.56908 0.43092
0.0598785 0.281415 0.658707
1.20316e-21 0.75 0.25
0.435421 0.564579 0
0.756918 0.243082 0
0.12972 0.435557 0.434723
0.43201 0.129448 0.438541
0.612876 0.0311207 0.356004
0.49052 0.0289147 0.480565
0.402996 0.597004 0
0.174394 0.473592 0.352014
0.116 0.117314 0.766686
0.224724 0.381383 0.393893
0.0333498 0.613182 0.353469
0.421335 0.249099 0.329566
0 0.450184 0.549816
0.16137 0.162961 0.675669
0.084092 0.52111 0.394798
0.447249 0 0.552751
0.361477 0.388523 0.25
0.818352 0.181648 0
0.029201 0.493121 0.477678
0.110449 3.6787e-17 0.889551
0.118668 0.563589 0.317742
0.470171 0.279829 0.25
0.500572 0.499428 0
0.665334 0.0834855 0.251181
0.630531 0.369469 0
0.725679 0.274321 0
0.275254 0.724746 0
0.467835 0.532165 0
0.75 0 0.25
0.0936944 0.334516 0.571789
0 0.111095 0.888905
0.403137 0.0806267 0.516237
0.0602047 0.939795 0
0.197582 0.0815148 0.720903
0.472161 0.168985 0.358854
0.27893 0.0603145 0.660756
0.518777 0.208666 0.272557
0.682619 0 0.317381
0.163208 0.296221 0.540572
0.0228532 0.163778 0.813369
0.080728 0.199277 0.719995
0.29336 0.164411 0.542229
0.00903387 0.378926 0.61204
0.376135 0.00956675 0.614298
0.0903082 0.909692 0
0.374285 0.226777 0.398939
0 0.311969 0.688031
0.162204 0.0235927 0.814203
0.97008 0.0299199 0
0.243774 0.756226 0
0.39611 0.319588 0.284302
0.533367 0.466633 0
0 0 1
0.207016 0.208964 0.584019
2.71051e-20 1 0
