0.238627 0.367792 0.393581
0 0 1
0.596582 0.403418 0
8.14377e-22 0.75 0.25
0.84811 0.15189 0
0.055287 0.286286 0.658427
0.182613 0.817387 0
5.67127e-21 0.324143 0.675857
0.244711 0.755289 0
0.160269 0.0257337 0.813997
0.522278 0.0852919 0.39243
0.419041 0.26128 0.319678
0.190256 0.337671 0.472073
0.0840706 0.665929 0.25
0.328016 0.0948048 0.577179
0.213573 0.786427 0
0.131036 0.419848 0.449116
0.126629 0.244027 0.629344
0.120839 0.879161 0
0.0194249 0.167929 0.812646
6.37078e-22 0.586717 0.413283
0.402967 0.597033 0
0.436283 0.122464 0.441254
0.909351 0.0906492 0
0.93976 0.0602398 0
0.274215 0.475785 0.25
0.140639 0.526443 0.332918
0.122108 0.596122 0.28177
0.20438 0.210577 0.585043
0.0306748 0.463153 0.506173
0.0868966 0.50468 0.408423
0.339328 0.660672 0
0.370962 0.629038 0
0.17742 0.452892 0.369688
0.288634 0.17956 0.531806
0.160989 0.16323 0.675781
0.0445666 0.609761 0.345672
0.244686 0.433873 0.321441
0.467133 0.532867 0
0.459973 0.290027 0.25
0.243036 0.133778 0.623187
0.0754108 0.0786889 0.8459
0.589442 0.160558 0.25
0.878955 0.121045 0
0.472073 0.173484 0.354443
0.275844 0.724156 0
0.683662 0 0.316338
0.278782 0.0602048 0.661013
0.24748 0.251011 0.501509
0.817722 0.182278 0
0.755556 0.244444 0
0.305581 0 0.694419
0.316091 0.39939 0.284519
0.434906 0.565094 0
0.0313504 0.0328819 0.935768
0.0849845 0.330424 0.584591
0.11442 0.119144 0.766436
0.96995 0.0300496 0
0.724105 0.275895 0
0.660878 0.339122 0
0.786638 0.213362 0
0.69279 0.30721 0
0.0790828 0.201209 0.719708
0.077243 0.392034 0.530723
0.381349 0.217698 0.400952
0.562554 0.120431 0.317015
3.25681e-21 0.24031 0.75969
0.614252 0.0345559 0.351192
0.294637 0.274337 0.431025
5.70273e-22 0.525193 0.474807
0.381145 0 0.618855
0.198517 0.551483 0.25
0.358675 0.157008 0.484317
0.385768 0.364232 0.25
0.532076 0.467924 0
0.0300899 0.96991 0
0.307336 0.692664 0
0.159989 0.29432 0.545691
0.110153 0 0.889847
0.628887 0.371113 0
0.664987 0.0850132 0.25
0.0903625 0.909637 0
0.403553 0.0581585 0.538288
9.27352e-21 0.684265 0.315735
0.197599 0.0825265 0.719875
0.470155 0 0.529845
1.95417e-21 0.111691 0.888309
0.151707 0.848293 0
0.564482 0.435518 0
0.75 0 0.25
0.0601783 0.939822 0
0.335999 0.315898 0.348102
0.489808 0.0403113 0.469881
0.230191 0 0.769809
0.57231 6.35392e-17 0.42769
0.4996 0.5004 0
5.53444e-21 0.40837 0.59163
5.55789e-17 1 0
0.515779 0.216637 0.267583
1 0 0
