0 0 1
0.176891 0.452114 0.370995
7.68607e-21 0.75 0.25
0 0.573934 0.426066
0.516304 0.215299 0.268397
0.90999 0.0900105 0
0.320308 0.396908 0.282784
0.293774 0.273949 0.432278
0.370648 0.629352 0
0.197822 0.0826441 0.719534
0.596704 0.403296 0
0.306516 0.693484 0
0.522116 0.0850317 0.392852
0.161173 0.16416 0.674667
0.0801803 0.200276 0.719543
0.62888 0.37112 0
0.665267 0.0847332 0.25
0.661032 0.338968 0
0.275349 0.724651 0
0.151599 0.848401 0
0.161444 0.515933 0.322623
0.230938 2.56393e-17 0.769062
0.75 0 0.25
0.436029 0.122351 0.44162
0.562908 0.119543 0.317548
0.489009 0.0403703 0.470621
0.327478 0.0955107 0.577011
0.129321 0.426735 0.443944
0.0341187 0.617019 0.348863
0.38148 0.217376 0.401144
0.403277 0.0583355 0.538387
0.274934 0.475066 0.25
0.571314 0 0.428686
0.338415 0.661585 0
0.787532 0.212468 0
0.818645 0.181355 0
0.245862 0.253137 0.501001
0.939958 0.0600422 0
0.879899 0.120101 0
0.305837 3.39547e-17 0.694163
0.183893 0.34214 0.473967
0.461938 0.288062 0.25
0 0.389062 0.610938
0.203729 0.212551 0.58372
0.472141 0.172815 0.355044
0.250301 0.41935 0.330349
0.590076 0.159924 0.25
0.0317073 0.0322401 0.936053
0.419054 0.260787 0.320159
0.335358 0.315092 0.349549
0.0231962 0.163497 0.813307
0.434782 0.565218 0
0.199135 0.550865 0.25
0.243825 0.756175 0
0.127025 0.246221 0.626754
0.0904851 0.909515 0
0.380847 0 0.619153
0.0849483 0.665052 0.25
0.756085 0.243915 0
0.0868299 0.337423 0.575747
0.15805 0.298617 0.543333
0.0761941 0.0773617 0.846444
0.692857 0.307143 0
0.724679 0.275321 0
0.110479 1.22656e-17 0.889521
0.532104 0.467896 0
0.212753 0.787247 0
0 0.234325 0.765675
3.19124e-21 0.311398 0.688602
0.613567 0.0341544 0.352279
0.358674 0.157001 0.484326
0.122181 0.595236 0.282583
0.499664 0.500336 0
0.0873497 0.531536 0.381114
0.402587 0.597413 0
0.234472 0.364953 0.400575
0 0.475291 0.524709
0.0301686 0.969831 0
0.388291 0.361709 0.25
0.469812 0 0.530188
0.182149 0.817851 0
0.242486 0.134964 0.62255
0 0.685072 0.314928
0.0602925 0.939708 0
0.0573641 0.283414 0.659222
0.8496 0.1504 0
0.121093 0.878907 0
0.278513 0.060668 0.660819
0.564434 0.435566 0
0.683461 0 0.316539
0 0.111032 0.888968
0.46726 0.53274 0
0.045966 0.49065 0.463384
0.288293 0.181093 0.530614
0.160972 0.0250491 0.813979
0.970293 0.0297073 0
1 0 0
0.0634053 0.406998 0.529597
0.115871 0.118019 0.766109
0 1 0
