1 0 0
0.0189325 0.169579 0.811488
0.0883191 0.508444 0.403237
0.512316 0.226401 0.261283
0.159003 0.167214 0.673783
0.413957 0.267468 0.318575
0.0726586 0.347533 0.579808
0.273353 0.726647 0
0.0894672 0.910533 0
0.448096 0.301904 0.25
0.324757 0.228089 0.447154
0.410616 0.0463981 0.542986
0.587162 0.162838 0.25
0.0309763 0.0335172 0.935506
0.190448 0.344937 0.464615
0.140813 0.53214 0.327047
0.0374559 0.460457 0.502087
0.082992 0.667008 0.25
0.969788 0.0302118 0
0.100176 0.388305 0.51152
0.520197 0.0273985 0.452404
0.661011 0.338989 0
0.366088 0.141649 0.492263
0 0.75 0.25
0.848395 0.151605 0
0.909086 0.0909143 0
0.596478 0.403522 0
0.336767 0.663233 0
0.208732 0.541268 0.25
0.531672 0.468328 0
0.284608 0.299722 0.41567
0.380938 0 0.619062
0 0.586702 0.413298
0.394355 0.206073 0.399572
0.136133 0.431258 0.432609
0.305463 0 0.694537
0.242227 0.757773 0
0.27699 0.0602874 0.662723
0.33257 0.326573 0.340856
0.195781 0.0842274 0.719992
0.285124 0.177714 0.537163
0.55753 0.127154 0.315316
0.371565 0.378435 0.25
0.149907 0.850093 0
0.587547 6.52308e-17 0.412453
0.433649 0.566351 0
0.51081 0.0951113 0.394079
0.0541612 0.289522 0.656317
0.27035 0.418095 0.311555
0 0.524022 0.475978
0.692958 0.307042 0
0.0594457 0.940554 0
0.75 8.32667e-17 0.25
0.239696 0.260945 0.499359
0.123549 0.251024 0.625427
0.498996 0.501004 0
0.939448 0.0605521 0
0.232386 0.381264 0.38635
0.786874 0.213126 0
0.15952 0.0270494 0.813431
0.290056 0.459944 0.25
0.201624 0.214923 0.583453
0.0483627 0.608609 0.343029
0.304693 0.695307 0
0.755775 0.244225 0
0.664006 0.0859942 0.25
0.628825 0.371175 0
0 0.683017 0.316983
0.328426 0.091475 0.580099
0.368873 0.631127 0
0.119683 0.880317 0
0.2405 0.134705 0.624795
0.471818 0.176845 0.351337
0.401133 0.598867 0
0.440627 0.108079 0.451294
0.12865 0.599891 0.271459
0.154881 0.300771 0.544349
0.564256 0.435744 0
0.211162 0.788838 0
0.113229 0.121526 0.765245
0 0.412412 0.587588
0.878976 0.121024 0
0 0.112838 0.887162
0 0.326967 0.673033
0.817897 0.182103 0
0.0782725 0.204288 0.71744
0.110319 0 0.889681
0.724333 0.275667 0
0.22972 0 0.77028
0.0296786 0.970321 0
0 0.242794 0.757206
0.180244 0.819756 0
0.0749402 0.0795752 0.845485
0.466298 0.533702 0
0 1 0
0.685194 7.60718e-17 0.314806
0.611862 0.0456516 0.342487
0.191273 0.464974 0.343753
9.61203e-17 7.04673e-17 1
0.480219 0 0.519781
