0.213238 0.786762 0
0.969881 0.0301191 0
0.307272 0.692728 0
0.75 0 0.25
0.909003 0.090997 0
0.457824 0.292176 0.25
0.193799 0.33815 0.468051
0.590191 0.159809 0.25
0.130014 0.418337 0.45165
0.563165 0.12015 0.316685
0.0769212 0.392021 0.531058
0.467312 0.532688 0
0.596345 0.403655 0
0.0196409 0.168363 0.811996
0.275713 0.724287 0
0.299108 0.272215 0.428677
0.0441308 0.611068 0.344801
0.470366 0 0.529634
0.279367 0.060552 0.660081
0.244275 0.755725 0
0.0754559 0.0789752 0.845569
0.0603251 0.939675 0
0.290193 0.179926 0.529882
0.404119 0.0584581 0.537423
0.311468 0.402915 0.285617
0.0314638 0.033091 0.935445
0.121644 0.596893 0.281463
0 0.112141 0.887859
0 0.684693 0.315307
1.83131e-20 0.75 0.25
0.939468 0.0605322 0
0.243388 0.134355 0.622257
0.114846 0.119624 0.76553
0.145077 0.528332 0.326591
0.402772 0.597228 0
0.270577 0.479423 0.25
0.338882 0.661118 0
0.197412 0.552588 0.25
0.75513 0.24487 0
0.499651 0.500349 0
0.691895 0.308105 0
0.660357 0.339643 0
0.0904268 0.909573 0
0 0.325875 0.674125
0.683713 0 0.316287
0.360915 0.156502 0.482583
0 0.241873 0.758127
0.339927 0.315391 0.344682
0.127841 0.244917 0.627243
0.517072 0.217928 0.265
0.572183 0 0.427817
0.306074 0 0.693926
0.0794402 0.20226 0.7183
0.564193 0.435807 0
0.0876095 0.330888 0.581502
0.382573 0.367427 0.25
0 0.40987 0.59013
0.474033 0.173321 0.352646
0.878745 0.121255 0
0.614242 0.0345121 0.351246
0.0317448 0.464032 0.504224
0.160825 0.0260514 0.813123
0.0862519 0.508508 0.405241
0.786078 0.213922 0
0.23128 0.434455 0.334265
1 0 0
0.384617 0.216657 0.398726
0.723656 0.276344 0
0 0.587393 0.412607
0.0299833 0.970017 0
0.522929 0.0853119 0.391759
0.490088 0.0400909 0.469821
0.665269 0.0847305 0.25
0.848076 0.151924 0
0.381399 0 0.618601
0.434892 0.565108 0
0.168921 0.453618 0.377461
0.420649 0.26134 0.318011
0.0834949 0.666505 0.25
0.817308 0.182692 0
0.1107 0 0.8893
0.328506 0.0951293 0.576365
0.205516 0.211132 0.583352
0.531838 0.468162 0
0.249778 0.251144 0.499078
0.249947 0.362015 0.388039
0.37066 0.62934 0
0.120912 0.879088 0
0.161472 0.163946 0.674582
0 1 0
0.182288 0.817712 0
0.0559706 0.287634 0.656396
0.43771 0.122191 0.440099
0.151701 0.848299 0
0 0.525932 0.474068
0.231005 0 0.768995
0.62848 0.37152 0
0.162522 0.294736 0.542742
0.197846 0.0830078 0.719146
0 0 1
