1 0 0
1.34102e-17 0.241297 0.758703
0.879568 0.120432 0
0.121936 0.597198 0.280866
0.119363 0.880637 0
0.0592665 0.940734 0
0.460011 0.289989 0.25
0.385943 0.364057 0.25
0.0199979 0.168134 0.811868
0.381513 0.218 0.400487
0.160338 0.29442 0.545242
0.515948 0.217201 0.266851
0.243025 0.133939 0.623037
0.273441 0.476559 0.25
0.289335 0.179723 0.530942
0.18878 0.338444 0.472776
0.087198 0.505326 0.407475
0.21124 0.78876 0
0.0891546 0.910845 0
0.499678 0.500322 0
0.126883 0.244387 0.62873
0.683946 7.59332e-17 0.316054
0.756492 0.243508 0
0.0310427 0.463541 0.505416
0.204784 0.210974 0.584242
0.198564 0.551436 0.25
0.114705 0.119616 0.765679
0.19793 0.0825137 0.719556
2.29223e-21 0.112758 0.887242
0.0855015 0.331039 0.583459
0.848948 0.151052 0
2.92906e-17 0.525425 0.474575
0.0443249 0.610164 0.345511
0.305229 0.694771 0
0.245563 0.432067 0.32237
0.359521 0.157147 0.483332
0 0.40929 0.59071
0.0754288 0.0789629 0.845608
0.177392 0.4546 0.368008
0.24802 0.251259 0.50072
0 0.75 0.25
0.613991 0.0352061 0.350802
0.565148 0.434852 0
0.662379 0.337621 0
0.597527 0.402473 0
0.472023 0.173793 0.354184
0.316691 0.399516 0.283793
6.61239e-21 0.325272 0.674728
0.78769 0.21231 0
0.328447 0.0949214 0.576632
0.180325 0.819675 0
0.75 8.32667e-17 0.25
0.436566 0.122406 0.441028
0.236404 0.367697 0.395899
0.0836855 0.666314 0.25
0.694285 0.305715 0
0.0311856 0.0333935 0.935421
0.279174 0.0603882 0.660438
0 0.684239 0.315761
0.490307 0.0400337 0.469659
0.140095 0.527749 0.332156
0.24244 0.75756 0
0.161165 0.163585 0.67525
0.160516 0.0259976 0.813487
0.532405 0.467595 0
0.630042 0.369958 0
0.334887 0.31668 0.348433
0.589604 0.160396 0.25
0.522143 0.0857122 0.392144
0.306027 3.39758e-17 0.693973
0.572563 0 0.427437
0.970212 0.029788 0
0.369382 0.630618 0
0.562089 0.12113 0.316781
0.466818 0.533182 0
0.27366 0.72634 0
0.149717 0.850283 0
0.940409 0.0595907 0
0.230643 0 0.769357
0.131008 0.420993 0.447999
0.0794148 0.202171 0.718414
0.470459 1.04463e-16 0.529541
0.381428 0 0.618572
0.294238 0.274891 0.430871
0.0554993 0.287056 0.657445
0.910211 0.0897886 0
0.4187 0.261591 0.319709
0.434257 0.565743 0
0.403852 0.0582557 0.537892
0.337251 0.662749 0
5.96321e-21 0.586676 0.413324
0.664878 0.0851223 0.25
0.0295047 0.970495 0
0.0774583 0.392534 0.530008
0.725776 0.274224 0
0.401564 0.598436 0
5.55755e-17 1 0
3.00043e-17 2.56153e-17 1
0.110428 0 0.889572
0.818356 0.181644 0
