0.0479104 0.00709929 0.94499
0.592763 0.064392 0.342845
0.760157 0.239843 1.80522e-12
0.110349 0.559817 0.329835
0.370515 0.0350858 0.594399
0.0538731 0.1722 0.773927
0.648388 0.100158 0.251454
0.145683 0.854317 1.80522e-12
0.0266523 0.0660775 0.90727
0.467162 0.113513 0.419325
0.202734 0.174999 0.622267
0.203109 0.330931 0.465959
0.0549571 5.2554e-05 0.94499
0.10589 0.205675 0.688435
0.553869 0.1629 0.283231
0.103069 0.896931 8.95617e-13
0.392225 9.85756e-11 0.607775
0.182146 0.050644 0.76721
0.227364 0.250136 0.5225
0.00032205 0.154779 0.844899
0.0239025 0.689742 0.286355
0.0924409 0.502742 0.404817
0.487403 0.00480984 0.507787
0.304435 0.375084 0.320481
0.31634 0.0984612 0.585199
0.816446 0.183554 1.11022e-16
0.000256784 0.228143 0.7716
0.743224 1.89783e-15 0.256776
0.00193821 0.492871 0.505191
0.40773 0.604552 0.00173428
7.72906e-05 0.733459 0.266463
0.160494 0.839506 1.26432e-12
0.113805 0.438018 0.448177
0.333717 0.332446 0.333837
0.449946 0.293059 0.256996
0.936073 0.0639266 1.80522e-12
0.0646896 0.255963 0.679347
0.507267 0.207745 0.284988
0.182448 0.525646 0.291906
0.0646995 0.0798316 0.855469
0.282446 0.466295 0.251258
0.621232 0.378768 1.21514e-12
4.50556e-05 0.371011 0.628944
0.159109 0.155135 0.685755
0.388177 0.318366 0.293456
0.763982 0.236018 4.21885e-15
0.417656 0.118908 0.463435
0.499855 0.500145 1.40998e-14
0.696676 0.303324 0
0.327804 0.234047 0.438149
1.8913e-08 1 8.74835e-09
0.000746317 0.584144 0.41511
0.120804 0.879196 1.55431e-15
0.582427 4.07338e-09 0.417573
0.0502489 0.15483 0.794921
0.235906 0.764094 1.80522e-12
0.115518 0.224378 0.660103
3.09319e-17 2.97292e-17 1
0.139164 0.468104 0.392732
0.3709 2.13126e-12 0.6291
0.238437 3.27211e-05 0.761531
0.665923 0.0839646 0.250113
0.506449 0.139033 0.354518
0.0946101 0.308759 0.59663
0.292934 0.0424063 0.66466
1 2.55351e-15 1.11022e-16
0.0867281 0.663159 0.250113
0.469397 0.148166 0.382436
0.245642 0.250941 0.503416
0.199289 0.38709 0.413621
0.0131016 0.0393414 0.947557
0.106293 0.000150328 0.893556
2.41799e-05 0.654724 0.345252
0.565601 0.434399 1.80522e-12
0.260282 0.739718 1.11544e-12
0.0746025 0.925397 1.80522e-12
0.000380219 0.115286 0.884333
0.619943 0.0368181 0.343239
0.205193 0.196017 0.598791
0.0902786 0.555204 0.354518
0.120694 0.100718 0.778587
0.590959 0.152265 0.256776
0.17933 0.348323 0.472346
0.245211 0.419686 0.335103
0.20806 0.0884498 0.70349
0.0362649 0.400669 0.563066
0.300583 0.16685 0.532568
0.41625 0.0437317 0.540019
0.161289 0.024748 0.813963
0.5046 0.0605391 0.434861
0.393484 0.647044 0.00595204
0.427124 0.178971 0.393906
0.012647 0.262106 0.725247
0.589492 0.0853372 0.325171
0.694778 0.0219907 0.283231
0.378345 0.103475 0.51818
0.140791 0.555069 0.30414
0.267194 0.103862 0.628944
0.277296 0.26506 0.457644
0.281906 0.000398692 0.717696
