0 0 1
0.66512 0.0848797 0.25
0.358979 0.156977 0.484044
0.0311467 0.0331925 0.935661
0.75 0 0.25
0.0751764 0.07863 0.846194
0.204044 0.210524 0.585432
0.0777014 0.391787 0.530511
0.460357 0.289643 0.25
0.160614 0.163313 0.676073
0.436069 0.121958 0.441973
0.72549 0.27451 0
0.189949 0.337569 0.472481
0.521988 0.0852882 0.392724
0.211695 0.788305 0
0.180969 0.819031 0
0.114283 0.119123 0.766594
0.562447 0.120422 0.317132
0.150371 0.849629 0
0.245231 0.432705 0.322064
0.0789791 0.201524 0.719496
0.466607 0.533393 0
0.0857019 0.330211 0.584087
0.613927 0.0346897 0.351383
0.160122 0.0257614 0.814116
0.336029 0.315535 0.348436
0.939995 0.0600049 0
0.126667 0.243898 0.629435
0.381489 0.217528 0.400983
0 0.75 0.25
0.084513 0.665487 0.25
0.401306 0.598694 0
0.337111 0.662889 0
0.596825 0.403175 0
0.433905 0.566095 0
0.694049 0.305951 0
0.119962 0.880038 0
0.40272 0.0583037 0.538976
0.629431 0.370569 0
0.571778 0 0.428222
0.368975 0.631025 0
0.0555654 0.287005 0.65743
0.121963 0.596141 0.281896
0.242123 0.13383 0.624047
0.661799 0.338201 0
0.56438 0.43562 0
0.386138 0.363862 0.25
0.0897151 0.910285 0
0.278198 0.0603165 0.661486
0 0.32475 0.67525
0.177514 0.452392 0.370094
0.198684 0.551316 0.25
0.0444968 0.609653 0.34585
0.294969 0.273679 0.431352
0.13125 0.419662 0.449088
0.489549 0.0398 0.470651
0.247464 0.250659 0.501877
0.515739 0.21661 0.267651
0.288473 0.17931 0.532217
0.237604 0.366709 0.395686
0.970048 0.0299522 0
0.879846 0.120154 0
0.788295 0.211705 0
0.159912 0.294333 0.545755
0.818974 0.181026 0
0 0.112268 0.887732
0.031295 0.462645 0.50606
0.499192 0.500808 0
0.909921 0.0900789 0
0.30522 0 0.69478
0.756983 0.243017 0
0.0297369 0.970263 0
0.274186 0.475814 0.25
0.110044 0 0.889956
0.589539 0.160461 0.25
0.230106 0 0.769894
0 0.409033 0.590967
0.683554 0 0.316446
0.380456 0 0.619544
0.849472 0.150528 0
0.47149 0.173439 0.355072
0.273599 0.726401 0
0.242678 0.757322 0
0.305217 0.694783 0
0.469276 0 0.530724
0.41902 0.26114 0.31984
0.0869025 0.504455 0.408642
0.531622 0.468378 0
0.197015 0.0824037 0.720581
0.316394 0.398949 0.284657
0 0.684372 0.315628
0.0596265 0.940373 0
0.0195841 0.167707 0.812709
0 0.24073 0.75927
0 0.524684 0.475316
0 0.586065 0.413935
0.140973 0.525951 0.333075
0.327304 0.0947069 0.577989
0 1 0
1 0 0
