1 0 0
0.231867 0.425208 0.342925
0.209942 0.540058 0.25
0.626245 0.0628371 0.310918
0.137474 0.356092 0.506434
0.970102 0.0298979 0
0.119891 0.880109 0
0.321432 0.209531 0.469037
0 0.75 0.25
0.397469 0.352531 0.25
0.357899 0.299151 0.34295
0.0861584 0.663842 0.25
0.301928 0.275445 0.422626
0.597316 0.402684 0
0.473225 0.276775 0.25
0.434764 0.565236 0
0.669997 0.0800026 0.25
0.0872129 0.194794 0.717993
0.565022 0.434978 0
0.910036 0.0899636 0
0.228401 0.202701 0.568897
0.402465 0.597535 0
0.442376 0.097968 0.459656
2.10461e-17 0.375466 0.624534
0.251057 0.256965 0.491978
0.306196 0.693804 0
0.33818 0.66182 0
0.0896647 0.910335 0
0.164693 0.023974 0.811333
0.0284066 0.15928 0.812313
0.180902 0.819098 0
0.0405719 0.622792 0.336636
0.589942 0.160058 0.25
0 0.301994 0.698006
0.331193 0.0934322 0.575375
0.112274 0 0.887726
0.243247 0.756753 0
0.849357 0.150643 0
0.0298107 0.970189 0
0.756421 0.243579 0
0.134899 0.592541 0.27256
0.0620058 0.272433 0.665561
0.532564 0.467436 0
0.725199 0.274801 0
0.283059 0.0598198 0.657121
0.478754 0.148405 0.372841
0.122293 0.115132 0.762574
0.75 8.32667e-17 0.25
0.554112 0.103121 0.342767
0.0329369 0.031449 0.935614
0.0595243 0.940476 0
0.523595 0.0457987 0.430606
0.274453 0.725547 0
0.417959 0.0386531 0.543388
0.172252 0.161097 0.666651
0.0786046 0.0760543 0.845341
0.818506 0.181494 0
0.234116 0 0.765884
0.499935 0.500065 0
0.286469 0.463531 0.25
0.879901 0.120099 0
0.138584 0.463422 0.397994
0.141169 0.238304 0.620527
0.191286 0.375347 0.433368
0.661512 0.338488 0
0.204481 0.0822973 0.713222
0.467298 0.532702 0
0.150258 0.849742 0
0.255706 0.134593 0.609701
0.693413 0.306587 0
0.180431 0.28585 0.533719
0.18007 0.502625 0.317305
0.672126 7.4621e-17 0.327874
0.519629 0.19987 0.280501
0.787768 0.212232 0
0.038014 0.515935 0.446051
0.629595 0.370405 0
0.359975 0.137398 0.502627
0.492591 5.46886e-17 0.507409
0.384983 4.27417e-17 0.615017
0.940187 0.0598128 0
0.0923769 0.433615 0.474008
0.370284 0.629716 0
0.399195 0.192722 0.408084
0 0.688958 0.311042
0.27009 0.346717 0.383192
0 0.228137 0.771863
0 0.587795 0.412205
0.322589 0.389582 0.287829
0.0906511 0.323093 0.586256
0 0.110786 0.889214
0.43413 0.243075 0.322795
0.0383532 0.407193 0.554454
0.0928784 0.545488 0.361634
0.594559 0 0.405441
0.309717 0 0.690283
0.211876 0.788124 0
0 0.480903 0.519097
0 1 0
0 0 1
