0.392022 0.0773069 0.530671
0.818679 0.181321 0
0.0948514 0.32892 0.576229
0.290665 0.459335 0.25
0.505187 0.0869182 0.407895
0.338011 0.18794 0.474049
0.0328862 0.0314036 0.93571
0.463362 0.0309367 0.505701
0.0588339 0.404394 0.536772
0.0349709 0.61413 0.350899
0.133659 0.243466 0.622875
0.201144 0.0792077 0.719649
0.150561 0.849439 0
0.693844 0.306156 0
0.662021 0.337979 0
0.849559 0.150441 0
0.160679 0.589321 0.25
0.420666 0.131102 0.448232
0.597912 0.402088 0
0.666202 0.0837979 0.25
0.551223 0.198777 0.25
0.324109 0 0.675891
0.525291 0 0.474709
0.0783824 0.0755609 0.846057
0.274108 0.294094 0.431798
0.0597373 0.940263 0
0.454184 0.178179 0.367636
0.0861553 0.522265 0.39158
0.610019 0.0448509 0.34513
0.527197 0.140428 0.332375
0.157403 0.359394 0.483204
0.430246 0.246431 0.323323
0.476537 0.273463 0.25
0.316838 0.333954 0.349208
0.179688 0.289068 0.531244
0.910371 0.0896288 0
0.243347 0.756653 0
0.243658 0.12646 0.629881
0.500342 0.499658 0
0.120038 0.879962 0
0.286547 0.0554232 0.65803
0.787912 0.212088 0
0.293808 0.159536 0.546656
0.58682 0 0.41318
0.725485 0.274515 0
0.399629 0.316605 0.283767
0.02977 0.97023 0
0.880366 0.119634 0
0.21226 0.78774 0
0.112263 0 0.887737
0.0253591 0.161161 0.81348
0.330639 0.0854338 0.583927
0.181129 0.818871 0
0.970294 0.0297059 0
0.0849681 0.665031 0.250001
0.467749 0.532251 0
0.218387 0.381414 0.4002
0 0.306939 0.693061
0.338363 0.661637 0
0.118799 0.115027 0.766175
0.274573 0.725427 0
0.630345 0.369655 0
0 0.75 0.25
0.240026 0 0.759974
0.306457 0.693543 0
0.210311 0.204373 0.585316
0.402839 0.597161 0
0.217802 0.515437 0.266761
0.250777 0.247213 0.50201
0.0821798 0.198299 0.719521
0 0.231365 0.768635
0.684597 0 0.315403
0.532904 0.467096 0
0.262333 0.417996 0.319671
0.0602349 0.279878 0.659887
0.756759 0.243241 0
0.940507 0.059493 0
0.123037 0.436535 0.440428
0.56557 0.43443 0
0 0.110611 0.889389
0.0408039 0.490262 0.468934
0 0.382448 0.617552
0.12098 0.562457 0.316563
0.167286 0.0203329 0.812381
0.364506 0.385494 0.25
0.435259 0.564741 0
0.408228 0 0.591772
0.75 0 0.25
0.0896361 0.910364 0
0.162951 0.161226 0.675823
0.174237 0.472174 0.353589
0.366736 0.235742 0.397521
0 0.683757 0.316243
0 0.471092 0.528908
5.55654e-17 1 0
0.370509 0.629491 0
0.596663 0.122122 0.281216
0 0.572577 0.427423
0 0 1
1 0 0
