0 0 1
0.75 0 0.25
0.436166 0.563834 0
0.47622 0.27378 0.25
0.630821 0.369179 0
0.308704 0.691296 0
0.179246 0.28955 0.531204
0.666258 0.0837424 0.25
0.419686 0.131303 0.449011
0.501041 0.498959 0
0.468624 0.531376 0
0.596825 0.12167 0.281505
0.287093 0.0557026 0.657204
0.434864 0.244239 0.320897
0.662969 0.337031 0
0.120866 0.562456 0.316678
0.243888 0.127109 0.629003
0.330133 0.0865841 0.583283
0.533554 0.466446 0
0.0911313 0.908869 0
0.290762 0.459238 0.25
0.340295 0.659705 0
0.217796 0.381986 0.400218
0.0826308 0.197887 0.719482
0.156817 0.359809 0.483375
0.364768 0.385232 0.25
0.121586 0.878414 0
0.316143 0.336241 0.347617
0.818765 0.181235 0
0.726041 0.273959 0
0.788105 0.211895 0
0.168265 0.0195224 0.812212
0.16034 0.58966 0.25
0.250524 0.248424 0.501052
0.551911 0.198089 0.25
0.325076 0 0.674924
0.0607965 0.939204 0
0.0327971 0.0314077 0.935795
0.0787294 0.0754531 0.845818
0.609469 0.0446858 0.345845
0.0257662 0.160903 0.813331
0.367355 0.239011 0.393634
0.0303485 0.969652 0
0.163097 0.161289 0.675613
0.261405 0.419336 0.319259
0.0948002 0.328857 0.576343
0.940112 0.059888 0
0.0849191 0.665081 0.25
0.504374 0.0867948 0.408831
0.372187 0.627813 0
0.183007 0.816993 0
0.909998 0.090002 0
0.0351616 0.614116 0.350722
0.0603516 0.279269 0.660379
0.391795 0.0774827 0.530722
0.56609 0.43391 0
0.276919 0.723081 0
0.119201 0.114358 0.766441
0.694861 0.305139 0
0.21038 0.204839 0.584781
0.214111 0.785889 0
0.13377 0.243292 0.622938
0.879968 0.120032 0
0.404045 0.595955 0
0.337611 0.190353 0.472036
1.99122e-22 0.110627 0.889373
0.122412 0.436979 0.440608
0 0.470963 0.529037
0.452324 0.177841 0.369835
0 0.381819 0.618181
0.241325 0 0.758675
0 0.572685 0.427315
0.526913 0.139554 0.333532
0.408896 0 0.591104
0.0856467 0.522475 0.391878
0.173848 0.472318 0.353834
0 0.75 0.25
0.683948 0 0.316052
0.152235 0.847765 0
0.112037 0 0.887963
0.58634 6.50968e-17 0.41366
0.970099 0.0299014 0
0.462999 0.0310047 0.505996
0 0.306458 0.693542
0.293896 0.161066 0.545038
0.0580783 0.404571 0.537351
0 0.68379 0.31621
0.598638 0.401362 0
0.274216 0.295283 0.430501
4.1593e-22 0.231079 0.768921
0.757271 0.242729 0
0.245541 0.754459 0
0.400017 0.315367 0.284616
0.849453 0.150547 0
0.0400147 0.490542 0.469444
1 0 0
0.201757 0.0793397 0.718903
0 1 0
0.524907 0 0.475093
0.217524 0.515931 0.266546
