0 0 1
0.145543 0.536657 0.3178
0.0899304 0.66007 0.25
0.0436707 0.623422 0.332908
0.13381 0.245743 0.620448
0.2117 0.206459 0.581842
0.0779815 0.0768369 0.845182
0.33813 0.66187 0
0.75 0 0.25
0.787453 0.212547 0
0.382257 0.218374 0.39937
0.506255 0.085212 0.408533
0.0253431 0.16268 0.811976
0.597452 0.402548 0
0.0831184 0.199834 0.717047
0.313436 0.351753 0.334811
2.71566e-17 0.487645 0.512355
0.230978 0.507566 0.261456
0.546296 0.203704 0.25
0.248982 0.252078 0.498941
0.306309 0.693691 0
0.909901 0.0900995 0
0.382627 0.367373 0.25
0.429517 0.258347 0.312136
0.724636 0.275364 0
0.105875 0.441103 0.453022
0.608134 0.0441546 0.347712
9.34306e-21 0.75 0.25
0.210502 0.38679 0.402708
0.6932 0.3068 0
0.939995 0.0600047 0
0.236595 0 0.763405
0.35184 0.286679 0.361481
0.681881 0 0.318119
0.431564 0.133106 0.435329
0.211706 0.788294 0
0.165164 0.16283 0.672005
0.661422 0.338578 0
0.167013 0.582987 0.25
0.333831 0.197682 0.468487
0.370304 0.629696 0
0.467709 0.532291 0
0.0851219 0.549337 0.365541
0.14983 0.364866 0.485305
0.306424 0.443576 0.25
0.0601126 0.281697 0.65819
0.119638 0.880362 0
0.879352 0.120648 0
0.284747 0.0561272 0.659125
0.565086 0.434914 0
0.514016 0 0.485984
0.274291 0.725709 0
0.629671 0.370329 0
0.0439922 0.516847 0.43916
0.118763 0.116888 0.764349
0.396277 0 0.603723
0.444669 0.0277319 0.527599
0.248049 0.126844 0.625107
0.667572 0.0824281 0.25
0.818289 0.181711 0
0.343124 0.0777752 0.579101
0.532649 0.467351 0
0.164995 0.467851 0.367154
0.111749 0 0.888251
0 0.590081 0.409919
0.296478 0.160496 0.543026
0.464767 0.285233 0.25
0.165128 0.0226851 0.812187
0.26721 0.305566 0.427224
0.0461396 0.414745 0.539115
0.58038 0 0.41962
3.75992e-21 0.385763 0.614237
0.534794 0.135012 0.330193
0.149974 0.850026 0
0.0323552 0.0320682 0.935577
0.316387 0 0.683613
0.180664 0.819336 0
0.970013 0.0299865 0
0.402719 0.597281 0
2.27281e-21 0.233188 0.766812
0.201093 0.0806659 0.718241
1.08691e-21 0.111515 0.888485
0.756137 0.243863 0
0.391398 0.106271 0.502331
6.72403e-21 0.689877 0.310123
0.0297599 0.97024 0
0.849074 0.150926 0
0.258731 0.422244 0.319025
3.01569e-21 0.309406 0.690594
0.243016 0.756984 0
5.60804e-17 1 0
0.467663 0.183274 0.349062
0.601261 0.124184 0.274555
0.435194 0.564806 0
0.0895586 0.910441 0
0.500191 0.499809 0
0.177595 0.293239 0.529166
0.0921055 0.33372 0.574175
1 0 0
0.059586 0.940414 0
