3.84675e-17 1.74841e-17 1
0.492299 0 0.507701
0.909811 0.0901887 0
0.187159 0.562841 0.25
0.224526 0.494004 0.28147
0.97005 0.0299497 0
0.879413 0.120587 0
0.755902 0.244098 0
0.131806 0.248459 0.619735
0.213086 0.786914 0
0.318068 0.32696 0.354972
0.182069 0.817931 0
0.84854 0.15146 0
0.108054 0.436832 0.455114
0.663726 0.0862737 0.25
0.240646 0.13215 0.627204
0.490627 0.225894 0.283479
1.67856e-20 0.75 0.25
0.629174 0.370826 0
0.939884 0.060116 0
0.504116 0.0516413 0.444243
0.329306 0.0970904 0.573604
0.75 0 0.25
0.587562 0.129038 0.2834
0.120394 0.879606 0
0.617534 0.0406611 0.341805
0.404158 0.271955 0.323887
0.661058 0.338942 0
0.786748 0.213252 0
0.275298 0.724702 0
5.55654e-17 1 0
0.046545 0.415811 0.537644
0.0306875 0.0334502 0.935862
0.442556 0.307444 0.25
0.431824 0.132081 0.436095
0.459982 0.173927 0.366091
0.303631 0.446369 0.25
0.208653 0.208687 0.582659
0.0804461 0.203088 0.716466
0.584282 0 0.415718
0.365909 0.370625 0.263466
0.724673 0.275327 0
0.817734 0.182266 0
0.264772 0.408407 0.326821
0.0811065 0.668894 0.25
0.532239 0.467761 0
0.113508 0.601039 0.285453
0.27557 0.290967 0.433463
0.302937 0 0.697063
0.113662 0.120627 0.765711
0.555227 0.194773 0.25
0.0561028 0.512686 0.431211
0.692996 0.307004 0
0 0.683576 0.316424
0.151456 0.361647 0.486898
0.0592001 0.284749 0.656051
0.177799 0.292597 0.529604
0.0600045 0.939996 0
0.293345 0.16484 0.541816
0.0751375 0.0784448 0.846418
0.250227 0.249539 0.500234
0 0.311985 0.688015
0.467303 0.532697 0
0.24422 0.75578 0
0.158426 0.0263173 0.815256
0.36117 0.0158094 0.62302
0.402868 0.0802442 0.516888
0.434887 0.565113 0
0.499761 0.500239 0
0.0901114 0.909889 0
0.686713 0 0.313287
1.01537e-20 0.58291 0.41709
0.121475 0.53324 0.345284
0 0.112024 0.887976
0.109269 0 0.890731
0.597054 0.402946 0
0.168388 0.458965 0.372648
0.227886 0 0.772114
0.370662 0.629338 0
0.338775 0.661225 0
0.160487 0.165946 0.673568
0.0399589 0.609805 0.350236
0.272734 0.0619493 0.665317
0.0919179 0.335192 0.57289
0.36996 0.231321 0.398719
1.09586e-20 0.489645 0.510355
0.402753 0.597247 0
0.0299142 0.970086 0
0.0221743 0.16549 0.812335
6.76191e-21 0.388192 0.611808
0.427163 0 0.572837
0.341864 0.186975 0.471161
0.215798 0.376057 0.408145
0.536614 0.103668 0.359718
4.10683e-21 0.235767 0.764233
0.151521 0.848479 0
0.193841 0.0837091 0.722449
0.306858 0.693142 0
0.564633 0.435367 0
1 0 0
