1 0 0
0.749999 0 0.250001
0.244281 0.416789 0.33893
0.180758 0.291006 0.528236
0.087635 0.662364 0.250001
0.384747 0.365252 0.250001
0.254149 0.252836 0.493015
0.849312 0.150688 0
0.118384 0.116806 0.764811
0.370291 0.629709 0
0.457996 0.292003 0.250001
0.281677 0.0600744 0.658249
0.210927 0.209571 0.579502
0.910211 0.0897886 0
0.434853 0.565147 0
0.756253 0.243747 0
0.467263 0.532737 0
0.20076 0.0820516 0.717188
0 0.380085 0.619915
0.163242 0.0243215 0.812437
0.16486 0.16296 0.67218
0.0252787 0.161282 0.813439
0.277537 0.472462 0.250001
0.818365 0.181635 0
0.384013 0 0.615987
0.123292 0.586739 0.289969
0.158459 0.465353 0.376188
0.629491 0.370509 0
0.511403 0.219683 0.268914
0.0602611 0.278434 0.661305
0.564633 0.435367 0
0.0940093 0.327698 0.578293
0.724862 0.275138 0
0 0.749999 0.250001
0.33201 0.0934491 0.574541
0.519281 0.0284152 0.452304
0.308477 3.42479e-17 0.691523
0.0775487 0.0765276 0.845924
0.19617 0.55383 0.250001
0.0357326 0.497318 0.46695
0.115102 0.435192 0.449706
0.362111 0.153454 0.484435
0.3768 0.218223 0.404976
0.246725 0.133342 0.619933
0.179439 0.508257 0.312304
0.586682 0.163317 0.250001
0.181577 0.818423 0
0.134238 0.243952 0.62181
0.507624 0.0960619 0.396314
0.880004 0.119996 0
0.69331 0.30669 0
0.0598578 0.940142 0
0.0900153 0.909985 0
0.597021 0.402979 0
0.532334 0.467666 0
0.0347767 0.617689 0.347534
0.663389 0.0866105 0.250001
0.661393 0.338607 0
0.413865 0.264686 0.321449
0.314986 0.396489 0.288525
0.329876 0.318279 0.351846
0.338171 0.661829 0
0.032601 0.0315899 0.935809
0.0843408 0.530851 0.384809
0.0830218 0.198281 0.718698
0.787803 0.212197 0
0 0.686159 0.313841
0.611113 0.04539 0.343497
0.30648 0.69352 0
0.0538715 0.404426 0.541702
0.970197 0.0298029 0
0.150864 0.849136 0
0.940506 0.0594938 0
0.120219 0.879781 0
0.212372 0.787628 0
0.499698 0.500302 0
0.218019 0.370622 0.411359
0.463923 0.178157 0.35792
0.0299293 0.970071 0
0.410062 0.0507632 0.539175
0.11131 1.23579e-17 0.88869
0.402471 0.597529 0
0.685034 7.60541e-17 0.314966
0.480231 0 0.519769
0.287236 0.282198 0.430566
0.586924 6.51616e-17 0.413076
0.152262 0.359712 0.488026
0.555552 0.126614 0.317834
0.274961 0.725039 0
0 0.110301 0.889699
0.436333 0.112384 0.451284
0.243578 0.756422 0
0.29319 0.179649 0.52716
0.232655 2.58299e-17 0.767345
0 0.230553 0.769447
0 0.305224 0.694776
0 0.576365 0.423635
0 1 0
0 0.471673 0.528327
7.72228e-17 8.97444e-17 1
