1 0 0
0.214073 0.785927 0
0.458467 0.175016 0.366517
0.154251 0.303085 0.542664
0.287161 0.166458 0.546381
0.459673 0.0556842 0.484643
0.661145 0.338855 0
0.118247 0.557885 0.323868
0.276434 0.723566 0
0.225819 0 0.774181
0.212096 0.39055 0.397354
0.074041 0.0790428 0.846916
0 0.497254 0.502746
0.339587 0.660413 0
0.271621 0.0588459 0.669533
0.152276 0.847724 0
0.399899 0.317929 0.282172
0.307891 0.692109 0
0.413083 0.147463 0.439454
0.158241 0.166434 0.675326
0.32695 0.206967 0.466083
0.125222 0.250692 0.624086
0.111479 0.121993 0.766528
0.043624 0.609599 0.346777
0.192199 0.0840601 0.723741
0.111834 0.439639 0.448527
0.879149 0.120851 0
0.0492147 0.422748 0.528037
0.156756 0.0275329 0.815711
0 0.587276 0.412724
0.438536 0 0.561464
0.53311 0.46689 0
0 0.318101 0.681899
0.0851031 0.348479 0.566418
0.0910453 0.908955 0
0.599389 0.122256 0.278354
0.685215 0 0.314785
0.0782705 0.204814 0.716916
0.0570962 0.290039 0.652865
0.939742 0.0602578 0
0.724382 0.275618 0
0.403434 0.596566 0
0.371777 0.00432197 0.623901
0.376306 0.107684 0.516011
0.817777 0.182223 0
0.848475 0.151525 0
0.0600866 0.519224 0.42069
0.358838 0.257686 0.383476
0.12155 0.87845 0
0.285725 0.464275 0.25
0.51109 0.0885567 0.400353
0.183048 0.816952 0
0.237947 0.257381 0.504672
0.239523 0.131005 0.629473
0.597529 0.402471 0
0.361014 0.388986 0.25
0 0.239492 0.760508
0.253739 0.427151 0.319109
0.629512 0.370488 0
0.692873 0.307127 0
0.432985 0.237203 0.329812
0.301099 0 0.698901
0.755476 0.244524 0
0.211428 0.517638 0.270934
0.909647 0.0903526 0
0.500604 0.499396 0
0.158953 0.591047 0.25
0 0.396409 0.603591
0.56527 0.43473 0
0.245041 0.754959 0
0.331774 0.0795748 0.588651
0.0197022 0.167711 0.812587
0.667343 0.0826572 0.25
0.550958 0.199042 0.25
0.202445 0.212447 0.585108
0.170755 0.354641 0.474604
0.587928 0 0.412072
0.5312 0.144578 0.324221
0.969922 0.0300784 0
0 0.111992 0.888008
0.311301 0.345773 0.342926
0.0301167 0.969883 0
0 0.684787 0.315213
0.371411 0.628589 0
0.0853786 0.664621 0.25
0.0301966 0.0334687 0.936335
0.476481 0.273519 0.25
0.435761 0.564239 0
0.0603666 0.939633 0
0.612968 0.0433856 0.343646
0.75 0 0.25
0.160447 0.476699 0.362854
0.269575 0.303052 0.427374
0.786737 0.213263 0
0.108717 0 0.891283
0.527471 0 0.472529
1.22639e-20 0.75 0.25
0 0 1
0.468224 0.531776 0
0 1 0
