0.173363 0.826637 1.9984e-15
0.156954 0.0488549 0.794191
0.492348 0.151752 0.3559
0.0515166 0.168378 0.780105
0.0131675 0.351233 0.6356
0.158101 0.0532244 0.788675
0.0104281 0.188701 0.800871
0.00743994 0.027628 0.964932
0.000253381 0.41788 0.581866
0.561853 0.102971 0.335176
0.107959 0.892041 1.9984e-15
0.976771 0.0232295 1.88738e-15
0.412275 0.00585863 0.581866
0.107534 0.0982753 0.794191
0.034703 0.247864 0.717433
0.196298 0.321831 0.481871
0.10467 0.408587 0.486743
0.412243 0.170296 0.417461
0.010453 0.0897113 0.899836
0.0269646 0.334241 0.638794
0.174401 0.514478 0.311121
0.565085 0.122353 0.312562
0.000100832 0.166294 0.833605
0.159969 0.276725 0.563307
0.185079 0.564488 0.250433
0.33321 0.0934461 0.573343
0.875448 0.124552 3.88578e-15
0.115179 0.441958 0.442863
0.000438894 0.723831 0.27573
0.236548 0.000415343 0.763036
0.397235 0.0411329 0.561632
0.346604 0.653396 9.4369e-15
0.269906 0.0524796 0.677615
0.524338 0.196953 0.278708
0.239967 0.478003 0.28203
0.00218511 0.478217 0.519598
0.00941734 0.227387 0.763195
0.634659 0.365341 1.33227e-15
0.748533 0.00103389 0.250433
0.498353 0.501647 2.55351e-15
0.232919 0.767081 2.33147e-15
0.406519 0.290557 0.302925
0.0016591 0.584893 0.413448
0.955204 0.0447962 6.55032e-15
0.0955521 0.651183 0.253265
0.0813967 0.0659412 0.852662
5.5456e-16 7.74212e-17 1
0.123939 0.230196 0.645865
0.531968 0.115475 0.352557
0.125924 0.521519 0.352557
0.394985 1.97844e-10 0.605015
3.46849e-07 1 2.33147e-15
0.157578 0.160796 0.681626
0.69929 0.30071 2.09832e-14
0.332375 0.332449 0.335176
0.407062 0.142034 0.450905
1 5.35309e-10 1.88738e-15
0.165489 0.0336403 0.800871
0.667151 0.0824164 0.250433
0.568472 0.000611314 0.430917
0.781331 0.218669 2.33147e-15
0.116172 0.883828 3.88578e-15
0.000389698 0.380677 0.618934
0.251957 0.247223 0.500819
0.0696193 0.290809 0.639572
0.223399 0.405236 0.371366
0.0496345 0.950365 1.9984e-15
0.572327 0.176403 0.25127
0.120448 0.0103397 0.869212
0.387333 0.624193 0.00141042
0.198194 0.342848 0.458959
0.297468 0.702532 7.77156e-16
0.371387 0.199842 0.428771
0.628459 0.042414 0.329127
0.152148 0.850738 0.00040394
0.123317 0.119642 0.757042
0.166328 0.448054 0.385618
0.405518 0.0797265 0.514756
0.256774 0.743226 8.99281e-15
0.275015 0.452649 0.272336
2.4509e-08 0.0706619 0.929338
0.177782 0.185167 0.637051
0.81319 0.18681 1.4877e-14
0.365844 0.123161 0.510995
0.019144 0.617741 0.363115
0.0330192 0.407982 0.558999
0.601807 0.447839 0.00735039
0.000100682 0.280522 0.719377
0.490893 0.153936 0.355171
0.751901 0.248099 1.93179e-14
0.0285854 0.715435 0.25598
0.0833097 0.485774 0.430917
0.322538 0.00146591 0.675996
0.673719 0.00844274 0.317838
0.285337 0.0907781 0.623885
0.156106 0.362022 0.481871
0.098394 0.583587 0.318019
0.0544045 0.00720674 0.938389
0.216599 0.0699503 0.713451
0.066224 0.174842 0.758934
