0 0 1
0.078934 0.0768017 0.844264
0.285208 0.0605032 0.654288
0.555114 0.194886 0.25
0.786883 0.213117 0
0.217439 0.213581 0.56898
0.500066 0.499934 0
0.0329598 0.0319125 0.935128
0.388202 0 0.611798
0.288791 0.319628 0.391581
0.360947 0.389053 0.25
0.380452 0.144428 0.47512
0.121225 0.878775 0
0.151886 0.848114 0
0.339292 0.23004 0.430667
0.112918 0 0.887082
0.458299 0.11569 0.426011
0.0832024 0.507662 0.409136
0.162795 0.587205 0.25
0.165489 0.0241112 0.8104
0.504085 0.0379807 0.457934
0.380792 0.275791 0.343416
0.169207 0.164251 0.666542
0.0854656 0.197804 0.716731
0.848655 0.151345 0
0.629331 0.370669 0
0.724534 0.275466 0
0.48627 0.26373 0.25
0.312137 0 0.687863
0.661159 0.338841 0
0.0919434 0.327537 0.580519
0.37088 0.62912 0
0.236098 0 0.763902
0.467717 0.532283 0
0.0301866 0.969813 0
0.336766 0.0942972 0.568936
0.203084 0.374884 0.422031
0.66476 0.0852399 0.25
0.480625 0 0.519375
0.121559 0.116651 0.76179
0.817807 0.182193 0
0 0.687462 0.312538
0.597273 0.402727 0
0.213677 0.786323 0
0.56503 0.43497 0
0.275555 0.724445 0
0.246224 0.4168 0.336976
0.581646 0 0.418354
0 0.596196 0.403804
0.142798 0.359796 0.497406
0.123401 0.554587 0.322012
0.255866 0.270097 0.474037
0.416101 0.0530393 0.530859
0 0.75 0.25
0.435328 0.564672 0
0.325536 0.360306 0.314159
0.338559 0.661441 0
0.909795 0.0902054 0
0.940044 0.0599564 0
0.0478506 0.611927 0.340222
0.244646 0.755354 0
0.622086 0.0341022 0.343812
0.165404 0.465522 0.369074
0.756024 0.243976 0
0.0906425 0.909358 0
0.503042 0.16787 0.329088
0.970003 0.0299973 0
0.879269 0.120731 0
0.297682 0.18112 0.521198
0.0160045 0.529095 0.454901
0.211718 0.511607 0.276675
0 0.478086 0.521914
0.541113 0.0857479 0.373139
0.403016 0.596984 0
0.75 0 0.25
0.137383 0.244015 0.618602
0.420728 0.312488 0.266784
0.0453228 0.408103 0.546574
0.0274953 0.1609 0.811604
0.532443 0.467557 0
0.104775 0.4352 0.460024
0.0603699 0.93963 0
0.0871155 0.662885 0.25
0 0.379229 0.620771
0.18272 0.81728 0
0 0.304749 0.695251
0.688002 0 0.311998
0 0.111428 0.888572
0.30698 0.69302 0
0.250819 0.134973 0.614208
0.592311 0.122878 0.284811
0.203999 0.0826257 0.713375
0.181408 0.292736 0.525856
0.0609647 0.276914 0.662122
0.42635 0.19982 0.37383
0 0.230224 0.769776
0.283643 0.466357 0.25
0.693068 0.306932 0
5.55654e-17 1 0
1 0 0
