0.12126 0.87874 0
0.0791122 0.505291 0.415597
0.613718 0.0356852 0.350597
0.24427 0.75573 0
0.0230653 0.46542 0.511514
1 0 0
0.243314 0.133867 0.622819
0.166862 0.464442 0.368697
0.126269 0.243226 0.630506
0.115804 0.117839 0.766357
0 0.687279 0.312721
0.204131 0.210593 0.585276
0.75 0 0.25
0.328548 0.0952199 0.576232
0.275538 0.724462 0
0.417821 0.261786 0.320393
0.160797 0.589203 0.25
0.387415 0.362585 0.25
0.596338 0.403662 0
0.332901 0.315741 0.351357
0.358361 0.157696 0.483943
0 0.405516 0.594484
0.628626 0.371374 0
0.0553884 0.28441 0.660202
0.0757216 0.0777427 0.846536
0 0.75 0.25
0.683474 0 0.316526
0.40235 0.59765 0
0.817276 0.182724 0
0.161341 0.0247931 0.813866
0.338716 0.661284 0
0.664954 0.0850458 0.25
0 0.529428 0.470572
0 0.11165 0.88835
0.075711 0.392538 0.531751
0.515218 0.216865 0.267917
0.46107 0.28893 0.25
0.43604 0.122934 0.441026
0.471241 0.174256 0.354502
0.0866545 0.663346 0.25
0.291274 0.27569 0.433037
0.0301697 0.96983 0
0.499291 0.500709 0
0.589059 0.160941 0.25
0.198717 0.0819758 0.719307
0.470849 0 0.529151
0.208781 0.513713 0.277506
0.660644 0.339356 0
0.531679 0.468321 0
0.161507 0.162647 0.675846
0.878927 0.121073 0
0.786372 0.213628 0
0.231478 0 0.768522
0.151642 0.848358 0
0.306926 0.693074 0
0 0.238148 0.761852
0.572662 0 0.427338
0.121508 0.553901 0.324591
0.939711 0.0602891 0
0.226357 0.369066 0.404576
0.969867 0.0301329 0
0.521867 0.086034 0.392098
0 0.321356 0.678644
0.0795613 0.199958 0.720481
0.247755 0.418825 0.333419
0.288277 0.180322 0.531401
0.213236 0.786764 0
0.0464753 0.612248 0.341277
0.182384 0.817616 0
0 0.594794 0.405206
0.848138 0.151862 0
0.0603634 0.939637 0
0.279727 0.0603347 0.659938
0.562157 0.121124 0.316719
0.183929 0.339038 0.477033
0.317699 0.394752 0.287549
0.245795 0.251936 0.502268
0.755449 0.244551 0
0.0315341 0.032554 0.935912
0.466939 0.533061 0
0.490259 0.0405499 0.469191
0.306638 0 0.693362
0.564066 0.435934 0
0.434534 0.565466 0
0.724057 0.275943 0
0.021279 0.165804 0.812917
0.692522 0.307478 0
0.379953 0.218513 0.401535
0.125156 0.423816 0.451029
0.0906671 0.909333 0
0.27997 0.47003 0.25
0.909473 0.0905267 0
0.0836041 0.330998 0.585398
0.370554 0.629446 0
0.110528 0 0.889472
0.157733 0.294115 0.548153
0.404175 0.0584429 0.537382
0 1 0
0 0 1
0.381843 0 0.618157
