0.323746 0.388444 0.287809
0.0506783 0.352495 0.596827
0.276271 0.723729 0
0.23975 0.136434 0.623815
0.517618 0.213196 0.269186
0.4649 0.2851 0.25
0.210705 0.502735 0.28656
0 0.588789 0.411211
0 0 1
0.878944 0.121056 0
0.75528 0.24472 0
0.253453 0.412646 0.333902
0.665621 0.0843787 0.25
0 0.687883 0.312117
0.614225 0.033848 0.351927
0.628906 0.371094 0
0.135787 0.424447 0.439766
0.489687 0.0398826 0.47043
0.157093 0.166947 0.67596
0.286784 0.463216 0.25
0.596876 0.403124 0
0.4355 0.122052 0.442448
0.786629 0.213371 0
0.66073 0.33927 0
0.564686 0.435314 0
0.392456 0.357544 0.25
0.336241 0.310959 0.3528
0.0321097 0.0318182 0.936072
0.0324204 0.278015 0.689565
0.231084 0.36553 0.403386
0.121788 0.878212 0
0 0.75 0.25
0.522072 0.0847554 0.393173
0.183074 0.816926 0
0 0.528365 0.471635
0.0607249 0.939275 0
0.0303209 0.969679 0
0.339437 0.660563 0
0.0871059 0.518809 0.394085
0.091272 0.908728 0
0.0883209 0.661679 0.25
0.326435 0.0959854 0.57758
0 0.432418 0.567582
0.692454 0.307546 0
0.168461 0.468742 0.362797
0.683822 0 0.316178
0.848382 0.151618 0
0.371236 0.628764 0
0.0969184 0.382988 0.520094
0.197549 0.0836779 0.718773
0.532474 0.467526 0
0.402638 0.058953 0.538409
0.152231 0.847769 0
0.10993 0.254261 0.635809
0.0788657 0.197498 0.723636
0.189714 0.334051 0.476235
0.590659 0.159341 0.25
0.75 0 0.25
0.0482145 0.464078 0.487708
0.119553 0.577789 0.302658
0.110676 0 0.889324
0.403034 0.596966 0
0.724196 0.275804 0
0.9095 0.0905005 0
0.183974 0.566026 0.25
0.240836 0.252205 0.506958
0.499965 0.500035 0
0.278245 0.0610914 0.660664
0.293629 0.271551 0.43482
0.076431 0.0768645 0.846704
0 0.233266 0.766734
0 0.110389 0.889611
0.563718 0.118826 0.317456
0.21393 0.78607 0
0.0398898 0.616493 0.343617
0.420663 0.258485 0.320852
0.381047 0 0.618953
0.939867 0.0601329 0
0.969808 0.0301921 0
0.28461 0.181545 0.533844
0.435275 0.564725 0
0.469747 0 0.530253
0.306045 0 0.693955
0.244974 0.755026 0
0.116185 0.117064 0.76675
0.467579 0.532421 0
0.38207 0.215447 0.402483
0.195128 0.215486 0.589386
0.571957 0 0.428043
0.472686 0.171678 0.355636
0.817658 0.182342 0
0.356459 0.157964 0.485577
0.145547 0.29861 0.555843
0 1 0
0.161696 0.0248839 0.81342
0.231239 0 0.768761
1 0 0
0.307775 0.692225 0
0 0.338262 0.661738
0.0226726 0.162522 0.814806
