1 0 0
0.119173 0.114994 0.765833
0.879328 0.120672 0
0.435294 0.564706 0
0.201353 0.0788944 0.719752
0.239577 0 0.760423
0.0256998 0.161181 0.813119
0.179999 0.288136 0.531865
6.65234e-18 0.110862 0.889138
0.0905592 0.909441 0
0.0325796 0.031706 0.935714
0.661325 0.338675 0
0.286135 0.0540667 0.659799
0.121011 0.878989 0
0.251284 0.245838 0.502878
0.247419 0.123852 0.628729
0.07845 0.0757765 0.845773
0.724611 0.275389 0
0.216329 0.382077 0.401593
0.159591 0.590409 0.25
0.0828687 0.198004 0.719127
0.060629 0.279432 0.659939
0.164432 0.160313 0.675255
0.909679 0.0903207 0
0.0952602 0.328269 0.576471
0.166816 0.0202178 0.812967
0.81817 0.18183 0
0.409296 0 0.590704
0.338794 0.661206 0
0.151386 0.848614 0
0.75594 0.24406 0
0.465224 0.284776 0.25
0.503727 0.207883 0.28839
0.368747 0.228516 0.402737
0.414453 0.25169 0.333857
0.307196 0.692804 0
0.244361 0.755639 0
0.35936 0.39064 0.25
0.61495 0.0383556 0.346694
0.403036 0.596964 0
0.111722 0 0.888278
0.939898 0.0601023 0
0.693192 0.306808 0
0.848756 0.151244 0
0.295055 0.156398 0.548547
0.370934 0.629066 0
0.0844613 0.665539 0.25
0.312833 0.335309 0.351858
0.500354 0.499646 0
0.211516 0.20274 0.585744
0.787256 0.212744 0
0.182144 0.817856 0
0.119469 0.563375 0.317156
0.273564 0.294142 0.432294
0.0342203 0.614271 0.351508
0.28668 0.46332 0.25
0.157512 0.358474 0.484014
0.468741 0.166143 0.365116
0.214236 0.517148 0.268616
0.324385 0 0.675615
0.27561 0.72439 0
0.457825 0.0374189 0.504756
0.56509 0.43491 0
5.44151e-21 0.683855 0.316145
0.390898 0.321927 0.287175
3.74343e-21 0.470451 0.529549
0.0600297 0.93997 0
0.686648 0 0.313352
0.427612 0.128639 0.443748
0 0.381805 0.618195
0.467746 0.532254 0
0.0401331 0.490173 0.469694
0.335966 0.190851 0.473183
0.661512 0.0884884 0.25
4.55305e-21 0.572199 0.427801
0.213306 0.786694 0
0.383999 0.0981496 0.517852
0.566989 0.183011 0.25
0.62932 0.37068 0
0.970022 0.0299784 0
0.172061 0.472824 0.355114
0.259264 0.419999 0.320737
0.342892 0.072425 0.584683
0 0.306616 0.693384
0.521178 0 0.478822
3.90995e-17 0.231327 0.768673
0.122212 0.43644 0.441348
0.134387 0.242487 0.623127
5.96783e-21 0.75 0.25
0.597214 0.402786 0
0.576391 0.118023 0.305585
0.0299652 0.970035 0
0.75 0 0.25
0.51492 0.0857851 0.399295
0.584281 0 0.415719
0.0587285 0.403853 0.537418
5.56217e-17 1 0
0.53294 0.46706 0
0.0851286 0.522583 0.392288
3.5701e-17 2.02438e-17 1
