0 0 1
0.261889 0.366974 0.371138
0.0986354 0.541405 0.359959
0.564711 0.435289 0
0.244252 0.755748 0
0.786525 0.213475 0
0.878907 0.121093 0
0.140754 0.591311 0.267935
0.181981 0.818019 0
0.200938 0.0834602 0.715602
0.749998 0 0.250002
0.443843 0.306155 0.250002
0.0774851 0.0771725 0.845342
0.162031 0.0257972 0.812172
0.515552 0.22729 0.257158
0.307201 0.692799 0
0.212982 0.787018 0
0.214164 0.337488 0.448347
0.362654 0.135908 0.501438
0.37958 4.21419e-17 0.62042
0.275574 0.724426 0
0.0263236 0.161399 0.812277
0.238508 0.429214 0.332277
1.13154e-20 0.749998 0.250002
0.439854 0.12303 0.437116
0.474797 0.177122 0.348082
0.471831 0 0.528169
0.260723 0.238491 0.500786
0.692674 0.307326 0
0.0903878 0.909612 0
0.386354 0.222713 0.390933
0.596995 0.403005 0
0.491172 0.0406983 0.468129
0.119375 0.117613 0.763012
0.23103 0 0.76897
0.120822 0.879178 0
0.137021 0.242304 0.620675
8.89209e-21 0.58938 0.41062
0.0869699 0.663028 0.250002
0.278829 0.0606782 0.660493
0.0426896 0.516969 0.440341
0.467638 0.532362 0
0.629102 0.370898 0
0.0907532 0.330532 0.578715
0.218099 0.531899 0.250002
5.35611e-21 0.688259 0.311741
0.183345 0.501395 0.31526
0.137375 0.371888 0.490737
0 0.379724 0.620276
0.589437 0.160561 0.250002
0.339292 0.324191 0.336517
0.0300252 0.969975 0
0.297479 0.452519 0.250002
0.683725 7.59087e-17 0.316275
0.848236 0.151764 0
0.532501 0.467499 0
0.0599627 0.940037 0
0.66507 0.0849279 0.250002
0.660948 0.339052 0
4.60531e-21 0.305246 0.694754
0.151235 0.451254 0.39751
0.093892 0.438412 0.467696
0.111403 0 0.888597
0.338903 0.661097 0
0.523226 0.0863912 0.390383
0.0377033 0.413294 0.549002
0.407553 0.0506094 0.541837
0.81742 0.18258 0
0.176368 0.288971 0.53466
0.939486 0.0605143 0
0.909254 0.0907463 0
0.500065 0.499935 0
0.333899 0.197695 0.468407
7.33176e-21 0.485959 0.514041
0.755056 0.244944 0
0.221356 0.205073 0.573571
0.151028 0.848972 0
0.250467 0.136601 0.612932
0.573446 6.36653e-17 0.426554
0.370707 0.629293 0
0.614015 0.0361552 0.34983
0.305001 3.38619e-17 0.694999
0.435301 0.564699 0
0.419115 0.266277 0.314608
0.167949 0.16333 0.668721
0.723989 0.276011 0
0.0610518 0.277541 0.661407
0.561558 0.123269 0.315173
0.0844639 0.198183 0.717353
0.36484 0.379147 0.256013
0 0.11114 0.88886
0.324918 0.0963738 0.578709
0.299259 0.281786 0.418955
0.0323794 0.0320739 0.935547
0.0445897 0.620445 0.334965
0.969803 0.0301968 0
0.402964 0.597036 0
7.78212e-21 1 0
1.79469e-21 0.230618 0.769382
1 0 0
