0.114755 0.118139 0.767106
0.244958 0.2479 0.507143
0 1 0
0.749999 0 0.250001
0.567916 6.30513e-17 0.432084
0.341071 0.183728 0.475201
0.204558 0.208269 0.587173
0.44912 0 0.55088
0.377278 0.00713241 0.615589
0.116166 0.425817 0.458017
0.181443 0.568555 0.250001
0.0508485 0.413693 0.535459
0.244303 0.755697 0
0.0801431 0.669855 0.250001
0.126799 0.246345 0.626857
0.331988 0.0920841 0.575928
0.492758 0.0296435 0.477599
0.466865 0.283134 0.250001
0.0578073 0.285091 0.657102
0.664072 0.0859272 0.250001
0.850009 0.149991 0
0.819128 0.180872 0
0.0314243 0.0325562 0.936019
0.339262 0.660738 0
0.757327 0.242673 0
0.393425 0.320005 0.28657
0.213134 0.786866 0
0.19656 0.0817672 0.721673
0 0.749999 0.250001
0.116883 0.533063 0.350055
0.0223918 0.164058 0.81355
0.526094 0.0830925 0.390814
0 0.111141 0.888859
0.231575 0 0.768425
0.694817 0.305183 0
0.120937 0.879063 0
0.433451 0.126585 0.439964
0.108453 0.601603 0.289944
0.0602385 0.939761 0
0.40306 0.0791999 0.51774
0.307456 0.692544 0
0.50653 0.207117 0.286353
0.663084 0.336916 0
0.29217 0.162211 0.545619
0.566369 0.433631 0
0.31721 0.330431 0.35236
0.308613 0 0.691387
0 0.235063 0.764937
0.416926 0.249442 0.333631
0.0793318 0.200946 0.719723
0.474148 0.163914 0.361937
0.684551 0 0.315449
0.262341 0.413939 0.32372
0.43616 0.56384 0
0.275794 0.724206 0
0.278661 0.0593548 0.661984
0.615846 0.0284388 0.355715
0.182237 0.817763 0
0.161085 0.0243957 0.814519
0.151374 0.848626 0
0.213109 0.498448 0.288443
0.24133 0.129932 0.628738
0.287645 0.462353 0.250001
0 0.578642 0.421358
0.360506 0.389492 0.250001
0.371654 0.628346 0
0.035555 0.610204 0.354241
0.910255 0.0897453 0
0 0.682975 0.317025
0.583424 0.113469 0.303107
0.0875781 0.340964 0.571458
0.222123 0.373854 0.404023
0.533849 0.466151 0
0.075957 0.0773007 0.846742
0.179638 0.342021 0.47834
0.157871 0.296738 0.54539
0.0301209 0.969879 0
0.940135 0.0598652 0
0.374045 0.223119 0.402836
0.970007 0.0299934 0
0.78849 0.21151 0
0 0.311909 0.688091
0 0.486662 0.513338
0.403761 0.596239 0
0.110117 1.22255e-17 0.889883
0.501171 0.498829 0
0.159986 0.163683 0.67633
0.726315 0.273685 0
0.630893 0.369107 0
0.598842 0.401158 0
0.090564 0.909436 0
0.880265 0.119735 0
0.282784 0.284198 0.433019
0.0579523 0.505959 0.436088
0.569822 0.180177 0.250001
0.16657 0.456731 0.376699
0 0 1
0 0.389311 0.610689
0.468488 0.531512 0
1 0 0
