0 1 0
0.369443 0.380556 0.25
0.500385 0.499615 0
0 0.75 0.25
0.117032 0.116618 0.76635
0.319845 0.333614 0.346541
0.460354 0.0272557 0.51239
0.755933 0.244067 0
0.969934 0.0300658 0
0.786955 0.213045 0
0.182139 0.817861 0
0.909206 0.0907941 0
0.321844 3.57319e-17 0.678156
0.387714 0.0779538 0.534332
0.213156 0.786844 0
0.529673 0.129093 0.341234
0.693012 0.306988 0
0.334057 0.193382 0.472561
0.0235157 0.163337 0.813147
0.684793 0 0.315207
0.199713 0.0805263 0.71976
0.368437 0.243506 0.388057
0.848491 0.151509 0
0.597269 0.402731 0
0.0862397 0.34184 0.57192
0.939787 0.0602127 0
0.0525153 0.414605 0.532879
0.724599 0.275401 0
0 0.560626 0.439374
0.532657 0.467343 0
0.370887 0.629113 0
0.294869 0.455131 0.25
0.553855 0.196144 0.25
0.326233 0.089675 0.584092
0.176876 0.346321 0.476803
0.525199 5.83089e-17 0.474801
0.240005 0.129821 0.630174
0.203198 0.209719 0.587083
0.878858 0.121142 0
0.238835 2.6516e-17 0.761165
0.405178 0.309067 0.285755
0.126083 0.24687 0.627047
0.0324102 0.031947 0.935643
0.817921 0.182079 0
0.0600187 0.939981 0
0 0.312482 0.687518
0.278677 0.29058 0.430743
0.667673 0.0823262 0.25
0.179178 0.570822 0.25
0.403127 0.596873 0
0.405023 4.49666e-17 0.594977
0.0799015 0.670098 0.25
0.219954 0.500194 0.279852
0.0797196 0.200538 0.719743
0.275704 0.724296 0
0.241497 0.251811 0.506692
0.222253 0.376689 0.401058
0.0748107 0.509329 0.41586
0.443599 0.231337 0.325065
0.33913 0.66087 0
0.480384 0.269615 0.25
0.0236105 0.611663 0.364726
0.12381 0.536303 0.339887
0.284435 0.0566463 0.658919
0.306987 0.693013 0
0.111814 0 0.888186
0.453607 0.168152 0.378241
0.172838 0.458288 0.368874
0.75 0 0.25
0.467689 0.532311 0
0 0.390632 0.609368
0.565053 0.434947 0
0.159834 0.163327 0.676839
0.629505 0.370495 0
0.116639 0.429979 0.453382
0.15618 0.298914 0.544907
0.661403 0.338597 0
0.165959 0.0212157 0.812825
0.0573165 0.284914 0.65777
0.435158 0.564842 0
0.102272 0.603106 0.294623
0.0777076 0.076596 0.845696
0.265842 0.413256 0.320902
0 0.23455 0.76545
0 0.68151 0.31849
0.244419 0.755581 0
0.598955 0.12186 0.279185
0.28899 0.164468 0.546543
0.120604 0.879396 0
0.0901973 0.909803 0
0.609926 0.0469332 0.343141
0.591069 0 0.408931
0 0.111241 0.888759
0.151023 0.848977 0
0.414541 0.131244 0.454215
1 0 0
0 0.487361 0.512639
0.0298823 0.970118 0
0 0 1
0.49846 0.0793363 0.422203
