0.230301 0 0.769699
0.660511 0.339489 0
0.114375 0.119284 0.76634
0.338846 0.661154 0
0.665033 0.0849666 0.25
0.589343 0.160657 0.25
0.189943 0.33838 0.471677
0.197476 0.0824622 0.720062
0.436398 0.122158 0.441444
0.24775 0.251168 0.501082
0.0751863 0.0787889 0.846025
0.0555228 0.287357 0.65712
0.847995 0.152005 0
1.17838e-20 0.75 0.25
0.878471 0.121529 0
0.817588 0.182412 0
0.75 0 0.25
0.177949 0.453198 0.368852
0.090565 0.909435 0
0.0839706 0.666029 0.25
0.131664 0.419964 0.448371
0.335946 0.316044 0.348009
0.245161 0.433171 0.321669
0 0.409404 0.590596
0.182441 0.817559 0
0.160477 0.294524 0.544999
0.467399 0.532601 0
0 0.587073 0.412927
0.0870397 0.504515 0.408445
0.596856 0.403144 0
0.278803 0.0602739 0.660923
0.140366 0.526317 0.333318
0.386126 0.363874 0.25
0.0308723 0.0333562 0.935771
0.532309 0.467691 0
0.307048 0.692952 0
0.274393 0.475607 0.25
0.909317 0.0906827 0
0.151648 0.848352 0
0.0792743 0.201894 0.718832
0.0302131 0.969787 0
0.470193 0 0.529807
0.522014 0.0854775 0.392508
0.295009 0.274175 0.430817
0.242697 0.133871 0.623431
0.564746 0.435254 0
0.199126 0.550874 0.25
0.692172 0.307828 0
0.97 0.0300001 0
0.275756 0.724244 0
0.244491 0.755509 0
0.160254 0.0258854 0.813861
0.359344 0.156691 0.483965
0.460009 0.289991 0.25
0.126792 0.244011 0.629197
0.403606 0.0581064 0.538288
1.4765e-22 0.112488 0.887512
0.0310915 0.463636 0.505273
0.786523 0.213477 0
0.755343 0.244657 0
0.160838 0.163209 0.675953
0.515477 0.216791 0.267732
0.0196103 0.168173 0.812217
0.418759 0.261201 0.32004
0.213203 0.786797 0
3.16805e-22 0.24136 0.75864
6.89965e-22 0.525655 0.474345
0.37072 0.62928 0
0.381579 0.217134 0.401286
0.305687 0 0.694313
0.381079 0 0.618921
0.723881 0.276119 0
0.471766 0.173354 0.354881
0.939639 0.0603605 0
0.490107 0.0398395 0.470053
0.613899 0.0348927 0.351209
0.43496 0.56504 0
0.121097 0.878903 0
0.4027 0.5973 0
0.204462 0.210683 0.584856
0.0603987 0.939601 0
0.562231 0.120804 0.316965
0.327856 0.0947239 0.57742
0.628953 0.371047 0
0.316561 0.399186 0.284253
0.0452978 0.609548 0.345154
0.077185 0.39234 0.530475
1.07513e-20 0.684289 0.315711
0.499842 0.500158 0
4.27088e-22 0.32538 0.67462
0.0857085 0.330847 0.583444
5.10767e-17 4.70546e-18 1
0.572378 0 0.427622
0.238141 0.367496 0.394363
0.110015 0 0.889985
0.683749 0 0.316251
0.122687 0.596193 0.28112
0 1 0
0.289058 0.179707 0.531236
1 0 0
