1 0 0
0.194642 0.555358 0.25
0.403055 0.0588375 0.538107
0.878191 0.121809 0
1.59307e-20 0.75 0.25
0.0233838 0.162843 0.813773
0.563521 0.436479 0
0.0864028 0.528423 0.385174
0.126821 0.245057 0.628122
0.27731 0.47269 0.25
0.060291 0.939709 0
0.466827 0.533173 0
0.116272 0.117496 0.766232
0.460929 0.289071 0.25
0.244261 0.755739 0
0.161472 0.163705 0.674823
0.151321 0.848679 0
0.288415 0.181266 0.53032
0.181647 0.342007 0.476345
0.402591 0.597409 0
0.0762753 0.0770985 0.846626
0.754468 0.245532 0
0.161804 0.462858 0.375338
0.0868305 0.336164 0.577005
0.198296 0.0824667 0.719238
0.589272 0.160728 0.25
0.0316835 0.0321209 0.936196
0.387093 0.362907 0.25
0.521719 0.0855188 0.392762
0.0801552 0.199213 0.720632
0.96975 0.0302496 0
0.627782 0.372218 0
0.212878 0.787122 0
0.157563 0.297039 0.545398
0.562443 0.120324 0.317234
0.110427 0 0.889573
0.434794 0.565206 0
0.531272 0.468728 0
0.0337382 0.616346 0.349916
0.847663 0.152337 0
0.122217 0.586382 0.291401
0.613979 0.034489 0.351532
0.46968 0 0.53032
0.0301448 0.969855 0
7.63786e-21 0.30998 0.69002
0.0430699 0.491242 0.465688
0.75 0 0.25
0.664781 0.0852187 0.25
0.305789 0 0.694211
0.358486 0.157617 0.483897
0.0573385 0.282108 0.660553
0.246773 0.418721 0.334506
0.499097 0.500903 0
0.691438 0.308562 0
0.0874945 0.662506 0.25
0.161162 0.0250151 0.813823
0.370611 0.629389 0
0.785696 0.214304 0
0.515399 0.216311 0.268291
0.242952 0.134612 0.622436
0.0620036 0.405611 0.532385
0.1798 0.508854 0.311346
0.125677 0.426556 0.447767
0.723167 0.276833 0
0 0.473539 0.526461
0.595748 0.404252 0
0.380258 0.218111 0.401631
0.327711 0.0954357 0.576853
0.0905248 0.909475 0
0.435844 0.122698 0.441458
0.571691 0 0.428309
0.489183 0.0400539 0.470763
0.30718 0.69282 0
0.317998 0.396168 0.285834
0.908821 0.0911795 0
0.227641 0.368241 0.404118
0.68374 0 0.31626
0 0.6853 0.3147
0.380837 0 0.619163
6.34772e-21 0.386869 0.613131
0.65972 0.34028 0
0.939433 0.0605665 0
0 0.573457 0.426543
0.203785 0.212045 0.58417
0.244959 0.253127 0.501915
0.332938 0.316088 0.350974
0.417737 0.261646 0.320618
0.120765 0.879235 0
0.471463 0.173408 0.355129
0.275621 0.724379 0
0 0.233091 0.766909
0.816863 0.183137 0
5.55654e-17 1 0
0.181789 0.818211 0
0.230886 0 0.769114
4.19002e-17 1.36914e-17 1
0.291531 0.275589 0.432879
0.278968 0.0605227 0.660509
0 0.11079 0.88921
0.338825 0.661175 0
