0.177423 0.456157 0.366421
0.0310527 0.463646 0.505301
0.38564 0.36436 0.25
0.724886 0.275114 0
1.29656e-20 0.525388 0.474612
0.159858 0.292765 0.547377
0.359721 0.151754 0.488525
0.275911 0.724089 0
0.120866 0.879134 0
0.376846 0.215029 0.408125
0.597219 0.402781 0
0.412631 0.262502 0.324867
0.755927 0.244073 0
0.370883 0.629117 0
0.085464 0.33017 0.584366
0.939685 0.0603154 0
0.182196 0.817804 0
0.0554876 0.286001 0.658512
0.670097 0.0799026 0.25
0.162322 0.0245578 0.81312
0.281609 0.0596068 0.658784
0.40302 0.59698 0
0.247315 0.249468 0.503217
0.0441206 0.610872 0.345007
0.969845 0.030155 0
0.0877304 0.507293 0.404977
0.661409 0.338591 0
1.85086e-20 0.75 0.25
0.317293 0.399303 0.283404
0.848455 0.151545 0
0.787056 0.212944 0
0.566835 0.183165 0.25
0.0761466 0.0782333 0.84562
0.467514 0.532486 0
0.0769388 0.391742 0.531319
0.564926 0.435074 0
0.291789 0.274033 0.434177
0.115865 0.11812 0.766015
0.5344 0.117713 0.347887
0.187045 0.337529 0.475426
0.247348 0.423664 0.328988
0 0.32402 0.67598
0.144817 0.52842 0.326762
0.0838714 0.666129 0.25
0.532527 0.467473 0
0.232322 0.366719 0.400959
3.26718e-17 0.586559 0.413441
0.0795831 0.200614 0.719803
0 0.684544 0.315456
0 0.408511 0.591489
0.817785 0.182215 0
0.244366 0.755634 0
0.162032 0.161908 0.67606
0.129859 0.421528 0.448613
0.272358 0.477642 0.25
0.499975 0.500025 0
0.75 0 0.25
0.51123 0.0550407 0.433729
0.435105 0.107228 0.457667
0 0.239959 0.760041
0.41341 0.046576 0.540014
0.458876 0.165437 0.375687
0.331437 0.316997 0.351566
0.581223 0 0.418777
0.213041 0.786959 0
0.245021 0.132236 0.622743
0.332488 0.0922102 0.575302
0.457935 0.292065 0.25
0.0903108 0.909689 0
0.0204865 0.166955 0.812559
0.878974 0.121026 0
0.0314186 0.0328289 0.935752
0.338886 0.661114 0
0.289984 0.177744 0.532271
0.30709 0.69291 0
0.151359 0.848641 0
0.693381 0.306619 0
0 0.112154 0.887846
0.205011 0.208986 0.586004
5.57009e-17 1 0
0.629494 0.370506 0
0.309245 0 0.690755
0.126772 0.242648 0.630581
0.909487 0.0905133 0
0.198449 0.551551 0.25
0.683486 0 0.316514
0.610809 0.0374355 0.351756
0.434994 0.565006 0
0.487394 0 0.512606
0.602322 0.110361 0.287317
0.110755 1.22962e-17 0.889245
0.23295 0 0.76705
0.199405 0.0816541 0.718941
0.121684 0.596962 0.281353
0.497294 0.216245 0.286461
0.0300589 0.969941 0
0.38565 0 0.61435
0.060107 0.939893 0
0 0 1
1 0 0
