0.527548 0.026597 0.445855
0.394547 0.0177576 0.587696
0.152765 0.562163 0.285072
0.754942 0.245058 5.18585e-13
0.0649884 0.521273 0.413739
0.0207296 0.0302535 0.949017
0.0388092 0.98954 0.00345676
0.0470903 0.0616711 0.891239
0.353809 0.232283 0.413908
0.638866 0.0364367 0.324698
0.130786 0.141809 0.727404
0.0542469 0.10761 0.838143
0.191134 0.132744 0.676122
0.0293776 0.557346 0.413277
0.125306 0.0083704 0.866324
0.275681 0.361042 0.363277
0.408658 0.196378 0.394964
0.0926105 0.582692 0.324698
0.166921 0.564767 0.268312
0.0823531 0.422552 0.495095
0.0932505 0.26307 0.64368
0.00282969 0.274064 0.723107
0.701813 0.298187 1.01029e-10
0.477964 0.0268862 0.49515
0.163117 0.51803 0.318853
0.0996246 0.31268 0.587696
0.889366 0.110634 2.54687e-10
0.661258 0.00102992 0.337712
0.120949 0.879051 1.65357e-12
0.114423 0.42558 0.459998
0.00302393 0.745351 0.251625
5.63246e-09 0.231294 0.768706
0.391074 0.0337593 0.575166
0.426065 0.117938 0.455997
0.22515 0.363405 0.411445
0.538792 0.153072 0.308136
0.371234 0.628766 2.57205e-10
0.242022 0.506843 0.251135
0.241728 0.225251 0.533021
0.631174 0.368826 2.57205e-10
0.420449 0.206969 0.372582
0.498894 0.501106 9.61686e-12
0.259947 0.0866133 0.65344
1 8.02185e-10 1.65357e-12
0.157629 0.157742 0.684629
0.123462 0.0989475 0.777591
0 0 1
0.951917 0.048083 5.64659e-13
0.586722 1.04932e-06 0.413277
0.33385 0.332825 0.333324
0.173975 0.266619 0.559406
2.4352e-08 1 1.1633e-10
1.40063e-08 0.57516 0.42484
0.512303 0.487697 9.61686e-12
0.701973 0.0468917 0.251135
0.219661 0.00104599 0.779293
0.767626 0.232374 6.36528e-10
0.37703 1.07344e-05 0.62296
0.0746678 0.070852 0.85448
0.367785 0.220811 0.411405
6.06262e-05 0.381644 0.618295
0.237365 0.762635 5.64659e-13
0.476185 0.272348 0.251467
0.519943 0.0342016 0.445855
0.0829292 0.666632 0.250439
0.303145 0.696855 1.65357e-12
0.000280894 0.112479 0.88724
0.063211 0.936789 2.14273e-13
0.81869 0.18131 2.55073e-10
0.418696 0.3311 0.250203
0.10363 0.000225691 0.896144
0.0298699 0.515749 0.454381
0.0442337 0.273863 0.681903
0.0569408 0.584453 0.358606
0.280733 0.468132 0.251135
0.630578 0.0566285 0.312793
0.211259 0.788741 1.65357e-12
0.176213 0.22924 0.594546
0.32003 0.212162 0.467809
0.513131 0.2044 0.282469
0.40334 0.0802158 0.516445
0.284205 0.0136038 0.702191
0.0294239 0.413341 0.557235
0.133558 0.592075 0.274367
0.193345 0.42407 0.382586
0.0823994 0.194239 0.723362
0.143286 0.856714 5.64659e-13
0.453682 0.000384139 0.545934
0.0978097 0.507226 0.394964
0.0312402 0.0346426 0.934117
0.29049 0.380436 0.329073
0.193342 0.0938066 0.712851
0.552859 0.116416 0.330725
0.86634 0.13366 5.64659e-13
0.109027 0.395878 0.495095
0.739861 0.260139 1.01029e-10
0.0185954 0.134309 0.847096
0.129609 0.0469139 0.823477
0.64567 0.35433 4.8612e-10
0.340902 0.35491 0.304187
