0.335334 0.191126 0.473541
0.88029 0.11971 0
0.313004 0.335204 0.351792
0.503711 0.207856 0.288433
0.247333 0.123842 0.628825
0.41439 0.251491 0.33412
0.060527 0.279412 0.660061
0.368352 0.228762 0.402886
0.0344875 0.614274 0.351238
0.167539 0.0197573 0.812704
0.27533 0.72467 0
0.306934 0.693066 0
0.629861 0.370139 0
0.567093 0.182907 0.25
0.78797 0.21203 0
0.390936 0.321768 0.287295
0.240572 0 0.759428
0.383715 0.0983131 0.517972
0.565275 0.434725 0
0.058601 0.403904 0.537495
0.250755 0.245981 0.503264
0.201359 0.0790757 0.719566
0.342843 0.0725641 0.584592
0.40957 0 0.59043
0.272829 0.29451 0.432661
0.469114 0.166471 0.364416
0.72575 0.27425 0
0.211273 0.202771 0.585957
0.435011 0.564989 0
0.0596344 0.940366 0
0.214178 0.516742 0.26908
0.662311 0.337689 0
0.17227 0.47258 0.35515
0.325121 0 0.674879
0.111969 0 0.888031
0.520141 0 0.479859
0.583729 0 0.416271
0.0256605 0.161205 0.813134
0.370406 0.629594 0
0.119543 0.563435 0.317023
0.338468 0.661532 0
0.75 8.32667e-17 0.25
0.294563 0.156312 0.549125
0.286018 0.0539891 0.659993
0.12053 0.87947 0
0.159796 0.590204 0.25
0.134147 0.24257 0.623283
0.402702 0.597298 0
0.514845 0.0855587 0.399596
0.500286 0.499714 0
0.358753 0.391247 0.25
0.693924 0.306076 0
0.157112 0.35863 0.484258
0 0.38194 0.61806
0.122099 0.436471 0.44143
0.457238 0.0383961 0.504366
0 0.47047 0.52953
0.151069 0.848931 0
0 0.110813 0.889187
0.757068 0.242932 0
0.181819 0.818181 0
0.614851 0.0387128 0.346436
0.164242 0.160113 0.675645
0.286038 0.463962 0.25
0.0827965 0.197957 0.719246
0.243887 0.756113 0
0 0.572259 0.427741
0.849744 0.150256 0
0.179762 0.288157 0.532081
0.532909 0.467091 0
0.0297411 0.970259 0
0.467649 0.532351 0
0.0854075 0.522243 0.39235
0.464897 0.285103 0.25
0.212883 0.787117 0
0.686537 0 0.313463
0.0951137 0.328231 0.576656
0.910324 0.0896759 0
0.0400251 0.490276 0.469699
0.576458 0.118019 0.305522
0 0.306723 0.693277
0 0.683627 0.316373
0.11893 0.114737 0.766333
0.819061 0.180939 0
0.259522 0.419815 0.320663
0.94024 0.0597601 0
0.0785662 0.0756375 0.845796
0.0846599 0.66534 0.25
0.661404 0.088596 0.25
0.0898592 0.910141 0
0 0 1
0 0.231381 0.768619
0.427376 0.129634 0.44299
0 0.75 0.25
0.216174 0.38199 0.401835
0.0327427 0.0315846 0.935673
0.59764 0.40236 0
0.970153 0.0298473 0
0 1 0
1 0 0
