0 0 1
0.177919 0.452597 0.369484
0.381419 0 0.618581
0.336343 0.315645 0.348011
0.418937 0.261415 0.319648
0.589855 0.160145 0.25
0.181557 0.818443 0
0.150608 0.849392 0
0.0309947 0.0332842 0.935721
0.316549 0.399347 0.284104
0 0.68421 0.31579
0.516395 0.217011 0.266595
0.0854515 0.330798 0.583751
0.126696 0.244288 0.629016
0.197549 0.0825411 0.71991
0.459455 0.290545 0.25
0.247944 0.250867 0.501189
0.0776674 0.391934 0.530398
0.20444 0.210558 0.585002
0.403935 0.0585772 0.537488
0.613977 0.0350935 0.350929
0.0311442 0.463069 0.505787
0.0449997 0.609591 0.345409
0 0.75 0.25
0.140158 0.526699 0.333143
0 0.408826 0.591174
0.848311 0.151689 0
0.402464 0.597536 0
0 0.240698 0.759302
0.0792421 0.201584 0.719174
0.46722 0.53278 0
0.288925 0.179144 0.531931
0.306456 0.693544 0
0.24275 0.133547 0.623703
0.661687 0.338313 0
0.724701 0.275299 0
0 0.32471 0.67529
0.295354 0.273762 0.430884
0.879307 0.120693 0
0.629696 0.370304 0
0.0841488 0.665851 0.25
0.19012 0.337342 0.472538
0.472172 0.17395 0.353878
0.359251 0.157163 0.483586
0.756166 0.243834 0
0.245138 0.433464 0.321397
0.385901 0.364099 0.25
0.120277 0.879723 0
0.499803 0.500197 0
0.0298054 0.970195 0
0.909697 0.0903027 0
0.562564 0.120679 0.316757
0.243507 0.756493 0
0.522144 0.0855715 0.392284
0.274834 0.725166 0
0.370088 0.629912 0
0.787149 0.212851 0
0.382028 0.217385 0.400587
0.087271 0.504087 0.408642
0.0554515 0.286753 0.657796
0.159842 0.294147 0.546011
0.238472 0.366757 0.39477
0.436682 0.122223 0.441095
5.56738e-17 1 0
0.338165 0.661835 0
0.198907 0.551093 0.25
0.0199441 0.167813 0.812243
0.664966 0.0850344 0.25
0.0898095 0.910191 0
0.5325 0.4675 0
0.818048 0.181952 0
0.131948 0.419263 0.44879
0.160285 0.0258443 0.813871
0.470393 0 0.529607
0.274249 0.475751 0.25
0.212464 0.787536 0
0.565095 0.434905 0
0.572471 0 0.427529
0 0.525428 0.474572
0.122428 0.595904 0.281669
0.434709 0.565291 0
0.0596433 0.940357 0
0.230161 5.1106e-17 0.769839
0.939881 0.060119 0
0 0.112351 0.887649
0.693345 0.306655 0
0.597348 0.402652 0
0.160982 0.163369 0.675649
0.683679 7.59036e-17 0.316321
0.75 0 0.25
0.490188 0.0400053 0.469807
0.278909 0.0601957 0.660895
0 0.586807 0.413193
0.110158 9.78399e-17 0.889842
0.969931 0.0300692 0
0.11443 0.119235 0.766335
0.305521 0 0.694479
0.328295 0.0947337 0.576971
0.0753615 0.0786897 0.845949
1 0 0
