0.630928 0.369072 0
0.00994592 0.111681 0.878374
0.032679 0.406736 0.560585
0.0624712 0.0273414 0.910187
0.0423861 0.163289 0.794324
0.00936496 0.586458 0.404177
0.255896 0.249755 0.494348
0.106779 0.384502 0.50872
0.48806 0.250666 0.261274
0.0925922 0.136075 0.771333
0.00510046 0.322076 0.672823
0.325908 0.125365 0.548727
0.419084 0.166746 0.41417
0.0106847 0.199193 0.790122
0.165193 0.152981 0.681826
0.0326444 0.496845 0.470511
0.354739 0.0255598 0.619701
0.0289324 0.00713147 0.963936
0.421141 0.580197 0.000167173
0.0205704 0.696624 0.282805
0.0557227 0.600977 0.3433
0.000992708 0.442664 0.556343
0.16185 1.27095e-13 0.83815
0.179065 0.373972 0.446963
0.562276 0.154918 0.282805
0.451232 3.54335e-13 0.548768
0.087775 0.338147 0.574078
0.157811 0.478125 0.364064
0.336602 0.0932227 0.570176
0.00103449 0.745735 0.253231
0.813002 0.186998 0
9.86082e-17 1 0
0.942558 0.0574424 0
0.274976 0.725024 0
0.114114 0.885886 0
0.44397 0.149738 0.406291
0.111941 0.409339 0.47872
0.209627 0.400232 0.39014
0.000302069 0.231152 0.768546
0.239374 0.00114447 0.759481
0.261687 0.242341 0.495971
0.333237 0.333892 0.332871
0.495316 0.254393 0.250292
0.157342 0.157526 0.685132
0.631489 0.368511 0
0.0652469 0.0764097 0.858343
1 7.85261e-13 0
0.499509 0.500491 9.10383e-15
0.766465 0.233535 0
0.747691 0.0019009 0.250408
0.0894888 0.018035 0.892476
0.582501 2.1903e-07 0.417499
0.173756 0.277135 0.549109
0.0475947 0.699886 0.25252
1.71988e-07 0.583517 0.416483
0.233365 0.766635 0
0.372324 0.000207764 0.627468
7.11735e-19 0.37512 0.62488
0.384067 0.61732 0.000167181
8.76903e-07 8.74055e-07 0.999998
0.235562 0.503164 0.261274
0.667086 0.0827972 0.250117
0.482124 0.0255655 0.492311
0.0762962 0.612339 0.311364
0.566068 0.433932 0
0.00615179 0.485129 0.50872
0.434993 0.308674 0.256333
0.724611 0.275389 0
0.176027 0.823973 0
0.000233715 0.121393 0.878374
0.431813 0.568187 0
0.0641667 0.203237 0.732596
0.0520344 0.947966 9.10383e-15
0.279221 0.0684818 0.652297
0.402981 0.202223 0.394796
0.115848 0.115605 0.768546
0.526012 0.0809452 0.393043
0.296902 0.384387 0.31871
0.189569 0.548875 0.261555
0.0424916 0.0271417 0.930367
0.339247 0.146683 0.51407
0.00111498 0.296278 0.702607
0.090172 0.49079 0.419038
0.325732 0.297401 0.376867
0.0423567 0.408917 0.548727
0.497184 0.179671 0.323145
0.00394316 0.615977 0.380079
0.319726 0.00745042 0.672823
0.0318706 0.155875 0.812254
0.424185 0.0634874 0.512328
0.544915 0.0118798 0.443205
0.264645 0.3512 0.384155
0.0011861 0.537145 0.461669
0.31425 0.105165 0.580585
0.236948 0.277486 0.485566
0.0369395 0.331005 0.632055
0.0457159 0.672259 0.282025
0.184247 0.482654 0.333099
0.00394822 0.0644869 0.931565
0.0930402 0.378488 0.528472
