1 0 0
0.52229 0.0858613 0.391848
0.75 0 0.25
0.0209437 0.165604 0.813452
0.082966 0.667034 0.25
0.1982 0.0820174 0.719783
0.453744 0.296256 0.25
0.275392 0.474608 0.25
0.588991 0.161009 0.25
0 0.319859 0.680141
0.192981 0.557019 0.25
0.0558575 0.283691 0.660452
0.693038 0.306962 0
0.724877 0.275123 0
0.490392 0.0400255 0.469583
0.119594 0.596977 0.283429
0.0799417 0.199578 0.72048
0.298241 0.403955 0.297804
0.664912 0.0850876 0.25
0.629366 0.370634 0
0.572476 0 0.427524
0.0250016 0.459928 0.51507
0.0864618 0.327011 0.586528
0.383596 0.217133 0.399271
0.756179 0.243821 0
0.909746 0.090254 0
0.81813 0.18187 0
0 0.524595 0.475405
0.249978 0.248887 0.501135
0.230737 0 0.769263
0.329017 0.0942142 0.576769
0.939988 0.0600117 0
0.128959 0.525576 0.345465
0.5648 0.4352 0
0.381381 0 0.618619
0.19383 0.334045 0.472124
0.151201 0.848799 0
0.130962 0.412799 0.456239
0.0601465 0.939853 0
0 0.237811 0.762189
0.160994 0.0251399 0.813866
0.370539 0.629461 0
0.787238 0.212762 0
0.298299 0.271368 0.430334
0.404418 0.0581605 0.537421
0.683619 0 0.316381
0.473012 0.174652 0.352336
0.243869 0.756131 0
0.360651 0.155964 0.483384
0.848702 0.151298 0
0.969999 0.0300009 0
0.417944 0.263695 0.318361
0.514987 0.220801 0.264212
0.0756333 0.0776511 0.846716
0.222284 0.464599 0.313117
0.467457 0.532543 0
8.60134e-21 0.75 0.25
6.76005e-21 0.589447 0.410553
0.613864 0.0352648 0.350871
0.37725 0.37275 0.25
0.0313752 0.0322979 0.936327
0.161896 0.162253 0.675851
0.597381 0.402619 0
0.87932 0.12068 0
0.180313 0.439167 0.38052
0.661328 0.338672 0
0.0815443 0.49449 0.423965
0.0772025 0.388192 0.534605
0.275047 0.724953 0
0.245097 0.362388 0.392515
0.0300869 0.969913 0
0.434915 0.565085 0
0.110305 0 0.889695
0.33868 0.66132 0
0.0901485 0.909852 0
0.561954 0.121602 0.316445
0.212671 0.787329 0
0.120563 0.879437 0
0.470307 0 0.529693
0.532339 0.467661 0
0.336811 0.317162 0.346027
0.243617 0.133025 0.623358
0.305887 0 0.694113
0.306868 0.693132 0
0.437553 0.12231 0.440138
0.115498 0.117821 0.76668
0.499923 0.500077 0
0.279273 0.0598534 0.660874
0 0.684688 0.315312
0.127722 0.242199 0.630079
0.0451812 0.610203 0.344616
0.181799 0.818201 0
0 0.111248 0.888752
0 0.40272 0.59728
0.205753 0.20934 0.584907
0.161592 0.292251 0.546157
0.402613 0.597387 0
0 1 0
0.290179 0.178169 0.531652
0 0 1
