0.116862 0.117105 0.766034
0.663288 0.0867123 0.25
0.135164 0.242971 0.621865
0.0590647 0.402983 0.537952
0.160733 0.589267 0.25
0.506755 0.206209 0.287036
0.467139 0.282861 0.25
0.183249 0.816751 0
0.597113 0.402887 0
0.158322 0.357837 0.483842
0.339807 0.660193 0
0.0342108 0.613621 0.352168
4.43722e-21 0.75 0.25
0 0 1
0.308153 0.691847 0
0.46823 0.53177 0
0.0606766 0.939323 0
0.569974 0.180026 0.25
0.417977 0.248272 0.333751
0.163766 0.161677 0.674557
0.90948 0.0905197 0
0.212991 0.204046 0.582963
0.245346 0.754654 0
0.335873 0.0884009 0.575726
0.818096 0.181904 0
0.755909 0.244091 0
0.122896 0.435265 0.441839
0.121614 0.878386 0
0.564954 0.435046 0
0.0246439 0.161968 0.813388
0.160544 0.02453 0.814926
0.661167 0.338833 0
0.360722 0.389278 0.25
0.0850277 0.664972 0.25
0.218637 0.379124 0.402239
0.879078 0.120922 0
0.261202 0.417936 0.320862
0.75 0 0.25
0.215109 0.515545 0.269346
0.724551 0.275449 0
0.276546 0.723454 0
0.0302953 0.969705 0
0.618011 0.0313216 0.350667
0.182462 0.28786 0.529678
0 0.306328 0.693672
0.060791 0.279392 0.659817
4.04331e-21 0.683421 0.316579
0.371656 0.628344 0
0.786898 0.213102 0
0.279012 0.290186 0.430801
0.24553 0.127973 0.626497
1.36965e-21 0.231505 0.768495
0.2142 0.7858 0
0.629256 0.370744 0
0.0761365 0.0767539 0.84711
0.109733 0 0.890267
0.532695 0.467305 0
0.0823901 0.198875 0.718735
2.77776e-21 0.469511 0.530489
0.173396 0.470662 0.355943
0.406764 0.0802142 0.513022
0 0.110579 0.889421
0.0961547 0.327679 0.576166
0.198251 0.0806285 0.721121
0.506567 0 0.493433
0.315969 0.332911 0.35112
0.346067 0.182661 0.471272
0.0316079 0.0324506 0.935941
3.3795e-21 0.571219 0.428781
0.435774 0.564226 0
0.040505 0.488714 0.470781
0.393455 0.319408 0.287137
0.0853498 0.521491 0.39316
0.375082 0.222628 0.40229
0.298895 0.158868 0.542238
0.939902 0.0600983 0
0.0910384 0.908962 0
0.686493 0 0.313507
0.287521 0.462479 0.25
0.969908 0.0300917 0
0.25518 0.245448 0.499372
0.526772 0.0767391 0.396489
0.379331 0 0.620669
0.6931 0.3069 0
0.440342 0.118381 0.441277
0.27977 0.0583585 0.661871
0.581219 0.113723 0.305058
0.304714 0 0.695286
0.437432 0.0108401 0.551728
0.119999 0.562384 0.317617
0.848678 0.151322 0
0 0.381254 0.618746
0.403641 0.596359 0
0.475624 0.160983 0.363393
0.152236 0.847764 0
0.50033 0.49967 0
0.576211 0 0.423789
0 1 0
0.229939 0 0.770061
1 0 0
