2.35155e-21 2.47535e-20 1
0.289917 0.180752 0.529331
0.541668 0.0944403 0.363891
0.115825 0.119139 0.765037
0.755095 0.244905 0
0.0815352 0.201369 0.717096
0.218503 0.374587 0.40691
0.51345 0.0408119 0.445739
0.590442 0.132969 0.276589
0.358391 0.145284 0.496325
0.339621 0.660379 0
0.178561 0.2933 0.528139
0.621506 0.0397112 0.338782
0.75 0 0.25
0.586546 0 0.413454
0.327971 0.0923552 0.579673
0.296984 0.453016 0.25
0.208594 0.21158 0.579826
0.162298 0.165377 0.672324
0 0.75 0.25
0.175951 0.460043 0.364006
0.266881 0.409581 0.323538
0.543755 0.206245 0.25
0.00484228 0.550831 0.444326
0.152058 0.847942 0
0.394637 0.3103 0.295062
0.243698 0.134394 0.621908
0.408668 0.0422596 0.549072
0.368236 0.381764 0.25
0 0.310553 0.689447
0.225325 0.501548 0.273128
0 0.386739 0.613261
0.969876 0.0301237 0
0.378932 0 0.621068
0.368519 0.21181 0.419671
0.0234753 0.16387 0.812655
0.59666 0.40334 0
0.413802 0.238729 0.347469
0.0909771 0.909023 0
0.252594 0.254593 0.492813
0.628873 0.371127 0
0.564518 0.435482 0
0.307768 0.692232 0
0.660748 0.339252 0
0.431805 0.09893 0.469265
0.0606354 0.939365 0
0.848341 0.151659 0
0.110331 0 0.889669
0 0.486262 0.513738
0.281359 0.286049 0.432591
0.688406 0 0.311594
0.304244 0 0.695756
0.786564 0.213436 0
0.136936 0.543225 0.31984
0.197485 0.0833857 0.719129
0 0.628254 0.371746
0.0760902 0.0777705 0.846139
0.121422 0.878578 0
0 0.111566 0.888434
0.403381 0.596619 0
0.0483877 0.41388 0.537732
0.723812 0.276188 0
0.468804 0.281196 0.25
0.532248 0.467752 0
0.0826164 0.508407 0.408977
0.457552 0.145367 0.397081
0.112001 0.43563 0.452369
0.318959 0.326096 0.354946
0.245036 0.754964 0
0.663172 0.0868276 0.25
0.692571 0.307429 0
0.0216332 0.684654 0.293713
0.81781 0.18219 0
0.27726 0.060233 0.662507
0.182662 0.817338 0
0.151721 0.362102 0.486177
0.481711 0 0.518289
0.16032 0.0261143 0.813566
0.498644 0.182625 0.318731
0.467496 0.532504 0
0.909466 0.0905336 0
0.213593 0.786407 0
0.0654782 0.591815 0.342707
0.0303018 0.969698 0
0.0998301 0.65017 0.25
0.132435 0.247721 0.619845
0.939745 0.0602551 0
0 0.234044 0.765956
0.276368 0.723632 0
0.059549 0.282938 0.657513
0.879021 0.120979 0
0.0921526 0.334034 0.573814
0.371238 0.628762 0
0.174452 0.575548 0.25
0.229657 0 0.770343
0.0314728 0.0327065 0.935821
0 1 0
0.435279 0.564721 0
0.499796 0.500204 0
1 0 0
