1 0 0
0.628502 0.371498 0
0.460265 0.289735 0.25
0.66573 0.0842697 0.25
0.531894 0.468106 0
0.385894 0.364106 0.25
0.590968 0.159032 0.25
0.422712 0.25882 0.318468
0.360751 0.156624 0.482625
0.517893 0.216405 0.265702
0.723158 0.276842 0
0.125502 0.247801 0.626697
0.683952 0 0.316048
0.271585 0.478415 0.25
0.0301394 0.969861 0
0.138533 0.417475 0.443992
0.847843 0.152157 0
0.197033 0.552967 0.25
0.250628 0.24959 0.499782
1.64042e-20 0.75 0.25
0.315877 0.40189 0.282233
0.253799 0.363475 0.382726
0.338801 0.661199 0
0.90921 0.0907899 0
0.24306 0.134217 0.622723
0.020679 0.167003 0.812318
0.614958 0.0340942 0.350947
0.563741 0.119557 0.316701
0.785832 0.214168 0
0.0830003 0.667 0.25
1.13221e-20 0.517648 0.482352
0.160729 0.164753 0.674518
0.370625 0.629375 0
0.182222 0.817778 0
0.40288 0.59712 0
0.499662 0.500338 0
0.0547223 0.286324 0.658954
0.198011 0.0830037 0.718986
0.438053 0.121565 0.440382
0.691899 0.308101 0
0.0399097 0.452753 0.507337
0.754673 0.245327 0
0.104534 0.378769 0.516697
0.29009 0.178694 0.531217
0.47478 0.171966 0.353254
0.75 0 0.25
0.434997 0.565003 0
1.27162e-20 0.581386 0.418614
0.0432657 0.608057 0.348677
0.564217 0.435783 0
0.275571 0.724429 0
8.91905e-21 0.407779 0.592221
0.134622 0.529705 0.335673
0.301501 0.270907 0.427593
0.15143 0.84857 0
2.45398e-21 0.112196 0.887804
0.0601137 0.939886 0
0.572623 0 0.427377
5.23937e-21 0.239544 0.760456
0.342214 0.313765 0.344021
0.231309 0 0.768691
1.49295e-20 0.682575 0.317425
0.0746546 0.341576 0.583769
0.404307 0.0583855 0.537307
0.244079 0.755921 0
0.0795855 0.201957 0.718457
0.161262 0.294287 0.544451
0.237412 0.439068 0.32352
0.110726 0 0.889274
0.329022 0.0945826 0.576396
0.816852 0.183148 0
0.202416 0.333914 0.463671
0.0904334 0.909567 0
7.07353e-21 0.323402 0.676598
0.115082 0.119109 0.765809
0.031377 0.0328205 0.935803
0.385509 0.215187 0.399304
0.204807 0.211416 0.583776
0.161063 0.0256854 0.813252
0.175067 0.455171 0.369762
0.0863193 0.501569 0.412111
5.56196e-17 1 0
0.939571 0.0604293 0
0.660393 0.339607 0
0.467254 0.532746 0
0.12081 0.598359 0.280832
0.212848 0.787152 0
0.470704 0 0.529296
0.969803 0.0301973 0
0.075695 0.078406 0.845899
0.307036 0.692964 0
0.878616 0.121384 0
0.27952 0.060441 0.660039
0.59645 0.40355 0
0.306709 0 0.693291
0.490711 0.0396517 0.469637
0.381998 0 0.618002
0.523317 0.0846052 0.392078
0.120819 0.879181 0
0 0 1
