0.435543 0.564457 0
0.22474 0.381247 0.394013
1 0 0
0.969814 0.0301857 0
0.403291 0.596709 0
0.0593469 0.279371 0.661282
0.200667 0.0794025 0.719931
0.666524 0.0834759 0.25
0.661977 0.338023 0
0.725262 0.274738 0
0.879409 0.120591 0
0.175364 0.472969 0.351667
0.527756 0.138819 0.333424
0.0781608 0.0752754 0.846564
0.290285 0.162543 0.547172
0.787718 0.212282 0
0.523818 0 0.476182
0.319804 0.333634 0.346562
0.184549 0.344949 0.470503
0.0334283 0.030805 0.935767
0.0285743 0.492504 0.478921
0.434704 0.243124 0.322173
0.609984 0.0436715 0.346344
0.467779 0.532221 0
0.307773 0.692227 0
0.16125 0.16135 0.6774
0.244901 0.755099 0
0.365711 0.384289 0.25
0.370357 0.234941 0.394702
0.090779 0.909221 0
0.418857 0.130726 0.450417
0.182697 0.817303 0
0 0.75 0.25
0.128867 0.243317 0.627816
0.0922178 0.333573 0.574209
0.336128 0.1894 0.474472
0.629948 0.370052 0
0.151993 0.848007 0
0.118018 0.114553 0.76743
0.241454 0.128106 0.63044
0.205202 0.207364 0.587435
0.848833 0.151167 0
0.159724 0.590276 0.25
0 0.231974 0.768026
0.0331458 0.612967 0.353887
0.244909 0.249602 0.505489
0.693757 0.306243 0
0 0.44863 0.55137
0.454397 0.175601 0.370002
0.75 0 0.25
0.240485 0 0.759515
0.323959 3.59667e-17 0.676041
0.477621 0.272379 0.25
0.818399 0.181601 0
0.597201 0.120935 0.281865
0.909619 0.0903809 0
0.129524 0.434735 0.435741
0.285331 0.0561532 0.658516
0.401556 0.314383 0.28406
0 0.309279 0.690721
0.161523 0.295506 0.54297
0.213814 0.786186 0
0.552488 0.197512 0.25
0.407709 0 0.592291
0.0240053 0.160947 0.815048
0.0848046 0.665195 0.25
0.121069 0.878931 0
0.504028 0.0866103 0.409362
0.275967 0.724033 0
0.0600906 0.939909 0
0.585537 0 0.414463
0.328348 0.0876178 0.584034
0 0.568616 0.431384
0.112348 4.98927e-17 0.887652
0.167372 0.0201802 0.812448
0.263843 0.418888 0.317269
0.370869 0.629131 0
0.684068 0 0.315932
0.33908 0.66092 0
0.565565 0.434435 0
0.461594 0.031291 0.507115
0.119307 0.562493 0.3182
0.0300385 0.969962 0
0.597943 0.402057 0
0.00819287 0.37704 0.614767
0.21783 0.516611 0.265559
0.939817 0.0601833 0
0.389586 0.0778629 0.532551
0 0.682852 0.317148
0.500304 0.499696 0
0.532982 0.467018 0
0.0842262 0.520253 0.395521
0.281563 0.289207 0.429229
0 0 1
0 0.109774 0.890226
0.291031 0.458969 0.25
0.0798772 0.404949 0.515173
0.0808842 0.19712 0.721995
0 1 0
0.756753 0.243247 0
