1 0 0
0.36314 0.38686 0.25
0.119652 0.880348 0
0.434828 0.565172 0
0.112164 2.49054e-17 0.887836
0.0594787 0.940521 0
0.314738 0.337939 0.347323
0.475588 0.274412 0.25
0.66179 0.33821 0
0.6088 0.0429886 0.348211
0.30639 0.69361 0
0.629939 0.370061 0
0.75 0 0.25
0.0893763 0.910624 0
0.272032 0.298349 0.429619
0.398866 0.317292 0.283841
0.370041 0.629959 0
0.215638 0.516703 0.267659
0.46744 0.53256 0
0.0264966 0.159826 0.813677
0.242931 0.757069 0
0.0788496 0.0750191 0.846131
0.0338615 0.614188 0.35195
0.24841 0.124988 0.626602
0.757125 0.242875 0
0.240835 2.6738e-17 0.759165
0.249502 0.249131 0.501367
0.178852 0.289198 0.53195
0.119385 0.563389 0.317225
0.259871 0.420639 0.31949
0.366953 0.24122 0.391827
0.180709 0.819291 0
0.849444 0.150556 0
0.532909 0.467091 0
0.294218 0.159763 0.546018
0.274669 0.725331 0
0.0330026 0.0311899 0.935807
0.597902 0.402098 0
0.50343 0.0868731 0.409697
0.149848 0.850152 0
0.211389 0.203655 0.584956
0.693804 0.306196 0
0.171866 0.473266 0.354868
0 0.75 0.25
0.0392831 0.489678 0.471039
0.0605193 0.277843 0.661638
0.666507 0.0834929 0.25
0.160011 0.589989 0.25
0.683069 0 0.316931
0.156089 0.359854 0.484057
0.165118 0.159872 0.67501
0.120436 0.113621 0.765943
0.0578741 0.403056 0.53907
0.286926 0.0545185 0.658555
0 0.380198 0.619802
0.819196 0.180804 0
0.910399 0.0896012 0
0.582104 0 0.417896
0.879955 0.120045 0
0.0833048 0.196786 0.71991
0.121047 0.43702 0.441933
0.380326 0.10295 0.516724
0.338097 0.661903 0
0 0.68374 0.31626
0.28893 0.46107 0.25
0.453966 0.0394163 0.506618
0.402251 0.597749 0
0.970376 0.0296236 0
0 0.469375 0.530625
0.211617 0.788383 0
1.15895e-20 0.571661 0.428339
0.52799 0.138679 0.333331
0.0296647 0.970335 0
0.333633 0.198021 0.468347
0.202791 0.0789643 0.718245
0.500363 0.499637 0
0 0.110309 0.889691
0.565647 0.434353 0
0.434317 0.245729 0.319954
0.788318 0.211682 0
0.0845861 0.522317 0.393097
0.168144 0.0195068 0.812349
0.940554 0.0594461 0
0.0847847 0.665215 0.25
0.215692 0.383945 0.400363
4.65693e-21 0.229707 0.770293
0.134481 0.241919 0.623601
0.725753 0.274247 0
0.518475 0 0.481525
0.59729 0.121164 0.281546
0.342667 0.0741112 0.583221
0.420473 0.136755 0.442772
0.324234 3.59972e-17 0.675766
0.408499 4.53525e-17 0.591501
0.551861 0.198139 0.25
0.0945785 0.327452 0.577969
0 0.304943 0.695057
0.454471 0.179586 0.365943
0 0 1
0 1 0
