0.0311547 0.677388 0.291458
0.208975 0.791025 0
0.027306 0.0443329 0.928361
0.513305 0.0360001 0.450695
0.589934 2.01632e-09 0.410066
3.69767e-09 0.0682559 0.931744
0.0969893 0.0522138 0.850797
0.00287931 0.0117512 0.98537
0.137596 0.451775 0.410629
0.0452196 0.0747819 0.879998
0.0154855 0.222006 0.762509
0.227401 0.0374742 0.735124
0.442171 0.289677 0.268151
0.227467 0.19156 0.580973
0.0635798 0.0391321 0.897288
0.188016 0.406862 0.405122
0.699202 0.0323895 0.268408
0.243183 0.408261 0.348556
0.52162 0.017977 0.460403
0.473503 0.194076 0.332421
0.0976109 0.524678 0.377711
0.130459 0.0187443 0.850797
0.00969207 0.470924 0.519384
0.21709 0.0204015 0.762509
0.27055 0.413515 0.315935
0.0993894 0.309202 0.591409
3.87295e-08 0.714914 0.285086
0.881175 0.118825 0
0.413935 0.124891 0.461173
0.20535 0.79465 0
0.120638 0.425845 0.453518
0.301756 0.44722 0.251024
0.630644 0.369356 4.44089e-16
0.481129 3.13222e-08 0.518871
0.363547 0.636453 5.55112e-15
0.50001 0.49999 2.77556e-15
0.672506 0.076774 0.25072
0.457103 0.187354 0.355543
0.521333 0.222097 0.25657
0.157242 0.157481 0.685277
3.25403e-05 0.22857 0.771397
0.240507 0.502746 0.256747
0.425324 0.301725 0.27295
3.35133e-08 1 2.22045e-16
1 8.45928e-08 0
0.767382 0.232618 5.63225e-09
0.243737 0.136228 0.620035
0.121203 0.553111 0.325686
0.333581 0.333215 0.333203
0 0 1
0.210101 0.384777 0.405122
0.701657 0.298343 0
3.15501e-08 0.582389 0.417611
2.67512e-05 0.375756 0.624218
0.308229 0.111501 0.580269
0.742622 2.94026e-06 0.257375
0.230748 0.769252 0
0.581954 7.53925e-08 0.418045
0.254454 0.0125085 0.733038
0.437353 0.310259 0.252388
1.58948e-05 0.105295 0.894689
0.374061 1.27849e-09 0.625939
0.0855102 0.664224 0.250266
0.249808 0.248736 0.501456
0.137734 0.474477 0.387789
0.0716081 0.0738712 0.854521
0.167083 0.00575832 0.827159
0.304321 0.695679 0
0.561694 0.438306 0
0.550934 0.117753 0.331313
0.933017 0.0669833 1.11022e-16
0.189687 0.203459 0.606854
0.0597031 0.202736 0.73756
0.310522 0.000809181 0.688669
0.30972 0.224697 0.465583
0.39238 0.199988 0.407632
0.0789604 2.69877e-10 0.92104
0.18056 0.300056 0.519384
0.381161 0.618839 0
0.663729 0.000398779 0.335872
0.178096 0.480786 0.341118
0.0190149 0.284634 0.696351
0.100556 0.153692 0.745751
0.501202 0.0615938 0.437204
0.132023 0.117578 0.750399
0.0596315 0.535247 0.405122
0.593414 0.126532 0.280054
0.324441 0.291221 0.384339
0.0938825 0.987982 0.0103386
0.657096 0.342904 1.22125e-15
0.0352727 0.686712 0.278015
0.61086 0.0567191 0.332421
2.92916e-05 0.411439 0.588532
0.143305 0.23559 0.621106
0.00734127 0.141166 0.851493
0.0117977 0.0519375 0.936265
0.226759 0.218779 0.554462
3.67491e-08 0.678358 0.321642
0.0703165 0.651669 0.278015
0.54503 0.0498485 0.405122
