1 0 0
0.114085 0.11942 0.766496
0.24752 0.431863 0.320617
0.754972 0.245028 0
0.139374 0.527703 0.332923
0.0836741 0.666326 0.25
0.660248 0.339752 0
0.200439 0.549561 0.25
0.338787 0.661213 0
0.461641 0.288359 0.25
1.6987e-20 0.682748 0.317252
0.241484 0.133559 0.624956
0.75 0 0.25
0.0871854 0.503574 0.409241
0.297869 0.272033 0.430097
0.288878 0.178139 0.532983
0.0301137 0.969886 0
0.275644 0.724356 0
0.436794 0.121286 0.44192
0.276119 0.473881 0.25
0.387607 0.362393 0.25
0.249089 0.248957 0.501954
0.196581 0.0828634 0.720556
0.213198 0.786802 0
0.0905155 0.909484 0
0.590143 0.159857 0.25
0.692216 0.307784 0
0.30518 0 0.69482
0.337655 0.3145 0.347845
0.370328 0.629672 0
0.318393 0.397592 0.284014
0.278077 0.0602332 0.66169
0.571789 6.34813e-17 0.428211
0.785979 0.214021 0
0.563256 0.11959 0.317153
0.197093 0.333325 0.469581
0.0200091 0.167405 0.812586
0.516872 0.215251 0.267877
0.121022 0.878978 0
0.909012 0.0909884 0
0.101367 0.381256 0.517376
0.665349 0.0846515 0.25
0.403138 0.0581111 0.538751
0.93948 0.0605201 0
0.489912 0.0394556 0.470633
0.159045 0.294518 0.546437
0.467089 0.532911 0
0.816957 0.183043 0
0.0454029 0.607936 0.346661
0.628373 0.371627 0
1.86602e-20 0.75 0.25
0.359522 0.156284 0.484194
1.29292e-20 0.519657 0.480343
0.0307243 0.0332194 0.936056
0.596208 0.403792 0
0.499436 0.500564 0
0.380477 0 0.619523
0.244241 0.755759 0
0.22989 0 0.77011
0.306985 0.693015 0
0.151552 0.848448 0
0.124538 0.247955 0.627506
0.159791 0.0255812 0.814628
0.0541902 0.286268 0.659542
0.420382 0.260058 0.31956
0.614165 0.0341697 0.351665
0.0388137 0.455215 0.505971
0.240578 0.366516 0.392906
0.123508 0.597152 0.27934
0.327528 0.0943835 0.578088
1.84172e-17 0.324486 0.675514
0.683737 0 0.316263
3.2673e-17 0.583456 0.416544
0.159718 0.164773 0.675509
0.203435 0.211029 0.585537
0.0602369 0.939763 0
0.723378 0.276622 0
0.531857 0.468143 0
0.847877 0.152123 0
2.29876e-17 0.408917 0.591083
0.469556 0 0.530444
0.0734505 0.3425 0.58405
0.0789146 0.201907 0.719178
0.136911 0.42044 0.442649
0.402389 0.597611 0
0.969736 0.0302641 0
0.383428 0.215831 0.400741
5.97455e-21 0.240132 0.759868
0.473026 0.172134 0.35484
0.0751722 0.0784935 0.846334
0.434624 0.565376 0
5.5999e-17 1 0
0.522416 0.084779 0.392805
0.878567 0.121433 0
0 0.11225 0.88775
0.564255 0.435745 0
0.109776 0 0.890224
0.182241 0.817759 0
0.18056 0.454722 0.364718
0 0 1
