7.62988e-21 0.749994 0.250006
0.305268 0 0.694732
0.72378 0.27622 0
0.665139 0.08486 0.250001
0.878893 0.121107 0
0.62848 0.37152 0
0.84816 0.15184 0
0.278574 0.471425 0.250001
0.0844297 0.327897 0.587674
0.159817 0.0259886 0.814194
0.0840203 0.525914 0.390066
0.179045 0.570951 0.250003
0.402885 0.597115 0
0.389543 0.32056 0.289898
0.660067 0.339933 0
0.326847 0.302836 0.370317
0.939626 0.0603739 0
0.684883 0 0.315117
0.126074 0.427107 0.446819
0.0856084 0.664391 0.250001
0.0318582 0.0320856 0.936056
0.347507 0.158981 0.493512
0.316873 0.0958639 0.587263
0.22973 0 0.77027
0.749999 0 0.250001
0.112656 0.119523 0.767821
3.13897e-21 0.308551 0.691449
0.596548 0.403452 0
0.692016 0.307984 0
0.307495 0.692505 0
0.121545 0.878455 0
0.470246 0.279749 0.250005
0.515979 0.207025 0.276996
0.213693 0.786307 0
0.065765 0.273478 0.660757
0.370075 0.379924 0.250001
0.421974 0.243106 0.33492
0.577853 0 0.422147
0.174274 0.339735 0.485991
0.435313 0.564687 0
0.61438 0.0357926 0.349827
0.564669 0.435331 0
0.467733 0.532267 0
0.471843 0.160593 0.367564
0.0798723 0.201854 0.718273
0.507596 0 0.492404
0.0639327 0.400178 0.535889
0.182829 0.817171 0
0.909261 0.0907388 0
0.177903 0.220246 0.601851
0.307146 0.39037 0.302484
0.0909603 0.90904 0
0.388488 0.0690744 0.542438
0.0220988 0.163895 0.814006
0 0.469023 0.530977
0.244921 0.755079 0
0.0432447 0.486438 0.470317
0.23109 0.138349 0.630562
0.370771 0.629229 0
0.561889 0.116796 0.321315
5.58906e-17 1 0
0.377765 0.207525 0.41471
0.590524 0.159474 0.250001
0.232374 0.251858 0.515768
0.33906 0.66094 0
0.146849 0.294427 0.558724
0.221619 0.365834 0.412547
0.201551 0.507656 0.290793
0.152196 0.847804 0
0.192856 0.0852184 0.721926
0.969808 0.0301922 0
0.500042 0.499958 0
0.110372 0 0.889628
0.532484 0.467516 0
0.275751 0.724249 0
0.434436 0.110531 0.455033
0.273822 0.0611005 0.665078
0.283464 0.269918 0.446618
0.0292013 0.616042 0.354757
0.241134 0.419039 0.339827
0.380935 0 0.619065
0.14925 0.171269 0.679481
0.273997 0.182648 0.543355
0.786481 0.213519 0
0.0603012 0.939699 0
2.37674e-21 0.233626 0.766374
0.075465 0.0774327 0.847102
0.0300177 0.969982 0
0.521023 0.0752122 0.403765
0.161407 0.471145 0.367448
0.755149 0.244851 0
0.451981 0.0197246 0.528295
0 0.110516 0.889484
6.96528e-21 0.684666 0.315334
0 0.383441 0.616559
0.113278 0.583552 0.30317
5.7902e-21 0.569158 0.430842
0.817322 0.182678 0
8.01383e-17 8.6612e-17 1
1 0 0
