0.144532 0.440002 0.415465
0.672043 0.0161454 0.311812
5.69582e-14 0.0648208 0.935179
0.10117 9.6276e-05 0.898734
0.415722 0.24653 0.337748
0.383828 3.5673e-12 0.616172
0.12356 0.027119 0.849321
0.0547843 0.0324879 0.912728
0.0778644 0.66068 0.261456
0.878322 0.121678 7.77156e-16
0.00023895 0.364164 0.635597
0.407812 0.261584 0.330605
0.00127399 0.0335565 0.965169
0.00439093 0.0899807 0.905628
0.128883 0.544447 0.32667
0.403386 0.167993 0.428621
0.0443944 0.373107 0.582498
0.116731 0.0646733 0.818596
0.0458551 0.0598359 0.894309
0.0278626 0.570972 0.401165
0.578443 0.0824919 0.339066
0.446468 0.109452 0.44408
0.20424 0.380295 0.415465
0.485294 0.000924267 0.513781
0.495285 0.171922 0.332793
0.578234 0.425873 0.00067685
0.0596925 0.940308 0
0.144587 0.536939 0.318474
0.224666 0.507814 0.26752
0.117105 0.883041 2.0452e-05
0.301394 0.114128 0.584478
0.375957 3.49415e-12 0.624043
0.000364439 0.746722 0.252914
0.736977 9.21857e-05 0.262931
0.23014 0.000970126 0.76889
0.881417 0.118583 7.77156e-16
0.116812 0.423544 0.459643
0.00704526 0.477959 0.514996
0.435401 0.106739 0.45786
0.665224 0.334776 4.44089e-16
0.619961 0.0503374 0.329701
0.282472 0.462804 0.254723
0.481311 0.263196 0.255493
0.333136 0.333254 0.333609
0.343765 0.656235 7.77156e-16
0.102888 0.325271 0.571842
0.0453736 0.0151824 0.939444
0.161036 0.154528 0.684435
4.351e-06 0.582097 0.417899
0.187915 0.812085 7.77156e-16
5.55793e-18 5.04318e-17 1
0.135473 0.0811219 0.783405
1.08931e-05 0.243023 0.756966
1 8.58754e-11 0
0.500203 0.499797 1.11022e-16
0.765749 0.234251 7.77156e-16
0.0355354 0.710259 0.254206
0.0798887 0.668959 0.251152
0.388058 0.0294433 0.582498
0.000244353 0.372398 0.627358
0.584535 8.68154e-11 0.415465
0.666099 0.0836871 0.250214
0.223273 0.776727 1.60785e-11
0.241006 0.257423 0.50157
8.78702e-13 1 5.10703e-15
0.0733444 0.0715343 0.855121
0.0246189 0.156785 0.818596
0.407552 0.192453 0.399995
0.109359 1.6242e-11 0.890641
0.930843 0.0692746 2.04514e-05
0.266596 0.733404 7.77156e-16
0.811861 0.188382 5.13909e-05
0.277125 0.0209492 0.701926
0.356644 0.17674 0.466617
1.53609e-05 0.0788665 0.921118
0.000152318 0.646074 0.353773
0.0680904 0.403392 0.528518
0.0516544 0.24642 0.701926
0.172292 0.289068 0.53864
0.0892577 0.519982 0.39076
0.280621 0.286657 0.432722
0.268057 0.409246 0.322697
0.562812 0.0688263 0.368362
0.419081 0.254705 0.326214
0.131726 0.607958 0.260316
0.146974 0.0176665 0.83536
0.307466 0.432039 0.260494
0.0565529 0.305068 0.638379
0.111826 0.167913 0.720261
0.208682 0.443108 0.34821
0.350118 0.134188 0.515694
0.661117 0.0126685 0.326214
0.00467069 0.397073 0.598256
0.227949 0.0500302 0.722021
0.0200272 0.519824 0.460149
0.320783 6.7977e-05 0.679149
0.0365769 0.963423 4.44089e-16
0.910618 0.0893815 7.43849e-15
0.701897 0.00172085 0.296382
0.45972 0.191453 0.348826
