0.315046 0.0522602 0.632694
0.0919706 0.421709 0.486321
0.129512 0.419438 0.45105
0.315904 0.00228463 0.681812
0.275268 0.04109 0.683642
0.10808 0.111704 0.780217
0.000968719 0.0813857 0.917646
0.612608 0.130417 0.256975
0.184114 0.196597 0.61929
0.0644717 0.544779 0.390749
0.0302845 0.0293973 0.940318
0.4697 0.0129415 0.517358
0.00408411 0.165505 0.830411
0.393887 0.218905 0.387208
0.00129255 0.123021 0.875686
0.0412506 0.373876 0.584873
0.0672138 0.61886 0.313926
0.253311 0.0420195 0.704669
0.430712 0.173783 0.395505
0.202262 0.28038 0.517358
0.128658 0.422953 0.448389
0.347199 0.391411 0.26139
0.52417 0.151657 0.324173
0.100062 0.498531 0.401407
0.0761129 0.533138 0.390749
1.14536e-05 0.225913 0.774076
0.36449 0.139818 0.495691
0.321602 0.426189 0.25221
0.18858 0.223306 0.588114
0.210933 0.00796691 0.7811
0.592159 0.0342227 0.373618
0.0299942 0.698169 0.271837
0.248979 0.485822 0.265199
0.565469 0.434531 3.51608e-13
0.128739 0.871261 6.14529e-09
0.911178 0.0888221 5.86753e-13
0.370214 0.629786 5.86753e-13
0.105413 5.31315e-05 0.894534
0.0024307 0.142776 0.854793
0.00144329 0.61421 0.384346
0.389205 0.24213 0.368665
0.246563 0.256788 0.496649
0.748756 0.000109405 0.251135
0.0511174 0.00120883 0.947674
0.499766 0.500239 1.04326e-06
0.0622948 0.0794881 0.858217
0.000448904 0.485444 0.514107
0.158737 0.406837 0.434426
0.00391471 0.336337 0.659748
5.06966e-05 0.999949 5.75919e-09
0.439591 0.152118 0.408292
0.743002 0.257002 5.26339e-07
0 0 1
0.766908 0.233096 5.26339e-07
0.241607 0.758394 5.22391e-09
0.329368 0.336661 0.333971
1 2.12302e-11 3.51608e-13
0.477852 0.000552157 0.521596
0.157816 0.198485 0.643699
0.0737343 0.675131 0.251135
0.616757 0.131301 0.251942
0.830679 0.196137 0.0056715
0.67087 0.0785749 0.250555
0.36629 0.0508044 0.582906
0.123941 0.161085 0.714974
0.285119 0.0464621 0.668419
0.475209 0.270246 0.254546
0.0491962 0.378938 0.571866
0.128685 0.599667 0.271648
0.0882683 0.326674 0.585058
0.311394 0.688606 1.97039e-08
0.0392498 0.96075 1.97039e-08
0.315904 0.00228463 0.681812
0.579673 7.34727e-07 0.420326
0.3991 0.0495895 0.55131
0.227083 0.398419 0.374499
0.0998404 0.250789 0.64937
0.245533 0.168008 0.58646
0.0982078 0.110678 0.791115
0.163452 0.314953 0.521596
0.0082172 0.0695769 0.922206
0.432623 0.0986164 0.468761
0.419771 0.308581 0.271648
0.231341 0.332891 0.435767
0.0603135 0.468932 0.470755
0.973169 0.0268309 5.89861e-13
0.384565 0.615435 1.97039e-08
0.670224 0.00318364 0.326592
0.142017 0.0839071 0.774076
0.109583 0.890424 9.5587e-07
0.25248 0.0827107 0.664809
0.365008 0.232334 0.402658
0.108796 0.369609 0.521596
0.0385309 0.63452 0.326949
0.297237 0.387403 0.31536
0.486993 0.0245811 0.488426
0.0367226 0.18296 0.780317
0.327726 0.0543636 0.617911
0.302183 0.320358 0.377459
0.550503 0.449501 5.26339e-07
