0.665187 0.0848111 0.250001
0 1 0
0.0309813 0.0332542 0.935764
0.275123 0.474876 0.250001
0.359208 0.157295 0.483497
0.403201 0.058466 0.538333
0.786372 0.213628 0
0.242021 0.134269 0.62371
0.075517 0.0788155 0.845668
0.196718 0.334697 0.468585
0.297263 0.272783 0.429954
0.38729 0.362709 0.250001
0.239914 0.36714 0.392947
0.199462 0.550537 0.250001
0.909144 0.0908559 0
0.135526 0.422088 0.442386
0.969806 0.0301944 0
2.63854e-21 0.112584 0.887416
0.467459 0.532541 0
0.160067 0.16517 0.674762
0.182572 0.817428 0
0.0788421 0.202146 0.719012
0.596607 0.403393 0
0.532065 0.467935 0
0.383623 0.216396 0.399981
0.461038 0.28896 0.250001
0.114133 0.119826 0.766041
0.213516 0.786484 0
0.749999 0 0.250001
0.338993 0.661007 0
0.81728 0.18272 0
1.60106e-20 0.68316 0.31684
0.93956 0.0604401 0
0.435091 0.564909 0
1.21904e-20 0.520156 0.479844
0.692601 0.307399 0
0.473005 0.17244 0.354554
0.755277 0.244723 0
0.564506 0.435494 0
0.158839 0.294838 0.546324
0.337037 0.315141 0.347822
0.124723 0.248061 0.627216
0.160438 0.0261093 0.813453
1.75771e-20 0.749999 0.250001
0.522183 0.0850087 0.392808
0.420348 0.260247 0.319405
0.151679 0.848321 0
0.122911 0.597005 0.280084
0.499694 0.500306 0
0.590095 0.159904 0.250001
0.120797 0.879203 0
0.197114 0.0833596 0.719527
0.660743 0.339257 0
0.0903409 0.909659 0
0.0381234 0.455092 0.506785
0.402918 0.597082 0
0.848082 0.151918 0
0.0734049 0.34299 0.583605
0.0444034 0.608971 0.346625
0.24687 0.432639 0.320492
0.563105 0.119589 0.317306
0.516549 0.215904 0.267547
0.436315 0.122219 0.441466
0.083668 0.666331 0.250001
0.180026 0.455107 0.364867
9.58191e-21 0.408852 0.591148
0.878851 0.121149 0
0.683628 0 0.316372
0.307199 0.692801 0
0.0201074 0.16775 0.812142
0.248185 0.250077 0.501738
0.278404 0.0605386 0.661057
0.275909 0.724091 0
0.288447 0.179175 0.532378
0.370933 0.629067 0
0.724188 0.275812 0
0.101888 0.38138 0.516732
0.628826 0.371174 0
1.36895e-20 0.584118 0.415882
0.244741 0.755259 0
0 0.324713 0.675287
0.614082 0.0339055 0.352012
0.380836 0 0.619164
0.317782 0.398466 0.283752
0.305501 0 0.694499
0.0299349 0.970065 0
0.489226 0.0402417 0.470532
0.0861026 0.505035 0.408862
0.571465 0 0.428535
5.6395e-21 0.240633 0.759367
0.469659 0 0.530341
0.230356 0 0.769644
0.327833 0.094978 0.577189
0.203627 0.211894 0.58448
0.0598587 0.940141 0
0.0542752 0.286424 0.659301
1 0 0
0.139421 0.527683 0.332896
0.110426 1.22598e-17 0.889574
0 0 1
