0.371599 0.628401 0
0.245193 0.754807 0
0.909947 0.0900525 0
0.122047 0.436759 0.441194
0.403636 0.596364 0
0.216752 0.51626 0.266987
0.398982 0.316451 0.284567
0.468075 0.531925 0
0.156989 0.359575 0.483436
0.756034 0.243966 0
0.0905282 0.909472 0
0.134006 0.243038 0.622955
0.316088 0.336029 0.347883
0.287446 0.0555971 0.656957
0.596263 0.121927 0.28181
0.289885 0.460115 0.25
0.244389 0.126683 0.628928
0.970048 0.029952 0
0.475821 0.274179 0.25
0.6932 0.3068 0
0.330922 0.0861623 0.582915
0.308211 0.691789 0
0.0602249 0.939775 0
0.463876 0.0309398 0.505184
0.274152 0.295157 0.430691
0.363879 0.386121 0.25
0.21744 0.381903 0.400657
0 0.470528 0.529472
0.261006 0.419256 0.319738
0.879707 0.120293 0
0.0855459 0.522183 0.392271
0.120508 0.562581 0.316911
0.210854 0.204732 0.584414
0.120852 0.879148 0
0.0827937 0.197916 0.71929
0.0849637 0.665036 0.25
0.0789801 0.0754881 0.845532
0.202147 0.0790157 0.718837
0.787565 0.212435 0
0 0.683856 0.316144
0.339821 0.660179 0
0.338155 0.190181 0.471664
0.151696 0.848304 0
0.182469 0.817531 0
0.112276 3.73954e-17 0.887724
0.16367 0.160945 0.675385
0.586991 6.51691e-17 0.413009
0.818682 0.181318 0
0.526509 0.140949 0.332542
0.294333 0.160464 0.545203
0.160405 0.589595 0.25
0.435707 0.564293 0
0.597358 0.402642 0
0.276699 0.723301 0
0.505115 0.0873641 0.407521
3.18233e-17 0.572439 0.427561
0.367267 0.238374 0.394359
0.452897 0.178 0.369103
0.0328385 0.03166 0.935502
0.432976 0.245439 0.321585
0.0583608 0.404074 0.537566
0.0948486 0.328654 0.576497
0.173778 0.472096 0.354126
0.250847 0.247863 0.50129
0.409498 4.54634e-17 0.590502
0.500269 0.499731 0
0.551544 0.198456 0.25
0.119745 0.114595 0.76566
0 0.381718 0.618282
0.565198 0.434802 0
0.0347564 0.614136 0.351108
0.420247 0.131259 0.448494
0.325698 3.61598e-17 0.674302
0.241588 8.04651e-17 0.758412
0.724567 0.275433 0
0.532804 0.467196 0
0.030082 0.969918 0
0.684599 0 0.315401
5.59177e-17 1 0
0.665885 0.0841148 0.25
0 0.306106 0.693894
0.526066 0 0.473934
0.629599 0.370401 0
0.849404 0.150596 0
0 0.230813 0.769187
0.0263366 0.160713 0.812951
0.0399678 0.490245 0.469787
0.0603569 0.279274 0.660369
0.940182 0.059818 0
0.661564 0.338436 0
0.75 8.32667e-17 0.25
3.00819e-21 0.110983 0.889017
0.179559 0.289321 0.53112
0.392482 0.0770947 0.530423
0.168327 0.0194965 0.812176
0.610374 0.0442247 0.345401
0 0.75 0.25
0 0 1
0.213866 0.786134 0
1 0 0
