0 0 1
0.665248 0.0847516 0.25
0.380618 0.217206 0.402176
0 0.75 0.25
0.0829131 0.331951 0.585136
0.181846 0.818154 0
0.275389 0.724611 0
0.0312832 0.0329786 0.935738
0.40351 0.0584248 0.538065
0.321812 0.390701 0.287487
0.160728 0.162757 0.676515
0.226191 0.368481 0.405328
0.660938 0.339062 0
0.0754123 0.0785832 0.846004
0.0890746 0.660925 0.25
0.338846 0.661154 0
0.157084 0.294326 0.548589
0.590046 0.159954 0.25
0.75 0 0.25
0.52192 0.0853716 0.392709
0.939894 0.0601059 0
0.245034 0.251944 0.503022
0.125713 0.243831 0.630456
0.8793 0.1207 0
0.467243 0.532757 0
0.358197 0.15739 0.484414
0.288039 0.180383 0.531577
0.818042 0.181958 0
0 0.325352 0.674648
0.207054 0.502706 0.29024
0.119308 0.575732 0.30496
0.755604 0.244396 0
0 0.409991 0.590009
0.0304475 0.466438 0.503115
0.435919 0.122101 0.44198
0.390879 0.359121 0.25
0.0599734 0.940027 0
0.848757 0.151243 0
0.564554 0.435446 0
0.160702 0.0257989 0.813499
0.613941 0.0345272 0.351532
0.0788803 0.201163 0.719957
0.724269 0.275731 0
0.212913 0.787087 0
0.0761567 0.394016 0.529828
0.0901721 0.909828 0
0.969971 0.0300292 0
0.419409 0.259718 0.320873
0.0196106 0.167605 0.812784
0.909615 0.0903845 0
0.692829 0.307171 0
0 0.588046 0.411954
0.242812 0.133838 0.62335
0.197938 0.0823007 0.719762
0.291685 0.274925 0.43339
0.402413 0.597587 0
0.786911 0.213089 0
0.628882 0.371118 0
0.470176 0 0.529824
0 0.1122 0.8878
0.434711 0.565289 0
0 0.240776 0.759224
0.463103 0.286897 0.25
0.284637 0.465363 0.25
0.243985 0.756015 0
0.230862 0 0.769138
0.327979 0.0950171 0.577004
0.08588 0.51524 0.39888
0 0.527023 0.472977
0.251381 0.413012 0.335607
0.572131 0 0.427869
0.499753 0.500247 0
0.596722 0.403278 0
0.279058 0.0602343 0.660708
0.0405072 0.61532 0.344173
0.306926 0.693074 0
0.471702 0.172489 0.355808
0.532214 0.467786 0
5.56738e-17 1 0
0.183976 0.566024 0.25
0.0298975 0.970103 0
0.125563 0.426454 0.447983
0.0549137 0.286331 0.658755
0.562985 0.119794 0.317222
0.683648 0 0.316352
0 0.687544 0.312456
0.165804 0.466985 0.367212
0.3344 0.313275 0.352324
0.183276 0.339594 0.477131
0.150918 0.849082 0
0.490026 0.0398542 0.47012
0.120387 0.879613 0
0.370329 0.629671 0
0.114569 0.118947 0.766484
0.110522 2.45408e-17 0.889478
1 0 0
0.516329 0.214568 0.269103
0.381364 0 0.618636
0.306155 0 0.693845
0.203367 0.210795 0.585838
