0 0 1
0.0785827 0.20399 0.717428
0.125704 0.436839 0.437457
0.467102 0.532898 0
0.585432 0.164565 0.250003
0.41349 0.199051 0.387459
0.564174 0.435826 0
0.527222 0.0844585 0.38832
0.370685 0.629315 0
0.577322 0 0.422678
0.185543 0.346274 0.468183
0.0352968 0.462742 0.501961
0.280382 0.30019 0.419428
0.628303 0.371697 0
0.0304606 0.969539 0
0.307218 0.692782 0
0.723319 0.276681 0
0.328287 0.0922812 0.579432
0.754828 0.245172 0
0.664243 0.0857535 0.250003
0.691747 0.308253 0
0.909066 0.0909343 0
0.0190178 0.168955 0.812027
0.323133 0.325733 0.351134
0.443208 0.306789 0.250003
0.333482 0.226269 0.440249
0.213706 0.786294 0
0.182978 0.817022 0
0.447616 0.113222 0.439162
0.189633 0.560364 0.250003
0.171062 0.474724 0.354214
0.483668 0.172598 0.343734
0.939446 0.060554 0
0.78611 0.21389 0
0.0894292 0.660568 0.250003
0.152194 0.847806 0
0 0.749997 0.250003
0.531861 0.468139 0
0.195842 0.084115 0.720043
0.244808 0.755192 0
0.0542354 0.288698 0.657067
0.305206 0.44479 0.250003
1.21162e-20 0.687451 0.312549
0.596392 0.403608 0
0.564313 0.122994 0.312693
0.0963609 0.389908 0.513732
0.159495 0.0269731 0.813532
0.498673 0.0345305 0.466796
0.616044 0.036705 0.347251
0.226577 0.497765 0.275657
0.370651 0.141891 0.487458
0.123033 0.577597 0.29937
0.817293 0.182707 0
0.749997 0 0.250003
0.969754 0.0302456 0
0.33871 0.66129 0
0.202973 0.214199 0.582828
0 0.411832 0.588168
0.304817 0 0.695183
0.123932 0.250396 0.625672
0.276797 0.0605158 0.662687
0.241235 0.134947 0.623818
0.221464 0.385365 0.393172
0.241339 0.259643 0.499019
0.0413863 0.615584 0.343029
0.499506 0.500494 0
0.121533 0.878467 0
0 0.326807 0.673193
0.434812 0.565188 0
0.275837 0.724163 0
0.0607888 0.939211 0
0.0911812 0.908819 0
0.288499 0.177727 0.533775
0.402713 0.597287 0
0.229448 0 0.770552
0.159355 0.166764 0.673881
0.379937 0 0.620063
0.508608 0.231502 0.25989
0.0871151 0.51959 0.393295
0.407976 0.0512627 0.540762
0.0748277 0.0792253 0.845947
0.398586 0.274427 0.326987
0.367599 0.37003 0.262372
0 0.525278 0.474722
0.267532 0.411043 0.321425
0.113349 0.121333 0.765318
0.11021 0 0.88979
0 0.11264 0.88736
0.685367 0 0.314633
0.848016 0.151984 0
0.07208 0.346591 0.581329
0.154836 0.300067 0.545097
0.473085 0 0.526915
4.26799e-21 0.242158 0.757842
0.660183 0.339817 0
0.878611 0.121389 0
0.0308672 0.0332934 0.935839
1 0 0
1.03556e-20 0.587558 0.412442
5.5728e-17 1 0
