4.9963e-21 7.0528e-21 1
0.817196 0.182804 0
0.614307 0.0336721 0.352021
0.231775 0.364778 0.403448
0.660312 0.339688 0
0 0.749995 0.250005
0.465089 0.284905 0.250006
0.0988519 0.381082 0.520066
0.66572 0.0842745 0.250006
0.0601674 0.939833 0
0.0197665 0.291213 0.689021
0.181844 0.818156 0
0.119849 0.577337 0.302814
0.571521 0 0.428479
0.195806 0.0835714 0.720623
0.0902743 0.909726 0
0.287008 0.462987 0.250005
0.749994 0 0.250006
0.62853 0.37147 0
0.39248 0.357515 0.250005
0.489783 0.0392212 0.470995
0.323248 0.388781 0.287972
0.590944 0.15905 0.250006
0.692387 0.307613 0
0.184383 0.565612 0.250005
0 0.436542 0.563458
0.723846 0.276154 0
0.113155 0.119166 0.767679
0.532061 0.467939 0
0.0748717 0.201453 0.723676
0.563537 0.118846 0.317617
0.120683 0.879317 0
0.294474 0.270541 0.434985
0.243798 0.756202 0
0.191276 0.33248 0.476243
0.939564 0.0604364 0
0.155802 0.165845 0.678353
0.755218 0.244782 0
0.786407 0.213593 0
0.472872 0.170789 0.356339
0.402128 0.0583972 0.539474
0.848018 0.151982 0
0.252867 0.41262 0.334513
0.564337 0.435663 0
0.0869644 0.5195 0.393535
0.909111 0.0908887 0
0.596688 0.403312 0
0.522118 0.0844337 0.393449
0.151084 0.848916 0
0.0751398 0.0778374 0.847023
0.15187 0.29313 0.555
0.24316 0.24959 0.50725
0.0886028 0.661392 0.250006
0 0.688021 0.311979
0.467283 0.532717 0
0.469234 0 0.530766
0 0.363111 0.636889
0.499694 0.500306 0
0.969865 0.0301347 0
0.21009 0.50245 0.28746
0.274842 0.725158 0
0 0.529005 0.470995
0.338449 0.661551 0
0.0507968 0.464005 0.485198
0.306512 0.693488 0
0.402374 0.597626 0
0.110387 0 0.889613
0 0.58911 0.41089
0.683441 0 0.316559
0.435554 0.12113 0.443316
0 0.110537 0.889463
0.325868 0.0952187 0.578914
0.382291 0.214728 0.402981
0.0193668 0.165722 0.814911
0.212735 0.787265 0
0.168418 0.468353 0.363229
0.0685095 0.334291 0.597199
0.370361 0.629639 0
0.137195 0.423092 0.439714
0.284616 0.179584 0.5358
0.336961 0.310552 0.352487
0.517672 0.212828 0.269499
0.277395 0.0607336 0.661872
0.380176 0 0.619824
0.10872 0.250869 0.640411
0.878731 0.121269 0
0.0399711 0.616919 0.34311
0.356633 0.156999 0.486368
0.229986 0 0.770014
0.0318419 0.0320157 0.936142
0.160092 0.0258098 0.814098
0.434869 0.565131 0
0.238987 0.135064 0.625949
1 0 0
0.421246 0.257673 0.321081
0 0.237887 0.762113
0.195595 0.212878 0.591527
0 1 0
0.0300597 0.96994 0
0.305173 0 0.694827
