0.250378 0.499012 0.250609
0.0540034 0.0504363 0.89556
0.0650432 0.96204 0.00313043
0.627952 0.118961 0.253086
0.761584 0.238416 0
0.315739 0.0142305 0.67003
0.395476 0.157325 0.447199
0.407706 0.0239862 0.568308
0.118232 0.398246 0.483522
0.355891 0.313649 0.33046
0.0437838 0.500507 0.45571
0.0338478 0.133165 0.832988
0.543014 0.117841 0.339145
0.582529 0.0875908 0.32988
0.104354 0.351497 0.544149
0.210454 0.12742 0.662126
0.135314 0.132557 0.732129
0.0172715 0.0605719 0.922157
0.0531509 0.556694 0.390155
0.536569 0.0315674 0.431864
0.309195 0.431354 0.259451
0.135768 0.275938 0.588294
0.469988 0.183629 0.346382
0.477049 0.0126303 0.51032
0.0975665 0.327162 0.575271
0.499843 0.500157 1.11022e-16
0.21266 0.394487 0.392853
0.311296 0.100365 0.588339
1.7683e-05 0.235836 0.764146
5.8551e-18 0.749261 0.250739
0.280922 0.012674 0.706404
0.421273 0.127679 0.451049
0.116327 0.883673 0
4.09563e-18 0.524107 0.475893
0.34603 0.65397 0
0.510058 0.232311 0.257631
0.272476 0.476915 0.250609
7.9813e-06 0.374677 0.625315
0.117897 0.428841 0.453262
0.157571 0.157131 0.685298
0.631879 0.36828 2.61988e-05
8.00403e-17 9.5492e-17 1
1 0 0
0.864614 0.135386 0
0.333338 0.333295 0.333367
0.134998 0.539813 0.325189
4.91925e-16 0.58307 0.41693
0.705131 0.294869 1.11022e-16
0.583017 1.8489e-06 0.416981
0.0224402 0.467102 0.510458
0.20676 0.00840938 0.784831
0.0718282 0.0726748 0.855497
0.748562 0.00130222 0.250136
0.0177097 0.388981 0.593309
0.767413 0.232587 0
0.233954 0.766046 0
0.230149 3.32534e-06 0.769848
0.377527 0.000227298 0.622245
2.71875e-18 1 0
0.325816 0.196829 0.477355
0.0835391 0.666426 0.250035
0.24528 0.254629 0.500091
0.0179499 0.662848 0.319202
0.660559 0.0887523 0.250689
0.365724 0.374825 0.259451
0.000201475 0.104901 0.894898
0.577875 0.422423 3.6756e-05
0.112135 0.00183593 0.886029
0.371102 0.20818 0.420718
0.560798 0.109322 0.32988
0.183316 0.217298 0.599385
0.0728588 0.927141 0
0.271505 0.728495 0
0.0964921 0.126955 0.776553
0.0778368 0.264302 0.657861
0.287362 0.0509904 0.661648
0.0327853 0.633044 0.334171
0.262605 0.31542 0.421975
0.648144 0.00934316 0.342513
0.467383 0.282571 0.250046
0.799218 0.200782 0
0.151309 0.346406 0.502285
0.236253 0.496091 0.267656
0.0907746 0.509924 0.399301
0.177845 0.104609 0.717546
0.595144 0.143587 0.261269
0.378139 0.263414 0.358447
0.00613792 0.303026 0.690836
0.01251 0.171993 0.815497
0.393265 0.0948808 0.511854
0.533314 0.466686 1.11022e-16
0.486455 0.0643191 0.449226
0.214788 0.158941 0.626271
0.284925 0.383 0.332075
0.432545 0.00701675 0.560438
0.0418688 0.00149988 0.956631
0.684667 0.32219 0.00151343
0.124487 0.875833 3.67568e-05
0.218615 0.215551 0.565834
0.559416 0.190549 0.250035
