0 1 0
0.0851301 0.664869 0.250001
0.0772652 0.0772818 0.845453
0.970236 0.0297635 0
0.475132 0.274867 0.250001
0.181486 0.818514 0
0.219477 0.38015 0.400373
0.212628 0.787372 0
0.533693 0.0863454 0.379962
0.122115 0.437905 0.43998
0.162527 0.0252053 0.812267
0.0399557 0.490998 0.469047
0.0598868 0.940113 0
0.434884 0.565116 0
0.33864 0.66136 0
0.497036 0.0390057 0.463958
0.134224 0.246008 0.619769
0.329752 0.0946363 0.575612
0.0951232 0.330148 0.574729
0.275099 0.724901 0
0.749999 0 0.250001
0.200112 0.0826956 0.717193
0.210396 0.21103 0.578573
0.160917 0.589081 0.250001
0 0.683995 0.316005
0.363651 0.386348 0.250001
0.598247 0.401753 0
0.0828645 0.199801 0.717334
0 0.307206 0.692794
0.565611 0.434389 0
0.517317 0.160258 0.322425
0.596028 0.122882 0.28109
0.180813 0.293114 0.526073
0.25372 0.254501 0.491779
0.406383 0.0553004 0.538316
0.120277 0.879723 0
0.367509 0.224386 0.408104
0.910667 0.0893333 0
0.940531 0.0594693 0
0 0.232272 0.767728
0.455148 0.174061 0.370791
0.0856324 0.522768 0.3916
0.630531 0.369469 0
0 0.111261 0.888739
0 0.572954 0.427046
0.757423 0.242577 0
0.665401 0.0845975 0.250001
0.819525 0.180475 0
0.318073 0.332412 0.349515
0.0250925 0.16243 0.812477
0.360409 0.154567 0.485024
0.306909 0.693091 0
0.662475 0.337525 0
0.788568 0.211432 0
0.243523 0.756477 0
0.156365 0.362385 0.48125
0.174211 0.471546 0.354242
0.289967 0.460032 0.250001
0.435949 0.118907 0.445144
0.280614 0.060355 0.659031
0 0.471304 0.528696
0.576783 0 0.423217
0.245669 0.134279 0.620052
0 0.749999 0.250001
0.217068 0.515307 0.267625
0.120897 0.562396 0.316707
0.500255 0.499745 0
0.474032 0 0.525968
0.291887 0.181273 0.52684
0.280601 0.290418 0.428981
0.417269 0.248679 0.334051
0.382471 4.24628e-17 0.617529
0.725913 0.274087 0
0.0900447 0.909955 0
0.850204 0.149796 0
0.397679 0.317754 0.284567
0.150763 0.849237 0
0 0.382332 0.617668
0.0603889 0.280852 0.658759
0.550451 0.199547 0.250001
0.0350348 0.614334 0.350631
0.164364 0.164399 0.671237
0.402458 0.597542 0
0.694281 0.305719 0
0.111419 0 0.888581
0.880383 0.119617 0
0.0578377 0.405371 0.536791
0.618449 0.0347872 0.346764
0.0322795 0.0320744 0.935646
0.467364 0.532636 0
0.533141 0.466859 0
0.307286 0 0.692714
0.118233 0.118036 0.763732
0.262286 0.417501 0.320213
0.685879 7.61478e-17 0.314121
0.0298449 0.970155 0
0.370262 0.629738 0
0 0 1
0.232159 0 0.767841
1 0 0
