0 0 1
0.749997 8.32664e-17 0.250003
0.161943 0.161154 0.676904
0.274606 0.725394 0
0.370022 0.629978 0
0.0198047 0.16718 0.813015
0.235513 0.370268 0.39422
0.150659 0.849341 0
0.0897677 0.910232 0
0.787624 0.212376 0
0.613081 0.033866 0.353053
0 0.684013 0.315987
0 0.323916 0.676084
0.181095 0.818905 0
0.7561 0.2439 0
0.289731 0.281325 0.428945
0.84945 0.15055 0
0.97019 0.0298096 0
0.120195 0.879805 0
0.175757 0.453776 0.370467
0.059811 0.940189 0
0.0794581 0.200084 0.720458
0.0314632 0.0327569 0.93578
0.0301407 0.969859 0
0.162517 0.290564 0.546919
0.515973 0.219035 0.264992
0.161912 0.0237899 0.814298
0.310928 0 0.689072
0.562107 0.12039 0.317503
0.0431774 0.610142 0.34668
0.417726 0.264914 0.31736
0.244005 0.128875 0.62712
0.306233 0.693767 0
0.0757578 0.0779692 0.846273
0.910237 0.0897634 0
0.189548 0.336443 0.474009
0.0835764 0.666421 0.250002
0.337907 0.662093 0
0.128319 0.241458 0.630223
0.589547 0.16045 0.250003
0.242954 0.757046 0
0.435323 0.130591 0.434086
0.380474 0.225385 0.394141
0.597325 0.402675 0
0.211589 0.788411 0
0.564975 0.435025 0
0.242849 0.435614 0.321537
0.378832 0.00853512 0.612633
0.434479 0.565521 0
0.295775 0.162072 0.542153
0.520633 0.0846908 0.394677
0.6298 0.3702 0
0.457635 0.292363 0.250003
0.725174 0.274826 0
0.114952 0.117687 0.767361
0.334521 0.0922896 0.573189
0.532302 0.467698 0
0.0312073 0.461587 0.507206
0.0561505 0.285158 0.658691
0.120539 0.596941 0.28252
0 0.585356 0.414644
0.196921 0.553076 0.250003
0.280587 0.059243 0.66017
0.4998 0.5002 0
0.345071 0.184793 0.470135
0.880009 0.119991 0
0.271458 0.47854 0.250003
0.249437 0.245508 0.505055
0.233107 0 0.766893
0.682907 0 0.317093
0.467085 0.532915 0
0.693486 0.306514 0
0 0.523621 0.476379
0.664936 0.0850612 0.250003
0.94032 0.0596802 0
0.405729 0.0805189 0.513753
0.402057 0.597943 0
0 0.407352 0.592648
0.138827 0.527391 0.333782
0.661737 0.338263 0
0 0.240037 0.759963
0 0.111814 0.888186
0.198137 0.0807378 0.721126
0.077725 0.389448 0.532827
0.207744 0.205541 0.586715
0.472851 0.176252 0.350897
0.492952 0.0294454 0.477603
0.333024 0.320763 0.346213
0.110508 0 0.889492
0.450047 0 0.549953
0.818542 0.181458 0
0.13027 0.418878 0.450852
0.313898 0.402474 0.283628
6.52002e-21 0.749997 0.250003
0.383192 0.366805 0.250003
0.569362 0 0.430638
0.0874622 0.327827 0.584711
0 1 0
0.0865253 0.504195 0.40928
1 0 0
