0.0320138 0.0317417 0.936244
0.724714 0.275286 0
0.0909182 0.909082 0
0.180272 0.28777 0.531958
0.497889 0.183916 0.318195
0.662666 0.0873343 0.25
0.362496 0.387504 0.25
0.0822864 0.198034 0.719679
0.879424 0.120576 0
0.29715 0.156592 0.546258
0.199536 0.0799321 0.720532
0.0851797 0.66482 0.25
0.213793 0.786207 0
0.693149 0.306851 0
0.244901 0.755099 0
0.661452 0.338548 0
0.217478 0.380124 0.402398
0.4117 0.0461048 0.542195
0.261466 0.41778 0.320754
0.59775 0.40225 0
8.3485e-21 0.75 0.25
0.589346 0.134062 0.276592
0.117438 0.116469 0.766093
0.61983 0.0402953 0.339874
0.182696 0.817304 0
0.274422 0.291057 0.434521
0.629682 0.370318 0
0.415305 0.242831 0.341864
0.687484 0 0.312516
0.173502 0.471175 0.355323
0.0605527 0.939447 0
0.30817 0 0.69183
0.500712 0.499288 0
0.252157 0.244794 0.503049
0.162346 0.0236405 0.814013
0.121373 0.878627 0
0.276599 0.723401 0
7.83428e-21 0.305755 0.694245
0.0400543 0.489391 0.470555
0.909775 0.0902253 0
0.542019 0.207981 0.25
0.403969 0.596031 0
0.75 0 0.25
0.33903 0.086994 0.573976
0.289022 0.460978 0.25
0.340171 0.179509 0.48032
0.313924 0.33287 0.353207
0.53955 0.0961637 0.364287
0.384304 0 0.615696
0.97001 0.0299901 0
0.134319 0.242415 0.623267
0.216242 0.515409 0.268349
0.308004 0.691996 0
0.818146 0.181854 0
0.1608 0.5892 0.25
0.157264 0.358004 0.484732
0.940015 0.0599852 0
0.245649 0.126327 0.628023
0.391903 0.31586 0.292237
0.152051 0.847949 0
0.0248106 0.160984 0.814205
0.756158 0.243842 0
0.120554 0.562109 0.317338
0.0301842 0.969816 0
0.466049 0.283951 0.25
0 0.380884 0.619116
0.422286 0.109646 0.468068
0.33976 0.66024 0
0.45303 0.150723 0.396246
0.0343959 0.613842 0.351762
0.110632 0 0.889368
0 0.469538 0.530462
0.076844 0.0762098 0.846946
0.436059 0.563941 0
0.0950498 0.327501 0.577449
0.122378 0.435565 0.442057
0.163755 0.160878 0.675367
0.787142 0.212858 0
0.371881 0.628119 0
0.211633 0.203316 0.58505
0.849026 0.150974 0
0.507996 0.0469566 0.445048
1.45029e-21 0.230552 0.769448
0.565394 0.434606 0
0.365923 0.223755 0.410323
0.468364 0.531636 0
0.533092 0.466908 0
0.483542 0 0.516458
6.94001e-22 0.110326 0.889674
4.30045e-21 0.683644 0.316356
0.060375 0.278829 0.660796
0.232288 0 0.767712
0.583897 0 0.416103
0.282406 0.0576762 0.659917
0.0855795 0.521441 0.39298
0.0583877 0.40298 0.538632
1 0 0
3.59595e-21 0.57165 0.42835
0 1 0
4.35826e-17 1.21996e-17 1
