1 0 0
0.289401 0.460599 0.25
0.0847513 0.665249 0.25
0.0946845 0.327814 0.577502
0.244856 0.755144 0
0.25025 0.248345 0.501404
0 0.110059 0.889941
0.408266 0 0.591734
0.293556 0.160514 0.54593
0.848619 0.151381 0
0 0.380627 0.619373
0.216014 0.516252 0.267734
0.260627 0.4197 0.319673
0.120084 0.562673 0.317243
0.363705 0.386295 0.25
0.390806 0.0776683 0.531526
0.315151 0.336359 0.34849
0.879504 0.120496 0
0.419347 0.131066 0.449587
0.371193 0.628807 0
0.0257897 0.159985 0.814226
0.503877 0.0867914 0.409332
0.693106 0.306894 0
0.160181 0.589819 0.25
0.24094 0 0.75906
0.818345 0.181655 0
0.756151 0.243849 0
0.0906251 0.909375 0
0.0331766 0.0310195 0.935804
0.213562 0.786438 0
0.162836 0.160601 0.676562
0.11932 0.114121 0.76656
0.629105 0.370895 0
0.167777 0.0195022 0.81272
0.475231 0.274769 0.25
0.0787168 0.0751021 0.846181
0.75 0 0.25
0.0396686 0.489854 0.470478
0.0850905 0.522097 0.392812
0.608842 0.0453946 0.345763
0.0579316 0.403005 0.539063
0.307559 0.692441 0
0.909757 0.0902432 0
0 0.305293 0.694707
0.462613 0.0304639 0.506923
0.500287 0.499713 0
0.435541 0.564459 0
0.286798 0.0556047 0.657598
0.182732 0.817268 0
0.724775 0.275225 0
0.329586 0.086038 0.584376
0.683837 0 0.316163
0.179086 0.289145 0.531769
0.217059 0.382333 0.400609
0.596421 0.122811 0.280768
0.452416 0.177854 0.369729
0.172559 0.472335 0.355106
0.201635 0.0788754 0.71949
9.31264e-21 0.571863 0.428137
0.787458 0.212542 0
0 0.229979 0.770021
0.243341 0.126728 0.629932
0.121687 0.436467 0.441846
1.11343e-20 0.683729 0.316271
0.433375 0.24502 0.321605
0.403191 0.596809 0
0.21036 0.204579 0.585061
0.0601654 0.278347 0.661487
0.0343556 0.614079 0.351565
0.467786 0.532214 0
0.0300919 0.969908 0
0.526616 0.139799 0.333585
0.524718 0 0.475282
0.0604463 0.939554 0
0.398489 0.316455 0.285056
0.939736 0.0602641 0
0.366852 0.238397 0.394751
0.156494 0.359346 0.48416
0.551109 0.198891 0.25
0.082221 0.197135 0.720644
0.66115 0.33885 0
0.96992 0.0300803 0
0.666169 0.0838307 0.25
0.337411 0.190008 0.472581
0.324101 0 0.675899
0.532755 0.467245 0
0 0.469644 0.530356
5.57822e-17 1 0
0.112206 0 0.887794
0.597107 0.402893 0
0.120997 0.879003 0
0.15196 0.84804 0
0.276039 0.723961 0
0.133535 0.242369 0.624096
0.565216 0.434784 0
0.586214 0 0.413786
0.339136 0.660864 0
0.273605 0.295452 0.430944
1.22135e-20 0.75 0.25
0 0 1
