0 0 1
0.289918 0.460081 0.25
0.163089 0.16149 0.675421
0.168084 0.0199932 0.811923
0.434857 0.565143 0
0.66216 0.33784 0
0.399247 0.316074 0.284679
0.330595 0.0855417 0.583863
0.160582 0.589417 0.250001
0.42002 0.131065 0.448915
0.910456 0.0895442 0
0.526637 0.140715 0.332648
0.243322 0.756678 0
0.21674 0.516282 0.266979
0.315759 0.335949 0.348292
0.370022 0.629978 0
0.120733 0.56276 0.316507
0.788214 0.211786 0
0.757427 0.242573 0
0.217551 0.382119 0.400329
0.119316 0.11496 0.765724
0.749996 0 0.250004
0.0354306 0.614061 0.350508
0.475456 0.274543 0.250001
0.261301 0.419416 0.319283
0.463387 0.0309551 0.505658
0.725617 0.274383 0
0.392048 0.077167 0.530785
0.596281 0.122547 0.281172
0.122222 0.436946 0.440831
0.338183 0.661817 0
0.120136 0.879864 0
0.453039 0.177559 0.369402
0.173422 0.472384 0.354195
0.402303 0.597697 0
0.880341 0.119659 0
0.630133 0.369867 0
0.819004 0.180996 0
0 0.573073 0.426927
0.181085 0.818915 0
0.364308 0.385692 0.25
0.59805 0.40195 0
0.367555 0.237785 0.39466
0.850102 0.149898 0
0.684381 0 0.315619
0.665929 0.0840709 0.25
0.0897703 0.91023 0
0.940505 0.0594951 0
0.609933 0.0448234 0.345244
0.694188 0.305812 0
0.325174 0 0.674826
0.0789188 0.0757273 0.845354
0.532989 0.467011 0
0.0849597 0.66504 0.250001
0.970266 0.0297345 0
0.504727 0.0871457 0.408127
0.058336 0.404542 0.537122
0.0331577 0.031425 0.935417
0.212157 0.787843 0
0.0297615 0.970238 0
0.274473 0.725527 0
0.337702 0.189858 0.47244
0.251064 0.247622 0.501314
0.157082 0.359653 0.483265
0.586786 0 0.413214
0.150466 0.849534 0
0.293785 0.15993 0.546285
0.467441 0.532559 0
0.286779 0.0554746 0.657746
0.433768 0.244513 0.321719
0.274236 0.294873 0.430891
0.244013 0.126864 0.629123
0.025804 0.161069 0.813127
0.306105 0.693895 0
0 0.471283 0.528717
0.0948774 0.328931 0.576192
0.210508 0.204597 0.584895
0.550818 0.199181 0.250001
0.241091 0 0.758909
0.112427 0 0.887573
0.525465 0 0.474535
0.565668 0.434332 0
0.0596372 0.940363 0
0.179584 0.289515 0.530902
0 0.306565 0.693435
0 0.382145 0.617855
1.74411e-21 0.231195 0.768805
0.201699 0.0794018 0.718899
0.409059 0 0.590941
0.133749 0.243612 0.622639
0.0823535 0.198496 0.71915
5.55654e-17 1 0
0.0400118 0.490977 0.469011
0.0858117 0.522444 0.391744
1.09207e-20 0.6838 0.3162
1.19779e-20 0.749999 0.250001
0 0.110697 0.889303
1 0 0
0.500197 0.499803 0
0.0602962 0.279796 0.659908
