0.402736 0.597264 0
0 0 1
0.0872841 0.662716 0.25
0.115508 0.119196 0.765296
0.461562 0.288438 0.25
0.589359 0.160641 0.25
0.21089 0.207808 0.581302
0.0905664 0.909434 0
0.7238 0.2762 0
0.909319 0.0906806 0
0.437357 0.122292 0.440351
0.0212626 0.167586 0.811151
1.2064e-20 0.75 0.25
0.0300018 0.969998 0
0.388257 0.361743 0.25
0.531711 0.468289 0
0.282322 0.467678 0.25
0.121079 0.878921 0
0.292463 0.178579 0.528958
0.755061 0.244939 0
0.572416 0 0.427584
0.27932 0.0597647 0.660915
0.471045 0.173741 0.355214
0.161775 0.354709 0.483516
3.86082e-21 0.24002 0.75998
0.317901 0.393476 0.288624
0.563976 0.436024 0
0.0813375 0.201703 0.71696
0.878814 0.121186 0
0.0975871 0.320484 0.581928
0.33883 0.66117 0
0.361597 0.155869 0.482534
0.522195 0.0853079 0.392498
0.160536 0.0255856 0.813878
0.490258 0.0398606 0.469882
0.275751 0.724249 0
0.470557 0 0.529443
0.0779119 0.52717 0.394918
0.0756642 0.0786206 0.845715
0.307175 0.692825 0
0.381484 0 0.618516
0.198269 0.0820942 0.719637
0.163714 0.162592 0.673693
0.664805 0.0851948 0.25
0.660471 0.339529 0
0.218436 0.372524 0.409041
9.35496e-21 0.581581 0.418419
0.0756701 0.38425 0.540079
0.370604 0.629396 0
0.0346498 0.618304 0.347046
0.160243 0.472453 0.367304
0.596197 0.403803 0
0.11619 0.580316 0.303495
0.848153 0.151847 0
0.116708 0.435297 0.447994
0.515432 0.21598 0.268588
5.17112e-21 0.321479 0.678521
0.230477 0 0.769523
0.0314167 0.456727 0.511856
0.628549 0.371451 0
0.404544 0.0576804 0.537776
0.817225 0.182775 0
0.562232 0.120558 0.317209
0.287747 0.282132 0.43012
0.332015 0.316605 0.35138
0.205026 0.50463 0.290344
0.182559 0.817441 0
0.417578 0.261599 0.320823
0.213443 0.786557 0
0.133477 0.242013 0.62451
0.467166 0.532834 0
0.434909 0.565091 0
0.151896 0.848104 0
0.692351 0.307649 0
0.24517 0.132498 0.622332
0.246903 0.415105 0.337993
8.27222e-21 0.514269 0.485731
6.48584e-21 0.403213 0.596787
0.786489 0.213511 0
0.378594 0.219535 0.401871
0.939806 0.0601944 0
0.683702 0 0.316298
0.75 0 0.25
0.181814 0.568186 0.25
0.182685 0.286814 0.530501
0.305802 0 0.694198
0.244587 0.755413 0
1.10555e-20 0.687302 0.312698
0.0580355 0.28511 0.656855
0.329439 0.0940108 0.576551
0.613776 0.0351089 0.351115
0.0306667 0.0336913 0.935642
0.969998 0.0300017 0
1.81746e-21 0.112988 0.887012
0.0600302 0.93997 0
5.61617e-17 1 0
0.110011 0 0.889989
0.499448 0.500552 0
0.255519 0.250498 0.493983
1 0 0
