1 0 0
0.589937 0.160063 0.25
2.06462e-18 0.2417 0.7583
0.90929 0.0907096 0
0.12266 0.596469 0.28087
0.16102 0.293839 0.545141
0.75 0 0.25
0 0.75 0.25
0.151944 0.848056 0
0.278204 0.0603721 0.661424
0.245275 0.433307 0.321418
0.316803 0.398685 0.284511
0.327762 0.0949091 0.577329
0.472473 0.172836 0.35469
0.121127 0.878873 0
0.307104 0.692896 0
0.248381 0.25048 0.501139
0.295494 0.273936 0.430571
0.386467 0.363533 0.25
0.338572 0.661428 0
0.460555 0.289445 0.25
0.289194 0.179056 0.53175
0.380432 0 0.619568
0.114097 0.119502 0.766401
0.182571 0.817429 0
0.59685 0.40315 0
0.786581 0.213419 0
0.274534 0.475466 0.25
0.0837949 0.666205 0.25
0.336715 0.315385 0.3479
0.244496 0.755504 0
0.204783 0.210637 0.58458
0.516383 0.216127 0.26749
0.628952 0.371048 0
0.817506 0.182494 0
0.0556974 0.287137 0.657166
0.755515 0.244485 0
0.0867017 0.330458 0.58284
0.0907128 0.909287 0
0.178012 0.452389 0.369599
0.14026 0.526452 0.333288
0.213479 0.786521 0
0.878869 0.121131 0
0.562613 0.120263 0.317124
0.564634 0.435366 0
0.304825 0 0.695175
0.196973 0.0823801 0.720647
0.0603268 0.939673 0
0 0.525266 0.474734
0.489266 0.0397954 0.470938
0.692875 0.307125 0
0.159449 0.0259822 0.814569
0 0.408941 0.591059
0.6836 0 0.3164
0.402428 0.597572 0
0.0195722 0.168384 0.812044
0.199091 0.550909 0.25
0 0.68401 0.31599
0.939683 0.0603167 0
0.467363 0.532637 0
0.84848 0.15152 0
0.402919 0.0585113 0.53857
0.52209 0.0850744 0.392836
0.436445 0.121954 0.441601
0 0.325272 0.674728
0.41971 0.260564 0.319726
0.238983 0.366742 0.394275
0.0301355 0.969864 0
0.382171 0.216987 0.400841
0.275455 0.724545 0
0.969868 0.0301317 0
0.665031 0.0849693 0.25
0.161099 0.16352 0.675381
0.0746815 0.0786651 0.846653
0.10959 0 0.89041
0.499788 0.500212 0
0.0791372 0.201906 0.718957
0.0310212 0.46296 0.506019
0.0450603 0.609379 0.34556
0.131646 0.41987 0.448484
0.0779319 0.391886 0.530182
0.370381 0.629619 0
0.359229 0.156787 0.483984
0.571501 6.34494e-17 0.428499
0.724522 0.275478 0
0.0304278 0.0336117 0.93596
0.434801 0.565199 0
0.126942 0.244032 0.629026
2.35708e-18 5.32625e-17 1
0.660848 0.339152 0
0.242526 0.133701 0.623773
0 0.586624 0.413376
0.190217 0.337549 0.472234
0.0871295 0.504469 0.408402
0.532219 0.467781 0
0.613795 0.0343297 0.351875
0.229356 0 0.770644
0.469179 0 0.530821
5.56196e-17 1 0
0 0.112756 0.887244
