0.218306 0.20433 0.577365
0.429666 0.109132 0.461202
0.419181 0.0501226 0.530697
0.0465127 0.00224313 0.951244
0.0209533 0.567957 0.41109
0.132236 0.450119 0.417645
0.0840284 0.534279 0.381693
0.684756 0.315244 5.91691e-10
0.454274 0.101131 0.444595
0.0107678 0.545168 0.444064
0.460666 0.00863722 0.530697
0.36483 0.217525 0.417645
0.00681984 0.278866 0.714314
0.797469 0.202591 1.50695e-05
0.629551 0.113335 0.257113
0.69282 0.0361545 0.271025
0.168507 0.117179 0.714314
0.131817 0.355215 0.512968
0.648371 0.351716 1.25472e-05
0.152451 0.0132211 0.834328
0.83509 0.164928 3.53342e-06
0.178346 0.480597 0.341057
0.206492 0.396331 0.397177
0.0269496 0.507702 0.465349
0.696861 0.303139 5.91691e-10
0.106293 0.316343 0.577365
0.333497 0.33333 0.333173
0.526641 0.15353 0.319829
6.68048e-10 0.741826 0.258174
1 8.36442e-13 6.99329e-13
0.11511 0.88489 4.26326e-14
0.34229 0.0949183 0.562792
0.747489 1.63616e-06 0.25251
0.105174 0.409348 0.485478
0.883202 0.116798 3.34017e-10
3.8941e-09 0.229154 0.770846
0.631353 0.368647 1.3326e-12
0.365415 0.634632 6.48564e-06
0.200395 0.503341 0.296264
1.22326e-05 0.6028 0.397187
0.157708 0.157669 0.684623
0.316204 0.421828 0.261968
0.0725843 0.0727733 0.854642
0.23171 0.76829 4.75377e-10
5.10063e-16 1 1.11022e-16
0.5 0.5 2.89213e-13
0.309559 0.310366 0.380075
0.375443 1.65006e-06 0.624555
0.429666 0.109132 0.461202
0.0922561 0.65725 0.250494
2.77295e-20 2.64806e-20 1
0.383152 0.226467 0.390382
1.85944e-10 0.375531 0.624469
0.767092 0.232908 5.00078e-12
0.583109 1.62675e-06 0.416889
0.244362 0.255813 0.499824
0.221076 0.000537566 0.778386
0.479889 0.269926 0.250186
0.668127 0.0816871 0.250186
0.937843 0.0621567 1.26429e-10
0.299486 0.700561 6.48564e-06
0.481531 0.0157598 0.502709
0.265071 0.0992884 0.635641
3.29742e-05 0.113831 0.886136
0.110883 0.00167164 0.887446
0.0578007 0.94261 5.17346e-05
0.0893802 0.196575 0.714045
0.0823976 0.555427 0.362176
0.512177 0.487823 4.04132e-12
0.818072 0.18212 2.4856e-05
0.156874 0.843126 6.99329e-13
0.0354016 0.270458 0.694141
0.386114 0.614387 6.14937e-05
0.634709 0.0287295 0.336561
0.218306 0.20433 0.577365
0.100441 0.0987141 0.800845
0.549685 0.196782 0.253533
0.253862 0.0505772 0.695561
0.010813 0.476219 0.512968
0.185357 0.368914 0.445729
0.545773 0.0702557 0.383971
0.463545 0.173632 0.362824
0.143021 0.565994 0.290985
0.13929 0.463533 0.397177
0.273542 0.726458 6.99329e-13
0.263736 0.281176 0.455088
0.344035 0.129959 0.526006
0.291181 0.39364 0.315179
0.0595505 0.610235 0.330214
0.0259013 0.416125 0.557974
0.72931 0.27078 1.507e-05
0.164181 0.0672912 0.768528
0.41709 0.0498726 0.533038
0.0253299 0.0234259 0.951244
0.195079 0.303671 0.50125
0.00381542 0.18726 0.808925
0.576468 0.119365 0.304167
0.0473396 0.296551 0.656109
0.960502 0.0394983 1.26429e-10
0.398531 0.172972 0.428497
