1 0 0
0.817348 0.182652 0
0 0.110462 0.889538
0.181674 0.344271 0.474055
0.186928 0.56307 0.250001
0.11565 0.117456 0.766893
0.587176 0.162823 0.250001
0.434686 0.121346 0.443968
0.355755 0.155621 0.488624
0.182361 0.817639 0
0.0227425 0.163019 0.814239
0.160352 0.163281 0.676366
0.0320317 0.03198 0.935988
0.26269 0.408368 0.328941
0.161073 0.0249394 0.813988
0.749999 0 0.250001
0.297981 0.452018 0.250001
1.01644e-20 0.749999 0.250001
0.0876698 0.662329 0.250001
0.326703 0.0944854 0.578811
0.879205 0.120795 0
0.0307327 0.495914 0.473353
0.402177 0.597823 0
0.275473 0.724527 0
0.458032 0.291967 0.250001
0.157579 0.298275 0.544146
0.512277 0.21843 0.269293
0.0885034 0.336215 0.575281
0.21336 0.78664 0
0.00491124 0.382229 0.61286
0.201812 0.211031 0.587157
0.0602638 0.939736 0
0.0799253 0.199112 0.720962
0.197591 0.0821751 0.720234
0.24442 0.75558 0
0.490464 0.0395441 0.469992
0.316129 0.309996 0.373876
0.0762139 0.0771211 0.846665
0.338314 0.661686 0
0.403037 0.0576291 0.539334
7.7437e-21 0.571384 0.428616
0.90964 0.0903597 0
0.0903246 0.909675 0
0.660828 0.339172 0
0.241015 0.251582 0.507403
0.284004 0.272506 0.443491
0.151302 0.848698 0
0.349053 0.344379 0.306568
0.97001 0.0299898 0
0.223265 0.37424 0.402495
0.170337 0.472359 0.357304
0.560568 0.122147 0.317285
0.278366 0.0601102 0.661524
0.220816 0.499111 0.280074
0.119301 0.581947 0.298752
0.93986 0.0601395 0
0.564827 0.435173 0
0.724165 0.275835 0
0.75555 0.24445 0
0.0783127 0.407206 0.514482
6.15114e-21 0.453874 0.546126
0.12632 0.245381 0.628299
0.376141 0.215314 0.408544
0.499656 0.500344 0
0 0.233384 0.766616
0.305667 0 0.694333
0.434491 0.565509 0
0.127261 0.436331 0.436409
0.520862 0.0860785 0.393059
0.469992 0 0.530008
0.787061 0.212939 0
0.241607 0.133767 0.624625
0.378009 0.371989 0.250001
0.110442 4.90462e-17 0.889558
0.0323288 0.615984 0.351687
0.413523 0.257797 0.32868
0.572512 0 0.427488
0.629046 0.370954 0
0.61332 0.0359021 0.350778
0.285948 0.180028 0.534024
0.0577323 0.28143 0.660838
0.230726 0 0.769274
0.663985 0.0860134 0.250001
0.0864133 0.527161 0.386426
0.848747 0.151253 0
0.683514 0 0.316486
0.692539 0.307461 0
0.467085 0.532915 0
0.532268 0.467732 0
0.0300291 0.969971 0
0.120725 0.879275 0
0.596934 0.403066 0
9.28287e-21 0.684955 0.315045
0.370204 0.629796 0
0.380758 0 0.619242
0.306729 0.693271 0
0.469634 0.172811 0.357555
0 0.310604 0.689396
3.91498e-21 1.64138e-20 1
1.35525e-20 1 0
