0.025332 0.974668 0
0.0105594 3.39924e-07 0.98944
0.129096 0.0680636 0.80284
0.0126636 0.0506057 0.936731
0.0381009 5.59744e-05 0.961843
0.434023 0.182566 0.38341
0.0422825 0.53991 0.417807
0.256858 0.356729 0.386413
0.0065051 0.300992 0.692503
0.184345 0.182737 0.632918
0.10615 0.0625185 0.831332
0.0265083 0.213258 0.760233
0.129004 0.611651 0.259345
0.0418858 0.0156837 0.942431
0.0622736 0.121898 0.815829
0.238709 0.383674 0.377617
0.166208 0.069851 0.763941
0.379689 0.129854 0.490456
0.025332 0.974668 0
0.0581984 0.293186 0.648615
0.0634668 0.635486 0.301047
0.230025 0.457856 0.312119
5.00145e-08 0.475306 0.524694
0.150054 0.295807 0.554139
0.728792 0.0148815 0.256326
0.430396 0.117661 0.451944
1.35465e-06 0.740654 0.259345
0.0258454 0.167754 0.806401
0.110559 0.889441 1.06661e-08
0.439504 0.193849 0.366647
0.882344 0.117656 3.6764e-10
0.226919 6.3412e-05 0.773017
0.370879 0.629121 3.54018e-10
0.111571 0.364818 0.523611
0.198412 0.408571 0.393017
0.533579 0.183532 0.282889
0.624161 0.375839 1.34645e-07
0.218742 0.505503 0.275755
0.430976 0.569024 3.91641e-10
0.373826 7.35897e-06 0.626167
0.333675 0.33293 0.333395
0.018293 0.644853 0.336853
0.234516 0.765484 9.30429e-10
0.142776 0.519892 0.337332
0.666648 0.0833293 0.250023
4.86108e-09 1 0
0.658713 3.30645e-05 0.341254
0.156236 0.159733 0.684031
0.582193 1.67667e-13 0.417807
0.46107 0.53893 5.84464e-10
0.321351 0.0956485 0.583
5.24595e-07 0.583972 0.416028
0.14727 0.219812 0.632918
5.17373e-17 4.26178e-18 1
0.765139 0.234861 1.66643e-10
0.397779 0.333357 0.268864
3.92967e-08 0.373451 0.626549
0.487129 0.000767001 0.512104
0.0526197 0.526875 0.420505
1.08846e-09 0.223913 0.776087
0.250138 0.24958 0.500282
0.499728 0.500272 0
0.411728 0.172244 0.416028
0.0827848 0.666528 0.250687
0.106728 0.432535 0.460737
0.319707 0.159448 0.520845
1 6.86118e-14 0
0.0655897 0.078228 0.856182
0.106067 0.556853 0.33708
0.321815 0.678185 1.06661e-08
0.0458621 0.270697 0.683441
0.101957 2.84916e-05 0.898015
0.0503673 0.949633 0
0.00788571 0.0941659 0.897948
0.309307 0.239868 0.450825
0.260984 0.0453174 0.693699
0.598597 0.401403 0
0.22738 0.196097 0.576522
0.851622 0.148378 0
0.159876 0.582159 0.257964
0.131735 0.0923431 0.775922
0.280487 0.419926 0.299587
0.364102 0.304196 0.331702
0.516652 0.146494 0.336853
0.524111 0.475889 0
0.0761914 0.348388 0.57542
0.635544 0.364457 1.02232e-07
0.232677 0.348348 0.418975
0.537231 0.0437941 0.418975
0.27794 0.72206 9.30429e-10
0.0901481 0.177247 0.732605
0.596744 0.0664029 0.336853
0.219941 0.111702 0.668356
0.160249 0.0120985 0.827653
0.312379 0.0113516 0.676269
3.40689e-08 0.323769 0.676231
4.22007e-05 0.045158 0.9548
0.362989 0.0968247 0.540186
0.292835 0.291137 0.416028
0.229428 0.151169 0.619403
