0.589789 0.160211 0.25
0.158845 0.298865 0.54229
0.28164 0.46836 0.25
0.204857 0.507342 0.287801
0.0310602 0.618204 0.350736
0.204359 0.21331 0.582331
0.213698 0.786302 0
0.112924 0.581724 0.305351
0.596956 0.403044 0
0.121247 0.878753 0
0 0.378456 0.621544
0.222223 0.37549 0.402287
0 0.75 0.25
0.562444 0.120271 0.317285
0.434897 0.565103 0
0.128077 0.244944 0.626979
0.16245 0.0242127 0.813337
0.1179 0.440449 0.441652
0.275856 0.724144 0
0.462073 0.287927 0.25
0.338985 0.661015 0
0.613967 0.034367 0.351666
0.179417 0.570583 0.25
0.817436 0.182564 0
0.0908675 0.909132 0
0.247493 0.418724 0.333783
0.0884122 0.335398 0.57619
0.78641 0.21359 0
0.182126 0.34658 0.471294
0.319091 0.394126 0.286783
0 0.506427 0.493573
0.692373 0.307627 0
0.68355 0 0.31645
0.532288 0.467712 0
0.306955 0 0.693045
0.516105 0.215475 0.268421
0.66083 0.33917 0
0.0252295 0.160108 0.814663
0.467287 0.532713 0
0.152073 0.847927 0
0.878789 0.121211 0
0 0.229187 0.770813
0.0794744 0.406486 0.51404
0.521794 0.0854992 0.392707
0.086413 0.663587 0.25
0.388737 0.361263 0.25
0.628985 0.371015 0
0.288296 0.183047 0.528657
0.290096 0.279589 0.430315
0.279879 0.060885 0.659236
0.489406 0.0404695 0.470125
0.0604907 0.939509 0
0.332793 0.316423 0.350784
0.244662 0.755338 0
0.0585851 0.278814 0.662601
0.231979 0 0.768021
0.499842 0.500158 0
0.182822 0.817178 0
0.358311 0.158841 0.482848
0.417982 0.261383 0.320635
0.75 0 0.25
0.307263 0.692737 0
0.381961 0 0.618039
0.571953 0 0.428047
0.379382 0.219136 0.401482
0.110881 0 0.889119
0.245423 0.255789 0.498788
0.848324 0.151676 0
0.435782 0.123084 0.441134
0.030144 0.969856 0
0.0762764 0.526901 0.396823
0.470213 0 0.529787
0.117633 0.116096 0.766271
0 0.303801 0.696199
0.0100177 0.437077 0.552905
0.470964 0.173986 0.35505
0.327813 0.0963467 0.57584
0.370746 0.629254 0
0.969693 0.0303071 0
0.24337 0.135425 0.621205
0.160192 0.475754 0.364054
0.665046 0.0849535 0.25
0.199309 0.0823217 0.71837
3.24272e-17 0.576277 0.423723
0.0810939 0.197362 0.721544
0 0.10996 0.89004
0.40251 0.59749 0
0 0.686559 0.313441
0.403483 0.0593135 0.537204
0.723795 0.276205 0
0.162156 0.163581 0.674263
0.0322679 0.0313642 0.936368
0.93939 0.0606098 0
0.909105 0.0908954 0
0.564796 0.435204 0
0.755381 0.244619 0
5.62701e-17 1 0
0.0770304 0.0760145 0.846955
0 0 1
1 0 0
