0.84849 0.15151 0
0.589807 0.160192 0.25
0.306394 0.693606 0
0.372254 0.216993 0.410752
0.243585 0.756415 0
0.78601 0.21399 0
0.561975 0.120376 0.317649
0.0958218 0.542125 0.362053
0.75495 0.24505 0
0.0777357 0.0770256 0.845239
0.263235 0.264085 0.47268
0.317387 0.392927 0.289686
0.144988 0.457431 0.397581
0.0324484 0.0319139 0.935638
0.203467 0.367269 0.429264
0.0600291 0.939971 0
0.596404 0.403596 0
0.0410473 0.621023 0.337929
0 0.482097 0.517903
0.462806 0.287194 0.25
0.18169 0.81831 0
0.119221 0.117607 0.763171
0 0.586598 0.413402
0.564011 0.435989 0
0.628818 0.371182 0
0.531633 0.468367 0
0.279315 0.0609101 0.659775
0.0264685 0.160763 0.812768
0.723742 0.276258 0
0.469188 0.172282 0.35853
0.0872141 0.662786 0.25
0.162294 0.02551 0.812197
0.75 0 0.25
0.150843 0.849157 0
0.135667 0.589588 0.274745
0.389893 0.360107 0.25
0.215024 0.214059 0.570916
0.664903 0.0850962 0.25
0.0843215 0.198023 0.717655
0 0.229572 0.770428
0.120305 0.879695 0
0.209367 0.540632 0.25
0.0398278 0.408618 0.551555
0.111485 0 0.888515
0.692365 0.307635 0
0.200214 0.0833333 0.716452
0.274695 0.725305 0
0.296887 0.301983 0.40113
0.93973 0.0602704 0
0.28428 0.46572 0.25
0.521553 0.0855368 0.39291
0.421749 0.256322 0.321929
0.660817 0.339183 0
0 0.75 0.25
0.49926 0.50074 0
0.090083 0.909917 0
0.140592 0.357844 0.501564
0.879111 0.120889 0
0.184833 0.495916 0.319251
0.212447 0.787553 0
0.491675 0.0387058 0.46962
0.0962362 0.432158 0.471606
0.338037 0.661963 0
0.81763 0.18237 0
0.18539 0.291435 0.523175
0.380684 0 0.619316
0.370032 0.629968 0
0 0.11083 0.88917
0.231479 0 0.768521
0.359634 0.151495 0.488871
0.90941 0.0905898 0
0.68387 0 0.31613
0.614235 0.0353256 0.350439
0.435664 0.120544 0.443791
0.344944 0.316869 0.338187
0.327682 0.0955925 0.576725
0.573219 0 0.426781
0.404743 0.0554094 0.539847
0 0.303557 0.696443
0.470938 0 0.529062
0.13671 0.244435 0.618856
0.239951 0.410746 0.349303
0.292713 0.186671 0.520616
0.305989 0 0.694011
0.970028 0.0299723 0
0.166213 0.164899 0.668889
0.0414507 0.513802 0.444747
0.0605843 0.276309 0.663107
0 1 0
0.516456 0.213854 0.269691
0.246185 0.136607 0.617208
0.0919771 0.326146 0.581877
0.434275 0.565725 0
0.401953 0.598047 0
6.44501e-21 0.688298 0.311702
0 0 1
0.0297908 0.970209 0
0 0.377681 0.622319
1 0 0
0.466707 0.533293 0
