0.146493 0.227326 0.626182
3.27574e-05 0.0187279 0.981239
0.624932 0.0115567 0.363512
0.619463 0.380537 1.33227e-15
0.984211 0.0157893 1.33227e-15
0.185634 0.0387827 0.775583
1.41406e-07 0.265883 0.734117
0.326543 0.145783 0.527673
0.125182 0.194256 0.680563
0.154835 0.339306 0.505859
0.126472 0.0667366 0.806791
0.607194 0.118349 0.274457
0.0429647 0.0309749 0.92606
0.318585 0.00202911 0.679386
0.627444 0.372556 1.33227e-15
0.000811935 0.464196 0.534992
0.265718 0.346192 0.388089
0.24134 0.75866 1.33227e-15
0.022575 0.670194 0.307231
0.00991789 0.09493 0.895152
0.146835 0.240771 0.612394
0.389036 0.0769221 0.534042
0.549198 0.10594 0.344862
0.618795 0.0421895 0.339015
0.100134 0.295667 0.604198
0.184472 0.815528 1.05852e-11
0.141331 0.373497 0.485172
2.84497e-05 0.20637 0.793602
1.43848e-05 0.414783 0.585203
0.16569 0.55837 0.27594
0.201267 6.72044e-05 0.798666
0.0374532 0.493669 0.468878
0.412886 0.157919 0.429196
0.435151 0.564849 1.33227e-15
0.263931 0.266275 0.469794
0.0668496 0.93315 0
0.335446 0.664554 1.33227e-15
0.875746 0.124254 0
0.636477 1.15224e-05 0.363512
0.0195051 0.0514688 0.929026
0.622815 0.377185 1.33227e-15
0.0683317 0.44537 0.486298
0.315427 0.0166855 0.667887
0.0253908 0.974609 0
4.02618e-05 0.334534 0.665426
1 0 0
9.60676e-05 0.69686 0.303044
0 0 1
0.2803 0.00449675 0.715203
0.249357 0.750643 0
0.335106 0.332368 0.332526
2.05225e-09 1 0
0.499669 0.500331 0
2.6567e-07 0.499534 0.500465
0.242024 0.507732 0.250245
0.52566 0.220373 0.253967
0.465878 0.00511349 0.529009
0.680583 0.0692308 0.250186
0.211572 0.153867 0.634561
0.0142564 0.726024 0.25972
0.235091 0.238205 0.526705
0.180075 0.205768 0.614157
0.0529874 0.0758005 0.871212
0.49902 1.11022e-06 0.500979
0.139171 0.141967 0.718861
0.207949 0.40645 0.385601
0.069585 0.680229 0.250186
0.750908 0.249092 1.33227e-15
0.365452 0.0712308 0.563317
4.83306e-07 0.635571 0.364428
0.284013 0.456267 0.25972
0.388156 0.360333 0.251511
0.945935 0.0540646 0
0.0597205 0.518445 0.421834
0.554475 0.445525 0
0.446758 0.208377 0.344865
0.327137 0.182034 0.490829
0.719793 0.280207 0
0.144374 0.00637717 0.849249
0.620198 0.129616 0.250186
0.100163 0.219275 0.680563
1.86778e-05 0.155193 0.844788
0.38409 0.0110906 0.60482
0.0160282 0.256672 0.7273
0.106222 0.104244 0.789533
0.311141 0.688859 1.39273e-11
0.232055 0.102519 0.665426
0.279397 0.356174 0.364428
0.181468 0.312673 0.505859
0.330631 0.121106 0.548263
0.501151 0.195806 0.303044
0.910116 0.0898836 5.41789e-14
0.974275 0.0257247 5.41789e-14
0.168599 0.0593334 0.772068
0.00443068 0.612868 0.382701
0.0234439 0.374366 0.60219
0.0296713 0.00191543 0.968413
0.0437847 0.184148 0.772068
0.57625 0.173538 0.250212
0.482216 0.172922 0.344862
