0.570083 0.158947 0.27097
0.0276655 0.521509 0.450825
0.279299 0 0.720701
0.40588 0.335897 0.258223
0.0180895 0.0201401 0.96177
0.0490846 0.678134 0.272781
0.421538 0.205927 0.372535
0.429519 0.0801521 0.490329
0.0637051 0.372557 0.563738
0.207829 0.521201 0.27097
0.0192265 0.164409 0.816364
0.184311 0.0982258 0.717463
0.711708 0.00346911 0.284823
0.128673 0.00412012 0.867207
0.222429 0.396629 0.380942
0.611342 0.0106769 0.377981
0.208954 0.341282 0.449764
0.382816 0.301943 0.315241
0.423176 0.00168979 0.575134
0.455264 0.145803 0.398933
0.159304 0.402384 0.438312
0.969759 0.030241 0
0.479621 0.00352448 0.516855
0.697237 0.302763 0
0.388566 0.209031 0.402403
0.312121 0.100563 0.587316
0.103167 0.310432 0.586401
7.16848e-07 0.747373 0.252626
5.58804e-07 0.582599 0.4174
0.74755 0 0.25245
0.422965 0.318812 0.258223
0.00013345 0.224012 0.775854
0.427591 0.113691 0.458719
0.115079 0.427304 0.457617
0.277411 0.471879 0.250711
0.176777 0.503604 0.319619
0.500006 0.499994 6.55032e-15
0.7654 0.2346 0
0.374805 5.71481e-08 0.625195
0.667232 0.0827196 0.250048
0.113423 0.886577 3.21965e-15
0.157747 0.157212 0.685041
2.28475e-16 6.99512e-17 1
1 0 0
0.0387509 0.50253 0.458719
0.0821839 0.667567 0.250249
0.333407 0.333266 0.333327
0.122173 0.605046 0.272781
0.882962 0.117038 3.40838e-14
6.76091e-13 1 0
0.0060595 0.477662 0.516279
0.630573 0.369427 8.54872e-15
0.233214 0.766786 0
0.583157 0 0.416843
0.421673 0.25144 0.326887
0.361072 0.638928 5.55112e-16
0.000107117 0.374854 0.625039
0.227502 2.03461e-07 0.772497
0.128488 0.118134 0.753378
0.250043 0.249415 0.500541
0.512222 0.224062 0.263716
0.0727769 0.0731595 0.854064
0.564723 0.118054 0.317223
0.564213 0.435787 0
0.185639 0.56365 0.250711
0.216867 0.379994 0.403139
0.0951681 0.00108201 0.90375
1.04825e-07 0.109289 0.890711
0.171741 0.828259 3.21965e-15
0.941336 0.0586639 0
0.0524817 0.147204 0.800314
0.0579775 0.942023 0
0.305649 0 0.694351
0.0595332 0.266046 0.674421
0.271601 0.0567872 0.671612
0.283665 0.324972 0.391363
0.203116 0.193512 0.603372
0.651853 0.0195572 0.32859
0.218161 0.113535 0.668305
0.0361817 0.618947 0.344872
0.513732 0.0873341 0.398933
0.294371 0.273663 0.431966
0.0996278 0.523342 0.37703
0.385352 0.0676496 0.546998
0.589195 0.160164 0.250641
0.519091 0.0254518 0.455457
0.0880151 0.384113 0.527872
0.319803 0.427746 0.25245
0.164767 0.0363531 0.79888
0.348965 0.651035 0
0.20772 0.277832 0.514447
0.368379 0.173973 0.457648
0.00166252 0.30507 0.693267
2.06104e-05 0.686704 0.313276
0.499245 0.183532 0.317223
0.0297478 0.0423759 0.927876
0.74441 0.25559 0
0.201682 0.798318 0
0.0569872 0.213415 0.729598
0.0212556 0.435461 0.543283
