1 0 0
0.661555 0.338445 0
0.460052 0.289948 0.25
0.130204 0.421437 0.448359
0.146048 0.527704 0.326249
0.75 0 0.25
0.970108 0.0298923 0
0.562494 0.120457 0.317048
0.150912 0.849088 0
0.0554767 0.287698 0.656825
0.159928 0.293596 0.546476
0.27839 0.0602671 0.661343
0.589203 0.160797 0.25
0 0.75 0.25
0.113991 0.119964 0.766045
0.683784 0 0.316216
0.380543 0 0.619457
0.305947 0.694053 0
0.403171 0.0581753 0.538653
0.0898704 0.91013 0
0.369514 0.630486 0
0.75639 0.24361 0
0.181137 0.818863 0
0.471772 0.173389 0.354839
0.187819 0.337821 0.47436
0.317713 0.398779 0.283509
0.664808 0.0851918 0.25
0.273281 0.476719 0.25
0.724881 0.275119 0
0.940145 0.0598553 0
0.597325 0.402675 0
0.247561 0.250655 0.501784
0.234003 0.366258 0.399739
0.334884 0.316061 0.349055
0.337315 0.662685 0
0.21172 0.78828 0
0.418739 0.261305 0.319956
0.787477 0.212523 0
1.81746e-17 0.325852 0.674148
0.0298202 0.97018 0
0.0839755 0.666025 0.25
0.0787605 0.202248 0.718992
0.160162 0.026226 0.813612
0.0444525 0.610785 0.344763
0.0596945 0.940306 0
0.177701 0.455466 0.366832
0.879919 0.120081 0
0.386298 0.363702 0.25
0.0190127 0.168583 0.812404
0.381514 0.217577 0.400909
0.629735 0.370265 0
0.230104 0 0.769896
0.818693 0.181307 0
0.0880244 0.507734 0.404242
0.031093 0.0332045 0.935703
0.532287 0.467713 0
0.564985 0.435015 0
0.126423 0.244137 0.629441
0.613836 0.0346828 0.351482
5.75198e-21 0.241986 0.758014
0.0316679 0.464275 0.504057
0.466891 0.533109 0
0.849218 0.150782 0
0.247338 0.42397 0.328691
0.359092 0.156807 0.484101
0.160764 0.163607 0.675628
0.69336 0.30664 0
0.0856694 0.331172 0.583159
0.910313 0.0896871 0
0.199147 0.550853 0.25
0.401703 0.598297 0
0.242529 0.757471 0
0.204277 0.210535 0.585188
0.274029 0.725971 0
0.434257 0.565743 0
0.197188 0.0827042 0.720108
0.120189 0.879811 0
0.288893 0.179227 0.53188
0.29439 0.273948 0.431662
1.25012e-20 0.525928 0.474072
0.0769711 0.392434 0.530595
0.521896 0.0854407 0.392664
0 0.112301 0.887699
0.110206 0 0.889794
0.571983 0 0.428017
0.489637 0.0399504 0.470413
2.28651e-17 0.40995 0.59005
0.469678 0 0.530322
0.305267 0 0.694733
0.327712 0.0946926 0.577595
0.242576 0.133745 0.623679
1.39506e-20 0.586903 0.413097
0.499449 0.500551 0
0 0.68463 0.31537
0.12235 0.596279 0.281371
0.515249 0.217111 0.267639
0.436033 0.122145 0.441823
0.0751202 0.0789983 0.845882
0 1 0
0 0 1
