0 0 1
0.694091 0.305909 0
0.273359 0.294883 0.431759
0.63015 0.36985 0
0.122423 0.436593 0.440984
0.0848839 0.665114 0.250002
0.210337 0.204795 0.584869
0.59628 0.122407 0.281312
0.0820692 0.197856 0.720075
0.0855881 0.522181 0.392231
0.363556 0.386442 0.250002
0.756915 0.243085 0
0.179158 0.288964 0.531878
0.162932 0.161329 0.675739
0.16745 0.0201939 0.812356
0.0600928 0.279181 0.660726
0.29367 0.159896 0.546434
0.160202 0.589796 0.250002
0.0350088 0.614483 0.350508
0.0784944 0.0753445 0.846161
0.216879 0.516122 0.267
0.398913 0.317528 0.283558
0.118835 0.11475 0.766415
0.408551 0 0.591449
0.157112 0.359305 0.483583
0.119534 0.880466 0
0.504856 0.0872423 0.407902
0.33748 0.189179 0.473341
0.366651 0.236937 0.396412
0.315657 0.335419 0.348924
0.420024 0.131473 0.448503
0.565602 0.434398 0
0.665999 0.0839991 0.250002
0.0891995 0.9108 0
0.788105 0.211895 0
0.21768 0.381464 0.400856
0.0399601 0.490115 0.469925
0.475921 0.274077 0.250002
0.0331939 0.0308876 0.935918
0.14978 0.85022 0
0.45387 0.178052 0.368077
0.290038 0.45996 0.250002
0.880003 0.119997 0
0.391559 0.0772072 0.531234
0.174027 0.471899 0.354074
0 0.305991 0.694009
0.112109 0 0.887891
0.81909 0.18091 0
0.500162 0.499838 0
0.532976 0.467024 0
0.324339 0 0.675661
0.609848 0.0445324 0.345619
0.0946296 0.328289 0.577081
0.402257 0.597743 0
0.337873 0.662127 0
0.243485 0.126722 0.629793
0.0583931 0.403719 0.537888
0.0253416 0.160513 0.814145
0.597976 0.402024 0
0 0.749998 0.250002
0.211341 0.788659 0
0.434827 0.565173 0
0.133362 0.242993 0.623645
0.0592705 0.94073 0
0.749998 0 0.250002
0.274246 0.725754 0
0.430907 0.246656 0.322437
0 0.230579 0.769421
0 0.683764 0.316236
0.467442 0.532558 0
0.525107 0 0.474893
0.201274 0.079199 0.719527
0.330239 0.0854332 0.584328
0.370107 0.629893 0
0.526374 0.141057 0.332569
0.242684 0.757316 0
0 0.572568 0.427432
0.684399 0 0.315601
0.306051 0.693949 0
0.286396 0.0554406 0.658164
0.970171 0.029829 0
0.120897 0.562393 0.31671
0.463095 0.0307984 0.506107
0.26126 0.418781 0.31996
0 0.381388 0.618612
5.56738e-17 1 0
0.551295 0.198703 0.250002
0.91035 0.08965 0
0.0295228 0.970477 0
0.725863 0.274137 0
0.940365 0.0596353 0
0.240285 0 0.759715
0 0.109797 0.890203
0.250626 0.247356 0.502019
0.18049 0.81951 0
0.58643 0 0.41357
2.62037e-17 0.470206 0.529794
0.662258 0.337742 0
0.849786 0.150214 0
1 0 0
