0.121547 0.561927 0.316526
0 0 1
0.0767169 0.0775663 0.845717
0.116733 0.11839 0.764877
0.33897 0.66103 0
0.291141 0.458859 0.25
0.617325 0.0342091 0.348466
0.585555 0.122287 0.292158
0.162969 0.16451 0.67252
0.0852127 0.664787 0.25
0.290943 0.180949 0.528107
0.198381 0.0829829 0.718636
0.0905706 0.909429 0
0.0353523 0.614139 0.350508
0.244534 0.755466 0
0.364797 0.385203 0.25
0.22083 0.378575 0.400595
0.060118 0.281489 0.658393
0.0949615 0.330592 0.574447
0.161119 0.588881 0.25
0.058371 0.405815 0.535814
0.0242939 0.163128 0.812578
0.0864998 0.522431 0.391069
0.182275 0.817725 0
0 0.75 0.25
0.282138 0.288155 0.429707
0.133529 0.246254 0.620217
0.555769 0.194231 0.25
0.878755 0.121245 0
0.786189 0.213811 0
0.467616 0.532384 0
0.151239 0.848761 0
0.507876 0.180784 0.31134
0.75 0 0.25
0.939579 0.0604214 0
0.662272 0.0877278 0.25
0.0411307 0.490607 0.468262
0.41658 0.244597 0.338823
0.209532 0.210928 0.57954
0.754945 0.245055 0
0.661001 0.338999 0
2.95523e-22 0.307698 0.692302
0.120841 0.879159 0
0.564796 0.435204 0
0.532441 0.467559 0
0.817346 0.182654 0
0.379613 0 0.620387
0.597131 0.402869 0
0.0300167 0.969983 0
0.327553 0.0943324 0.578115
0.692677 0.307323 0
0.848159 0.151841 0
0.244049 0.134325 0.621627
0.359457 0.152841 0.487702
0.218252 0.514772 0.266976
0.530075 0.084111 0.385814
0.278242 0.0603025 0.661456
0.473044 0.276956 0.25
0.909297 0.0907034 0
0.275668 0.724332 0
0.0819649 0.200317 0.717718
0.253238 0.254353 0.492409
0 0.683815 0.316185
0.434747 0.115286 0.449968
3.1802e-17 0.572885 0.427115
4.53303e-22 0.471977 0.528023
0.465474 0.158836 0.37569
0.40385 0.0539882 0.542162
1.57512e-21 0.232446 0.767554
0.263604 0.416172 0.320224
0.156864 0.361737 0.481399
0.629202 0.370798 0
3.68063e-22 0.383226 0.616774
0.397151 0.315115 0.287734
0.370336 0.218454 0.41121
0.435208 0.564792 0
0.0319656 0.0323826 0.935652
0.161045 0.0256078 0.813347
0.180125 0.29276 0.527115
0.470936 0 0.529064
0.230316 0 0.769684
0.370689 0.629311 0
0.307215 0.692785 0
0.96985 0.0301502 0
7.5257e-22 0.11106 0.88894
0.402804 0.597196 0
0.723906 0.276094 0
0.575592 0 0.424408
0.123512 0.437317 0.439171
0.319044 0.330447 0.350508
0.685971 0 0.314029
0.110639 0 0.889361
0.496281 0.0358908 0.467828
0.213312 0.786688 0
0.0601284 0.939872 0
1 0 0
0.500074 0.499926 0
0 1 0
0.304762 0 0.695238
0.175561 0.470806 0.353633
