0 0 1
0.462074 0.287926 0.25
0.389829 0.360171 0.25
0.183869 0.566131 0.25
0.327993 0.095239 0.576768
0.380156 0.217626 0.402217
0.197733 0.0822588 0.720008
0.87961 0.12039 0
0.0889463 0.661054 0.25
0.848959 0.151041 0
0.230982 0 0.769018
0.33778 0.66222 0
0.522145 0.085546 0.392309
0.515906 0.215389 0.268705
0.160735 0.162986 0.676279
0.683801 0 0.316199
0.156945 0.294646 0.548409
0.369825 0.630175 0
0.94006 0.0599398 0
0.75 0 0.25
1.16037e-20 0.687585 0.312415
0.0301104 0.466942 0.502947
0.66518 0.0848204 0.25
0.287871 0.180665 0.531464
0.211615 0.788385 0
0.124577 0.42702 0.448402
0.62904 0.37096 0
0.0596536 0.940346 0
0.244597 0.252465 0.502938
0.470457 0 0.529543
0.818336 0.181664 0
0.0756727 0.394263 0.530064
0.125701 0.243679 0.63062
0.490166 0.040154 0.46968
0.403866 0.0582634 0.53787
0.0856829 0.516036 0.398281
0.0549493 0.286303 0.658747
0.0297845 0.970216 0
0.306232 0 0.693768
0.692556 0.307444 0
0 0.58861 0.41139
0.182309 0.339814 0.477877
0.333449 0.313945 0.352606
0.274135 0.725865 0
0.418283 0.260745 0.320972
0.614155 0.0348391 0.351006
0.0789861 0.201264 0.71975
0.206527 0.50265 0.290823
0.471636 0.172982 0.355382
0.284073 0.465927 0.25
0.40186 0.59814 0
1.2657e-20 0.75 0.25
0.291098 0.275309 0.433593
0.910167 0.0898326 0
0.149927 0.850073 0
0.110301 1.22459e-17 0.889699
0.0195586 0.168107 0.812334
0.466844 0.533156 0
0.203366 0.210839 0.585795
0.279196 0.0604364 0.660367
0.660972 0.339028 0
0.787272 0.212728 0
0.250792 0.413273 0.335936
0.499457 0.500543 0
0.180385 0.819615 0
0.589843 0.160157 0.25
0 0.241376 0.758624
0.242752 0.757248 0
0.970083 0.0299169 0
0.0896951 0.910305 0
0.0309799 0.0331021 0.935918
0.597019 0.402981 0
0.119791 0.880209 0
0.43565 0.122555 0.441795
0.381382 0 0.618618
0.160794 0.0253495 0.813857
0.242784 0.133918 0.623298
0 0.3259 0.6741
0.225271 0.368735 0.405994
0.724231 0.275769 0
0.756125 0.243875 0
0.320325 0.391759 0.287916
0.564656 0.435344 0
0.114577 0.118838 0.766585
0 0.410501 0.589499
0 0.52749 0.47251
0 0.112355 0.887645
0.357941 0.157466 0.484593
0.0827293 0.332462 0.584808
0.305864 0.694136 0
0.572572 0 0.427428
1 0 0
0.532152 0.467848 0
0.0409515 0.615383 0.343666
0.11936 0.576047 0.304593
0.165363 0.467189 0.367448
0.434119 0.565881 0
0.562896 0.120238 0.316866
0.0753411 0.0786225 0.846036
0 1 0
