0 0 1
0.665932 0.0840683 0.25
0.597643 0.402357 0
0.172921 0.47261 0.354469
0.0825681 0.197445 0.719987
0.120291 0.879709 0
0.287025 0.0555371 0.657437
0.848893 0.151107 0
0.0849149 0.665085 0.25
0.1569 0.359387 0.483713
0.879404 0.120596 0
0.03321 0.0310795 0.935711
0.210527 0.204473 0.584999
0.250897 0.248305 0.500798
1.43624e-20 0.571913 0.428087
0.179479 0.289044 0.531477
0.402789 0.597211 0
0.408787 0 0.591213
0.363441 0.386559 0.25
0.181363 0.818637 0
0.0599168 0.940083 0
0.475222 0.274778 0.25
0.217431 0.38172 0.400848
0.201986 0.0791772 0.718837
0.08534 0.522248 0.392412
0.315527 0.336546 0.347927
0.55073 0.19927 0.25
0.432732 0.245736 0.321533
0.467851 0.532149 0
0.168441 0.0195265 0.812032
0.435303 0.564697 0
0.0790739 0.0752296 0.845696
0.030076 0.969924 0
0.39854 0.317227 0.284233
0.0899475 0.910052 0
0.75 0 0.25
0.260694 0.419608 0.319698
0.970103 0.0298972 0
0.112327 0 0.887673
0.0948914 0.328021 0.577087
0.629982 0.370018 0
0.596425 0.122672 0.280903
0.725391 0.274609 0
0.150652 0.849348 0
0.160584 0.589416 0.25
0.756832 0.243168 0
0.274701 0.725299 0
0.241363 0 0.758637
0.289591 0.460409 0.25
0.565333 0.434667 0
0.0259729 0.160267 0.813761
0 0.305698 0.694302
0.684167 0 0.315833
0.211919 0.788081 0
0.0584062 0.403554 0.53804
0.122387 0.436518 0.441095
0.662283 0.337717 0
0.609147 0.0452453 0.345608
0.120143 0.562876 0.316981
0.370516 0.629484 0
0.910033 0.0899671 0
0.787785 0.212215 0
0 0.230354 0.769646
0.324849 0 0.675151
0.244112 0.126985 0.628902
0.163294 0.160798 0.675908
0.525226 0 0.474774
0.293864 0.160694 0.545442
1.06055e-20 0.683706 0.316294
1.18036e-20 0.470019 0.529981
0.0402766 0.489831 0.469893
0.0346079 0.613907 0.351485
0.526513 0.140861 0.332626
0.818381 0.181619 0
0.2166 0.515838 0.267562
0.693851 0.306149 0
0.274022 0.295221 0.430757
0.500558 0.499442 0
0.420076 0.13138 0.448545
0.504406 0.0872268 0.408367
0.36737 0.238168 0.394462
0 0.75 0.25
0.586531 0 0.413469
0.452795 0.178342 0.368863
0.337882 0.190091 0.472028
0.463102 0.0309438 0.505954
0.338185 0.661815 0
0.330708 0.0860114 0.58328
0.940233 0.0597671 0
1.71045e-21 0.110268 0.889732
0.119486 0.114337 0.766177
0.133666 0.242593 0.623741
0.0602754 0.278812 0.660913
0.391974 0.0776243 0.530402
0 0.381055 0.618945
0.533143 0.466857 0
0.243113 0.756887 0
0.306126 0.693874 0
1 0 0
0 1 0
