0.454317 0.179317 0.366366
1 0 0
0.0581257 0.403295 0.538579
0.119349 0.114189 0.766462
0.172669 0.473145 0.354186
0.324418 0 0.675582
0.119554 0.563155 0.31729
0.134032 0.241938 0.62403
0.286289 0.0545943 0.659117
0.0904024 0.909598 0
0.969993 0.0300066 0
0.315226 0.337509 0.347265
0.156782 0.35954 0.483678
0.0334048 0.0308365 0.935759
0.666248 0.0837519 0.25
0.338981 0.661019 0
0.0850829 0.522189 0.392728
0.0605238 0.278214 0.661262
0.294323 0.159152 0.546525
0.120913 0.879087 0
0.247631 0.124802 0.627568
0.178721 0.288661 0.532618
0.879418 0.120582 0
0.454063 0.0389507 0.506986
0.240476 0 0.759524
0.167842 0.0199557 0.812203
0.849064 0.150936 0
0.0828846 0.19697 0.720145
0.725305 0.274695 0
0.0787512 0.0753052 0.845944
0.333622 0.197852 0.468527
0.518436 0 0.481564
0.342287 0.0739144 0.583799
0.503479 0.0868635 0.409657
3.01219e-21 0.229738 0.770262
0.380335 0.102431 0.517234
0.475794 0.274206 0.25
0.467727 0.532273 0
0.216548 0.383282 0.40017
0.398971 0.317166 0.283862
0.260581 0.420007 0.319412
0.244006 0.755994 0
6.26323e-21 0.46931 0.53069
0.202031 0.078927 0.719042
0.756506 0.243494 0
0.403077 0.596923 0
0.366979 0.240787 0.392234
0.532827 0.467173 0
0 0.380111 0.619889
0.370749 0.629251 0
0.151225 0.848775 0
0.164483 0.159586 0.67593
0.527922 0.13847 0.333608
0.160024 0.589976 0.25
0.909748 0.0902522 0
0.565341 0.434659 0
0.408128 0 0.591872
0.629941 0.370059 0
0.039922 0.489207 0.470871
0.275401 0.724599 0
0.249679 0.248706 0.501615
0.435371 0.564629 0
0.210819 0.203503 0.585678
0.434133 0.245374 0.320493
3.99705e-21 0.304853 0.695147
0.307049 0.692951 0
0.0946933 0.327494 0.577813
0.0847954 0.665205 0.25
0.420491 0.136233 0.443275
0.597088 0.121089 0.281823
0.216109 0.516556 0.267335
9.12186e-21 0.683509 0.316491
0.66182 0.33818 0
1.44013e-21 0.109838 0.890162
0.122015 0.436866 0.441118
0.75 0 0.25
0.212765 0.787235 0
0.0258051 0.159999 0.814196
0.608983 0.0426806 0.348336
7.62587e-21 0.571413 0.428587
0.0600088 0.939991 0
0.581906 0 0.418094
0.289541 0.460459 0.25
0.693596 0.306404 0
0.272199 0.297902 0.429899
0.112313 0 0.887687
0 0.75 0.25
0.939974 0.0600258 0
5.55213e-17 1 0
0.78773 0.21227 0
0.3634 0.3866 0.25
0.818525 0.181475 0
0.0341722 0.614007 0.351821
0.50034 0.49966 0
0.683161 0 0.316839
0.597649 0.402351 0
0.55186 0.19814 0.25
0.029985 0.970015 0
0 0 1
0.181804 0.818196 0
