0.548443 0.0220189 0.429538
0.343846 0.0160902 0.640063
0.101386 0.00474435 0.89387
1.93509e-09 0.404802 0.595198
0.87543 0.12457 4.32221e-12
0.691774 0.308226 2.34175e-11
0.00997163 0.0352498 0.954779
0.327376 0.0813231 0.591301
0.58298 0.154741 0.262278
0.181537 0.082001 0.736462
0.039643 0.424422 0.535935
0.904447 0.0955527 6.36753e-11
0.0012439 0.204131 0.794625
0.117885 0.131257 0.750858
0.129324 0.432467 0.438209
0.0922113 0.297008 0.61078
0.00654762 0.657629 0.335823
0.598176 0.00149587 0.400328
0.982095 0.0242755 0.000815677
0.0281317 0.0579738 0.913894
0.0851837 0.351624 0.563193
0.510774 0.0405586 0.448668
0.412644 0.587356 3.69704e-14
0.0968263 0.311873 0.591301
0.109147 0.426131 0.464722
0.532947 0.149524 0.317529
0.293043 0.342367 0.36459
8.54048e-11 0.457679 0.542321
0.302135 0.439389 0.258477
0.679076 0.00461966 0.316305
0.239748 0.0032869 0.756965
0.892353 0.107647 4.32221e-12
0.223886 0.378593 0.39752
2.0598e-06 0.747059 0.252939
0.248203 0.252839 0.498958
0.728818 0.00186247 0.269319
0.180651 0.183869 0.63548
0.300617 0.118609 0.580774
4.40729e-11 0.236184 0.763816
0.426838 0.116513 0.456649
0.183834 0.499838 0.316328
0.365971 0.634029 0
0.474396 0.269767 0.255837
0.0317188 0.149079 0.819202
0.359665 0 0.640335
0.157293 0.157294 0.685413
1.86604e-10 1 1.11022e-16
2.0413e-12 8.47231e-10 1
0.478256 0.00607849 0.515665
0.333112 0.333116 0.333772
0.500189 0.499811 2.46653e-11
1 0 6.36753e-11
5.00759e-11 0.584241 0.415759
0.131447 0.0973592 0.771194
0.681089 0.318911 2.34175e-11
0.0830004 0.202802 0.714197
0.0739817 0.0740527 0.851966
0.234613 0.765387 9.33487e-12
0.569039 0.00142301 0.429538
0.353685 0.21364 0.432675
0.771522 0.228478 6.98255e-11
0.668076 0.0817554 0.250168
0.050067 0.0079439 0.941989
1.03817e-09 0.3741 0.6259
0.0820271 0.66735 0.250623
0.11083 0.88917 3.0087e-14
0.121156 0.00486877 0.873975
2.22191e-11 0.119071 0.880929
0.171357 0.828643 6.36753e-11
0.164582 0.581799 0.253619
0.267008 0.732992 3.27273e-11
0.856168 0.143832 5.10159e-12
0.944215 0.0557849 0
0.213482 0.2017 0.584819
0.0697231 0.537424 0.392853
0.5897 0.0618704 0.348429
0.565153 0.181547 0.2533
0.0301948 0.696519 0.273287
0.0214077 0.629825 0.348767
0.422763 0.279271 0.297966
0.390911 0.0819574 0.527132
0.725613 0.274387 0
0.208767 0.0900626 0.701171
0.494006 0.0882642 0.41773
0.358353 0.384613 0.257034
0.066302 0.389622 0.544076
5.48325e-11 0.293844 0.706156
0.131221 0.552474 0.316305
0.296428 0.0341925 0.66938
0.222586 0.298596 0.478819
0.143812 0.480917 0.37527
0.0467026 0.484077 0.46922
0.148708 0.0350919 0.8162
0.503435 0.12474 0.371825
0.354022 0.279138 0.36684
0.671501 0.405612 0.013065
0.18927 0.548452 0.262278
0.623734 0.0864435 0.289822
0.247894 0.140965 0.611141
0.335056 0.100873 0.564071
