0.341576 0.250894 0.407531
0.207606 0.368275 0.424119
0.820019 0.187376 0.00137166
0.0441712 0.0187883 0.93704
0.17941 0.075459 0.745131
0.498575 0.223321 0.278104
0.252488 0.312177 0.435335
0.180125 0.267559 0.552316
0.0126497 0.0734022 0.913948
0.174519 1.28862e-05 0.825468
0.371493 0.628507 3.94171e-08
0.107963 0.226709 0.665328
0.197217 0.802783 3.24648e-09
0.684223 0.315777 2.66454e-15
0.168806 0.478051 0.353142
0.0237994 0.976201 0
0.389003 0.360414 0.250582
0.425352 0.178901 0.395747
0.0625956 0.478119 0.459285
0.214407 0.297336 0.488257
0.593807 0.0617011 0.344492
0.128587 0.384121 0.487293
0.214776 0.380994 0.404229
0.312963 0.107334 0.579702
0.100176 0.306295 0.593529
0.158186 0.526927 0.314886
0.00207471 0.73168 0.266246
0.425652 0.323766 0.250582
0.001983 0.699337 0.29868
0.11636 0.88364 0
0.880676 0.119324 3.24648e-09
0.000639598 0.225565 0.773796
0.499875 0.500125 5.55112e-16
0.113454 0.429292 0.457254
0.422678 0.125489 0.451833
0.843438 0.15658 2.35758e-06
0.628361 0.371639 1.55431e-15
0.367336 0.632664 7.77156e-16
0.50824 0.227819 0.263941
0.272671 0.476746 0.250582
0.485697 0.0184581 0.495845
0.439078 5.10069e-12 0.560922
0.65596 0.0922877 0.251752
0.125718 0.475698 0.398585
0.332581 0.333201 0.334219
0.240654 1.77694e-05 0.759328
2.05251e-09 1 0
0.69354 0.30646 1.55431e-15
0.012278 0.46812 0.519602
1 1.79008e-11 2.66454e-15
2.29761e-16 5.49507e-17 1
0.113281 1.31596e-12 0.886719
0.000138122 0.582448 0.417414
0.748646 8.95159e-06 0.251345
0.586537 7.15838e-05 0.413391
0.765255 0.234745 0
0.382868 2.82702e-05 0.617104
0.232984 0.767016 0
0.000185944 0.37098 0.628834
0.0710546 0.677193 0.251752
0.251206 0.251136 0.497658
0.158681 0.156329 0.68499
0.337803 0.157569 0.504628
0.0790238 0.0678953 0.853081
0.298226 0.70179 2.35758e-06
0.537664 0.134347 0.327989
0.562375 0.437625 0
0.336773 0.412644 0.250582
0.383818 0.240037 0.376144
0.300202 0.310412 0.389386
2.93656e-05 0.123832 0.876139
0.0742737 0.546429 0.379297
0.926719 0.0732814 1.27211e-08
0.0482469 0.951753 2.66454e-15
0.182997 0.817003 0
0.209639 0.227398 0.562962
0.124151 0.102887 0.772962
0.193736 0.555682 0.250582
0.0137038 0.313399 0.672897
0.0781131 0.233344 0.688543
0.668404 0.00360735 0.327989
0.155213 0.336452 0.508335
0.315242 0.000161288 0.684597
0.501569 0.0981084 0.400323
0.283497 0.281168 0.435335
0.200477 0.0897971 0.709726
0.237886 0.454078 0.308036
0.797999 0.202001 3.57543e-09
0.531595 0.00204932 0.466356
0.0238955 0.0384119 0.937693
0.432855 0.213392 0.353753
0.172177 0.0285778 0.799245
0.62853 0.0703504 0.301119
0.000123727 0.521744 0.478133
0.0348001 0.139732 0.825468
0.125202 0.267819 0.606979
0.490733 0.522234 0.00176581
0.190633 0.13647 0.672897
0.34521 0.0515059 0.603284
0.330554 0.234111 0.435335
