0 0 1
0.274242 0.294784 0.430974
0.290002 0.459998 0.25
0.059947 0.940053 0
0.526881 0.140746 0.332374
0 0.381113 0.618887
0.910152 0.0898484 0
0.818798 0.181202 0
0.0587682 0.403393 0.537839
0.0848462 0.665154 0.25
0.726074 0.273926 0
0.151122 0.848878 0
0.160418 0.589582 0.25
0.163412 0.160707 0.675881
0.363954 0.386046 0.25
0.454713 0.178198 0.367089
0.550588 0.199412 0.25
0.119507 0.114302 0.766191
0.0349257 0.613841 0.351234
0.475913 0.274087 0.25
0.0901005 0.909899 0
0.244606 0.12654 0.628854
0.0261077 0.160128 0.813764
0.467863 0.532137 0
0.392731 0.0774815 0.529787
0.666028 0.0839715 0.25
0.598197 0.401803 0
0.37109 0.62891 0
0.367161 0.236811 0.396028
0.120673 0.879327 0
0.294393 0.159757 0.54585
0.970283 0.029717 0
0.338718 0.661282 0
0.26157 0.418461 0.31997
0.880033 0.119967 0
0.526227 0 0.473773
0.0789755 0.0750775 0.845947
0.306811 0.693189 0
0.0331641 0.0311228 0.935713
0.112312 0 0.887688
0.331213 0.084868 0.583919
0.50549 0.0870165 0.407493
0 0.75 0.25
0.24411 0.75589 0
0 0.30554 0.69446
0.0602836 0.278837 0.660879
0.430215 0.24719 0.322595
0.120454 0.562438 0.317108
0.788236 0.211764 0
0.403159 0.596841 0
0.0949266 0.327857 0.577216
0.464073 0.0309611 0.504966
0.630437 0.369563 0
0.122188 0.4364 0.441412
0.241733 0 0.758267
0.168395 0.0192824 0.812322
0.596521 0.12269 0.280789
0.201962 0.0789721 0.719066
0.533051 0.466949 0
0.181997 0.818003 0
0.0824741 0.197535 0.71999
0.0398603 0.489881 0.470259
0.27529 0.72471 0
0 0.230106 0.769894
0.398754 0.317383 0.283863
0.940399 0.0596006 0
0.849471 0.150529 0
0.757382 0.242618 0
0.610222 0.0449627 0.344815
0.251179 0.247474 0.501347
0.500459 0.499541 0
0.338314 0.189218 0.472469
0.316203 0.334744 0.349052
0 0.572187 0.427813
0.0854626 0.521916 0.392621
0.173596 0.471946 0.354458
0.217776 0.381384 0.40084
0.75 0 0.25
0.409605 0 0.590395
0.286951 0.0554046 0.657644
0.133869 0.242678 0.623453
0.421341 0.130656 0.448003
0.210606 0.204116 0.585278
0.216846 0.51586 0.267294
0.435349 0.564651 0
0.694689 0.305311 0
0 0.110361 0.889639
0.56568 0.43432 0
0.179828 0.288726 0.531446
0 0.683631 0.316369
0 0.4699 0.5301
0.684387 0 0.315613
0.325486 0 0.674514
0.157078 0.359145 0.483777
0.0299399 0.97006 0
0.66263 0.33737 0
0.587442 0 0.412558
0.212874 0.787126 0
1 0 0
5.55654e-17 1 0
