0 0 1
0.522905 0.0820922 0.395003
0.0794087 0.201164 0.719427
0.134668 0.422389 0.442943
0.661187 0.338813 0
0.475356 0.17291 0.351734
0.0541568 0.285134 0.660709
0.247107 0.253113 0.49978
0.597236 0.402764 0
0.787156 0.212844 0
0 0.111805 0.888195
0.243124 0.756876 0
3.72288e-21 0.75 0.25
0.245473 0.434335 0.320191
0.316995 0.399546 0.283458
0.40415 0.0768874 0.518962
0.163045 0.0245508 0.812404
0.242004 0.136354 0.621642
0.124342 0.247994 0.627664
0.370193 0.629807 0
0.180802 0.819198 0
0.101074 0.3818 0.517127
0.683192 0 0.316808
0.75 0 0.25
0.0440649 0.608975 0.34696
2.5788e-21 0.519518 0.480482
0.849021 0.150979 0
0.879567 0.120433 0
0.563667 0.118588 0.317745
0.693077 0.306923 0
0.0864116 0.504409 0.409179
0.372751 0.0126198 0.614629
0 0.682912 0.317088
0.8182 0.1818 0
0.61422 0.0328324 0.352948
0.590844 0.159156 0.25
0.197912 0.0836487 0.718439
0.665757 0.0842432 0.25
0.115706 0.118603 0.765692
0.138628 0.528307 0.333065
0.198436 0.551564 0.25
0.160308 0.165308 0.674384
0.460269 0.289731 0.25
0.0729409 0.341998 0.585061
0.0896636 0.910336 0
0.939903 0.0600974 0
0.0372313 0.454782 0.507987
0.517823 0.216574 0.265603
0.0833251 0.666675 0.25
0 0.583227 0.416773
0.0298405 0.97016 0
0.565027 0.434973 0
0.211919 0.788081 0
0.0212615 0.166201 0.812537
0 0.238612 0.761388
0.386135 0.363865 0.25
0.337451 0.316173 0.346376
0.402346 0.597654 0
0.75588 0.24412 0
2.02317e-21 0.407583 0.592417
0.306153 0.693847 0
0.327185 0.102221 0.570594
0.434703 0.565297 0
0.120063 0.879937 0
0.420771 0.261062 0.318167
0 0.32292 0.67708
0.969922 0.0300779 0
0.15044 0.84956 0
0.0321778 0.0323412 0.935481
0.384808 0.218566 0.396626
0.287054 0.183285 0.529661
0.357875 0.165285 0.47684
0.178963 0.455379 0.365659
0.467235 0.532765 0
0.274248 0.475752 0.25
0.499864 0.500136 0
0.111472 0 0.888528
0.202791 0.213155 0.584054
0.568909 0 0.431091
0.195654 0.336573 0.467773
0.440866 0.123035 0.436099
0.0765941 0.077982 0.845424
0.121905 0.597555 0.280539
0.724769 0.275231 0
0.446033 0 0.553967
0.0597865 0.940214 0
0.274379 0.725621 0
0.233945 0 0.766055
0.278494 0.0627735 0.658732
0.909838 0.0901618 0
0.157859 0.295965 0.546176
0.493543 0.0253744 0.481083
0.296923 0.275254 0.427823
0.239516 0.368586 0.391898
0.629685 0.370315 0
0.532441 0.467559 0
0.337852 0.662148 0
0.310605 0 0.689395
1 0 0
0 1 0
