0 0.75 0.25
1.72209e-17 0.310193 0.689807
0.0578901 0.282524 0.659586
0.75 0 0.25
0.0802048 0.199358 0.720437
0.459862 0.290138 0.25
0.723804 0.276196 0
0.158481 0.298064 0.543456
0.909386 0.0906144 0
0.562441 0.120793 0.316766
0.246067 0.253427 0.500506
0.786478 0.213522 0
0.161678 0.0251985 0.813123
0.0600579 0.939942 0
0.66508 0.0849194 0.25
0.402313 0.597687 0
0.174597 0.452276 0.373127
0.247644 0.421546 0.33081
0.293518 0.274696 0.431786
0.274682 0.475318 0.25
0.120697 0.879303 0
0.589762 0.160238 0.25
0.213038 0.786962 0
0 0.685095 0.314905
0.692455 0.307545 0
0.472222 0.173649 0.354129
0.359213 0.157435 0.483352
0.150907 0.849093 0
0.370091 0.629909 0
0.683663 0 0.316337
0.30686 0.69314 0
0.121861 0.595299 0.28284
0.878959 0.121041 0
0.436478 0.122723 0.440799
0.0875275 0.531196 0.381277
0.596469 0.403531 0
0.386543 0.363457 0.25
0.183294 0.342763 0.473942
0.0338041 0.617164 0.349032
0.27508 0.72492 0
0.521908 0.0860808 0.392011
0.334815 0.315939 0.349246
0.75531 0.24469 0
0.116142 0.117446 0.766412
0.0765055 0.0769596 0.846535
0.234198 0.3652 0.400602
0.161136 0.516578 0.322286
0.614116 0.0351466 0.350737
0.628479 0.371521 0
0.516045 0.217023 0.266932
0.127997 0.42651 0.445494
0.0450805 0.491315 0.463604
0.490344 0.0403178 0.469338
3.34794e-21 0.232924 0.767076
0.0900213 0.909979 0
0.531966 0.468034 0
0.306549 0 0.693451
0.198935 0.551065 0.25
0.404045 0.0583485 0.537606
0.969923 0.0300769 0
0.279394 0.0606761 0.65993
0.231356 0 0.768644
0.38138 0.218018 0.400602
2.15099e-17 0.387449 0.612551
3.09096e-17 0.110397 0.889603
0.161531 0.163956 0.674513
0.338251 0.661749 0
0.572626 0 0.427374
0.243171 0.134892 0.621938
0.381585 0 0.618415
0.848556 0.151444 0
0.0232736 0.162585 0.814141
0.0848266 0.665173 0.25
0.318118 0.397888 0.283994
0.0300077 0.969992 0
0.288811 0.181337 0.529852
0.243884 0.756116 0
0.328236 0.0954655 0.576298
0.660615 0.339385 0
0.198498 0.0826814 0.71882
0.204468 0.212444 0.583088
0.564177 0.435823 0
0.0618777 0.406867 0.531256
0.110987 0 0.889013
0.470726 0 0.529274
2.63516e-17 0.47466 0.52534
0.181923 0.818077 0
0.0323351 0.0317383 0.935927
0 0.573697 0.426303
0.418918 0.261464 0.319618
0.939853 0.0601468 0
0.434765 0.565235 0
0.0875231 0.336978 0.575499
0.127569 0.245569 0.626862
0.817568 0.182432 0
0.499556 0.500444 0
5.55501e-17 1 0
0.46713 0.53287 0
1 0 0
0 0 1
