1 0 0
0.160228 0.0252497 0.814522
0.161336 0.588664 0.25
0.75 0 0.25
0.0252485 0.46604 0.508711
0.246567 0.250776 0.502658
0.197649 0.0821316 0.72022
0.683832 0 0.316168
0.334211 0.31445 0.351339
0.46206 0.28794 0.25
0.0840619 0.330728 0.58521
0.160979 0.162668 0.676352
0.388942 0.361058 0.25
0.249273 0.417746 0.332982
0.24405 0.75595 0
0.516123 0.215478 0.268399
0.158453 0.293536 0.548012
0.531889 0.468111 0
0.403456 0.0581626 0.538381
0.126433 0.243391 0.630176
0.665102 0.0848984 0.25
0.969723 0.0302767 0
0.086837 0.663163 0.25
0.589829 0.160171 0.25
0 0.75 0.25
0.490113 0.0396745 0.470213
0.939592 0.060408 0
0.109617 0 0.890383
0.436518 0.121703 0.441779
0.0199794 0.167348 0.812672
0.0553272 0.285403 0.659269
0.0307749 0.0331871 0.936038
0.307155 0.692845 0
0.470102 0 0.529898
0.0790442 0.200724 0.720232
0.0801179 0.505537 0.414345
0.114555 0.11861 0.766835
0.12116 0.87884 0
0.723714 0.276286 0
0.293085 0.274024 0.432891
0.305432 0 0.694568
0.786316 0.213684 0
0.755011 0.244989 0
0.596573 0.403427 0
0.418861 0.260457 0.320683
0 0.323365 0.676635
0.31952 0.393123 0.287357
0.151515 0.848485 0
0.0601419 0.939858 0
0.338853 0.661147 0
0.327927 0.0946158 0.577457
0.614163 0.034519 0.351318
0.275507 0.724493 0
0 0.407431 0.592569
0.204035 0.209912 0.586053
0.817256 0.182744 0
0.402509 0.597491 0
0.628813 0.371187 0
0.909295 0.0907055 0
0.18533 0.337663 0.477006
0.692598 0.307402 0
0.242637 0.133387 0.623976
0.228363 0.367533 0.404103
0.848136 0.151864 0
0.878637 0.121363 0
0.210474 0.512929 0.276597
0.562778 0.120036 0.317186
0.0904563 0.909544 0
0.660869 0.339131 0
0 0.594969 0.405031
0 0.529686 0.470314
0.281645 0.468355 0.25
0.16822 0.463653 0.368127
0.0470481 0.611967 0.340985
0.23015 0 0.76985
0.499445 0.500555 0
0.381293 0.21682 0.401887
0.18223 0.81777 0
0.127177 0.422341 0.450482
0.0300038 0.969996 0
0.288619 0.179284 0.532097
0.472043 0.172886 0.355071
0.370593 0.629407 0
0.467067 0.532933 0
0 0.687146 0.312854
0 0.112132 0.887868
0.278591 0.0600742 0.661334
0.122501 0.553155 0.324344
0.358891 0.156658 0.48445
0.381097 0 0.618903
0 0.239984 0.760016
0.521999 0.0852776 0.392724
0.0752444 0.0782379 0.846518
0.434756 0.565244 0
0.572186 0 0.427814
0.564321 0.435679 0
0 1 0
0.0760116 0.392512 0.531476
0.212998 0.787002 0
0 0 1
