0 0 1
0.969973 0.0300269 0
0.250004 0.122274 0.627723
0.244401 0.755599 0
0.181747 0.818253 0
0.659664 0.0903358 0.25
0.564674 0.435326 0
0.0955989 0.323458 0.580943
0.660874 0.339126 0
0.340897 0.187603 0.4715
0.442753 0.307247 0.25
0.203701 0.0779054 0.718394
0.755396 0.244604 0
0.407737 0.268221 0.324043
0.308697 0.441303 0.25
0.499897 0.500103 0
0.307413 0.692587 0
0.127983 0.530088 0.341929
0.120595 0.879405 0
0.0608537 0.276267 0.662879
0.269032 0.402754 0.328214
0.112834 0 0.887166
0.575595 0.124233 0.300171
0.0817746 0.668225 0.25
0.120848 0.112913 0.766239
0.253779 0.24166 0.50456
0.151022 0.848978 0
0.212856 0.787144 0
0.0449809 0.612362 0.342657
1.43501e-20 0.529426 0.470574
0.175584 0.451727 0.372689
0.0334563 0.03078 0.935764
0.157373 0.351837 0.49079
0.413126 0 0.586874
0.298436 0.154142 0.547422
0.219519 0.369555 0.410926
0.230032 0.489512 0.280456
0.346089 0.0714449 0.582466
0.288858 0.0535544 0.657588
0.495279 0.227333 0.277388
0.191371 0.558629 0.25
0.367411 0.365642 0.266947
0.213559 0.199668 0.586774
0.242143 0 0.757857
0.169255 0.0188025 0.811943
0.0268179 0.159322 0.81386
0.0792041 0.074794 0.846002
0.432072 0.129216 0.438712
0.112791 0.426936 0.460274
0.0901627 0.909837 0
0.587376 6.52119e-17 0.412624
0.327645 0 0.672355
0.435028 0.564972 0
0.388413 0.0961267 0.51546
0.517762 0.0881524 0.394086
0.75 0 0.25
0 0.229148 0.770852
0.909739 0.0902608 0
0.37052 0.62948 0
0.724342 0.275658 0
0.278732 0.285342 0.435927
0.0600196 0.93998 0
0.687088 0 0.312912
1.8594e-20 0.685998 0.314002
0.596954 0.403046 0
0.817855 0.182145 0
0.135474 0.239035 0.625491
0.46719 0.53281 0
0.0559959 0.39842 0.545584
0.166091 0.157879 0.676029
0.692639 0.307361 0
0.321534 0.320893 0.357573
0.00378696 0.467074 0.529139
0.525282 0 0.474718
0.848845 0.151155 0
0.0839029 0.195476 0.720621
0.181722 0.283074 0.535204
0.0300546 0.969945 0
1.60688e-20 0.592834 0.407166
9.60853e-21 0.75 0.25
0.939952 0.060048 0
0.879442 0.120558 0
1.02623e-20 0.378612 0.621388
0.786843 0.213157 0
0.629012 0.370988 0
0.47058 0.173178 0.356242
0.614532 0.0421873 0.343281
0.275647 0.724353 0
0.0771418 0.500168 0.422691
0.558911 0.191089 0.25
0.53254 0.46746 0
0.462015 0.037264 0.500721
0.402825 0.597175 0
0.338794 0.661206 0
0 0.110201 0.889799
0.375674 0.225828 0.398498
6.94381e-21 0.303976 0.696024
0.118482 0.599518 0.282
5.57822e-17 1 0
1 0 0
