1 0 0
0.21608 0.383711 0.40021
0.693097 0.306903 0
0.551856 0.198144 0.25
0.582234 0 0.417766
0.454219 0.0400428 0.505738
0.159832 0.590168 0.25
0.288352 0.461648 0.25
0.433164 0.246893 0.319943
0.120224 0.113964 0.765812
0.202598 0.0790688 0.718333
0.402902 0.597098 0
0.409139 0 0.590861
0.528241 0.138711 0.333048
0.151065 0.848935 0
0.518659 0 0.481341
0.435416 0.564584 0
0.338663 0.661337 0
0.755639 0.244361 0
0.596971 0.403029 0
1.55986e-21 0.75 0.25
1.5514e-20 0.683502 0.316498
3.11929e-21 0.229497 0.770503
0.420932 0.137367 0.441702
0.18201 0.81799 0
0.940078 0.0599223 0
0.306728 0.693272 0
0.629143 0.370857 0
0.249758 0.248843 0.501399
0.294342 0.159454 0.546204
0.112729 0 0.887271
0.0949065 0.327392 0.577701
0.215494 0.517073 0.267433
0.666613 0.0833873 0.25
0.0338347 0.614332 0.351833
0.0902659 0.909734 0
0.324875 0 0.675125
0 0.30461 0.69539
0.398809 0.31817 0.283021
0.0335324 0.0307912 0.935676
0.0848654 0.665135 0.25
0.243943 0.756057 0
0.272219 0.298183 0.429598
0.0605303 0.277785 0.661685
0.342828 0.074085 0.583087
0.787023 0.212977 0
0.286812 0.054465 0.658723
0.909914 0.0900859 0
0.36706 0.240869 0.392071
0.0265212 0.159793 0.813686
0.467552 0.532448 0
0.0598935 0.940107 0
0.165169 0.160117 0.674715
0.849297 0.150703 0
0.661293 0.338707 0
0.0846209 0.522472 0.392907
0.315041 0.337741 0.347218
0.212822 0.787178 0
0.171943 0.473575 0.354482
0.362555 0.387445 0.25
0.275001 0.724999 0
0.818273 0.181727 0
1.4952e-21 0.110008 0.889992
0.0832669 0.196645 0.720088
0.59744 0.121236 0.281324
0.475889 0.274111 0.25
0.13436 0.241951 0.623689
0.119455 0.563184 0.317361
0.970062 0.0299383 0
0.259594 0.42082 0.319586
0.12141 0.437103 0.441487
0.039413 0.489655 0.470932
0.0789452 0.0751514 0.845903
0.532693 0.467307 0
0.5039 0.0869259 0.409174
0.609098 0.0432213 0.347681
0.333885 0.197765 0.46835
0.724628 0.275372 0
0 0.57158 0.42842
0.120556 0.879444 0
0.75 0 0.25
0.683134 0 0.316866
0.179227 0.289103 0.53167
0.0299872 0.970013 0
0.564916 0.435084 0
0.16813 0.019954 0.811916
0.380867 0.102954 0.516179
0.211448 0.203829 0.584724
0 0.469038 0.530962
0.0582877 0.402827 0.538885
0 0.380008 0.619992
0.500125 0.499875 0
0.45536 0.180333 0.364307
0.248183 0.124868 0.626949
0.370583 0.629417 0
0.879767 0.120233 0
0.240816 0 0.759184
0.156319 0.359956 0.483725
5.57822e-17 1 0
0 0 1
