0 0 1
0.0402953 0.453307 0.506397
0.275835 0.724165 0
0.590518 0.159482 0.25
0.307128 0.692872 0
0.0832814 0.666719 0.25
0.289405 0.178884 0.531711
0.596145 0.403855 0
0.0315709 0.0326729 0.935756
0.197549 0.0831463 0.719305
0.386144 0.363856 0.25
0.136056 0.528614 0.33533
0.460316 0.289684 0.25
0.0599251 0.940075 0
0.370928 0.629072 0
0.499679 0.500321 0
0.120583 0.597751 0.281666
0.517521 0.216264 0.266214
0.531985 0.468015 0
0.102908 0.379563 0.517529
0.437787 0.12155 0.440663
0.403082 0.596918 0
0.120509 0.879491 0
0.16012 0.294545 0.545336
0.300063 0.269967 0.42997
0.17574 0.453905 0.370355
0.939364 0.060636 0
0.086274 0.502589 0.411137
0.160465 0.164913 0.674622
2.51656e-21 0.75 0.25
0.908853 0.0911472 0
0.564167 0.435833 0
0.49014 0.0401934 0.469666
0.473859 0.172776 0.353365
0.563402 0.119824 0.316774
0.969738 0.0302618 0
0.614263 0.0345135 0.351223
0.0739266 0.342046 0.584027
0.338886 0.661114 0
0.75 0 0.25
0.786171 0.213829 0
0.522556 0.0852043 0.392239
0.203938 0.211354 0.584709
0.200596 0.334727 0.464677
0.66538 0.0846198 0.25
0.360248 0.156266 0.483486
0.341849 0.313103 0.345048
0.0430926 0.60864 0.348267
0.253407 0.363089 0.383504
8.05595e-22 0.240088 0.759912
0.316367 0.400203 0.28343
0.244532 0.755468 0
0.692111 0.307889 0
0.138262 0.418083 0.443655
1.36991e-21 0.40827 0.59173
0.723689 0.276311 0
2.88035e-17 0.518372 0.481628
0.817181 0.182819 0
0.0900934 0.909907 0
0.467585 0.532415 0
0.273535 0.476465 0.25
0.381626 0 0.618374
0.385157 0.215276 0.399567
0.0792894 0.201741 0.718969
0.84786 0.15214 0
0.248696 0.250202 0.501101
0.755153 0.244847 0
0.422353 0.259184 0.318463
0.572219 0 0.427781
0.683685 0 0.316315
0.213208 0.786792 0
0.197522 0.552478 0.25
0.628274 0.371726 0
0.878446 0.121554 0
0 0.683128 0.316872
0.114382 0.119326 0.766292
3.75502e-22 0.111909 0.888091
0.020046 0.167185 0.812769
0.182059 0.817941 0
0.0756356 0.0785238 0.845841
0.660218 0.339782 0
0.125 0.247916 0.627084
0.328342 0.0949161 0.576742
0.0543639 0.285706 0.65993
0.306286 0 0.693714
1.08663e-21 0.323843 0.676157
0.151117 0.848883 0
0.403894 0.0585934 0.537512
0.435248 0.564752 0
0.279109 0.0604076 0.660483
1.95359e-21 0.582221 0.417779
0.242667 0.134175 0.623158
0.0298124 0.970188 0
0.110762 0 0.889238
0.238484 0.438786 0.32273
0.16081 0.0259107 0.81328
0.470489 0 0.529511
0.231015 0 0.768985
1 0 0
5.55654e-17 1 0
