1 0 0
0.161771 0.296247 0.541983
0.17947 0.57053 0.25
0.388238 0.361761 0.25
0.879597 0.120403 0
0.434904 0.565096 0
0 0.309726 0.690274
0.290027 0.18013 0.529843
0.248592 0.417996 0.333412
0.818389 0.181611 0
0.280993 0.0599018 0.659105
0.151419 0.848581 0
0.162455 0.0241209 0.813425
0.00770537 0.377402 0.614892
0.684751 0 0.315249
0.663553 0.0864462 0.25
0.333034 0.314816 0.35215
0.110763 1.22971e-17 0.889237
0.692596 0.307404 0
0.787103 0.212897 0
0.275823 0.724177 0
0.0920185 0.333958 0.574024
0.0826355 0.526491 0.390873
0.247513 0.252722 0.499765
0.129421 0.243729 0.626851
0.499773 0.500227 0
0.182151 0.817849 0
0 0.75 0.25
0.076634 0.0766536 0.846712
0.556002 0.125832 0.318166
0.307986 3.41933e-17 0.692014
0.206949 0.507387 0.285664
0.330475 0.0938676 0.575657
0.370577 0.629423 0
0.244199 0.755801 0
0.205996 0.21081 0.583195
0.6611 0.3389 0
0.402698 0.597302 0
0.232501 0 0.767499
0.629269 0.370731 0
0 0.110667 0.889333
0.244866 0.133585 0.621549
0.282798 0.467202 0.25
0.212905 0.787095 0
0.0289916 0.493395 0.477614
0.0903932 0.909607 0
0.0855554 0.664444 0.25
0.30733 0.69267 0
0.0318211 0.0318589 0.93632
0.597082 0.402918 0
0.586184 0 0.413816
0.163889 0.474735 0.361376
0.610762 0.0448862 0.344352
0.0301242 0.969876 0
0.910237 0.089763 0
0.184585 0.343351 0.472064
0.46029 0.28971 0.25
0.378745 0.215936 0.405318
0.0281967 0.616362 0.355441
0.408755 0.0516702 0.539575
0.225661 0.372311 0.402028
0.467312 0.532688 0
0.0792157 0.404738 0.516046
0.338782 0.661218 0
0.970039 0.0299611 0
0.383757 0 0.616243
0.849197 0.150803 0
0.435425 0.112565 0.45201
0 0.232466 0.767534
0.940247 0.059753 0
0.3188 0.393138 0.288063
0.0813316 0.198035 0.720633
0 0.449183 0.550817
0.479473 0 0.520527
0.117419 0.116487 0.766094
0.518596 0.028343 0.453061
0.162887 0.162735 0.674378
0.291115 0.27698 0.431905
0.415996 0.262431 0.321573
0.512374 0.218196 0.26943
0.0240387 0.162158 0.813803
0.532248 0.467752 0
0.506988 0.095964 0.397048
0.059361 0.279622 0.661017
0.12071 0.87929 0
0.755816 0.244184 0
0 0.568141 0.431859
0.724418 0.275582 0
0.46496 0.176743 0.358297
0.199641 0.0818065 0.718553
0.359525 0.154279 0.486196
0.127112 0.434513 0.438376
0.0601317 0.939868 0
0.75 0 0.25
0.112711 0.583809 0.30348
0.587367 0.162633 0.25
0 0.684739 0.315261
0 1 0
0.564716 0.435284 0
0 0 1
