0.118744 0.115932 0.765324
0.0257912 0.160982 0.813227
0.213682 0.786318 0
0.0958201 0.326473 0.577707
0.117547 0.563953 0.3185
0.0833347 0.197967 0.718699
0.663941 0.0860588 0.25
0.151875 0.848125 0
0.567996 0.182004 0.25
0.244723 0.755277 0
0.209097 0.515517 0.275386
0.275794 0.724206 0
0.0848145 0.665185 0.25
0.307356 0.692644 0
0.318347 0.395642 0.286011
0.347633 0.184234 0.468133
0.299909 0.160902 0.539189
0.0832297 0.522309 0.394462
0.371101 0.628899 0
0.121131 0.878869 0
0.164957 0.161286 0.673757
0.057976 0.402025 0.539999
0.156987 0.357047 0.485965
0.969892 0.0301078 0
0.339002 0.660998 0
0.336735 0.0912058 0.572059
0.282085 0.058877 0.659038
0.475095 0.168736 0.356169
0.182857 0.287595 0.529548
0.452929 0 0.547071
0.160174 0.589826 0.25
0.0604369 0.939563 0
0.380252 0.224674 0.395074
0.0302195 0.969781 0
0 0.75 0.25
0.111112 0 0.888888
0 0.468398 0.531602
0.416498 0.263746 0.319756
0 0.571095 0.428905
0.565381 0.434619 0
0.167255 0.471143 0.361602
0.0611027 0.27779 0.661107
0.403238 0.596762 0
0.755606 0.244394 0
0.570552 0 0.429448
0.121029 0.433976 0.444995
0.163727 0.0229676 0.813305
0.214059 0.20438 0.581561
0.75 0 0.25
0.879254 0.120746 0
0.0328063 0.61467 0.352523
0.200407 0.0805324 0.71906
0.495927 0.0302413 0.473832
0.280207 0.469793 0.25
0.693018 0.306982 0
0.661193 0.338807 0
0.255868 0.246164 0.497968
0 0.683896 0.316104
0.460287 0.289713 0.25
0.532934 0.467066 0
0.467957 0.532043 0
0.939864 0.0601357 0
0.724708 0.275292 0
0.248568 0.417632 0.333799
0.629303 0.370697 0
0.0903995 0.909601 0
0.597551 0.402449 0
0.505005 0.213959 0.281036
0 0.110804 0.889196
0.437969 0.127413 0.434617
0.0387634 0.489328 0.471908
0.311607 0 0.688393
0.387549 0.362451 0.25
0.528165 0.0850908 0.386744
0 0.230449 0.769551
0.219058 0.374105 0.406838
0 0.304955 0.695045
0.136023 0.242101 0.621876
0.848833 0.151167 0
0.408076 0.0791131 0.512811
0.583959 0.115545 0.300497
0.182585 0.817415 0
0.909674 0.0903263 0
0.0321849 0.0320165 0.935799
0.330713 0.319319 0.349968
0.2828 0.287717 0.429484
0.818069 0.181931 0
0.786983 0.213017 0
0.68515 0 0.31485
0.381076 0.00652877 0.612396
0.616799 0.0302449 0.352956
0.500436 0.499564 0
0.0776542 0.076184 0.846162
0.435416 0.564584 0
0.234237 0 0.765763
0 0.379765 0.620235
5.55654e-17 1 0
0.24674 0.128426 0.624834
1 0 0
0 0 1
