1 0 0
0.289863 0.178174 0.531963
0.238552 0.437691 0.323757
0.96985 0.0301498 0
0.202524 0.33348 0.463996
0.181612 0.818388 0
0.0867123 0.502366 0.410922
0.160757 0.0260482 0.813195
0.0399108 0.453634 0.506455
0.328446 0.0946632 0.576891
4.39837e-21 0.324542 0.675458
0.254383 0.361833 0.383784
0.460448 0.289552 0.25
0.0746384 0.342884 0.582478
0.0313445 0.0329043 0.935751
0.563387 0.11985 0.316763
0.386602 0.363398 0.25
0.0200455 0.167488 0.812467
0.51761 0.216172 0.266218
0.120012 0.879988 0
0.422133 0.259159 0.318708
0.197775 0.552225 0.25
0.66563 0.0843698 0.25
0.078838 0.20218 0.718982
0.176009 0.455725 0.368266
0.120645 0.598128 0.281227
0.27281 0.47719 0.25
0.473988 0.172421 0.353591
0.136105 0.530076 0.333819
0.661103 0.338897 0
3.25515e-21 0.240188 0.759812
0.0899043 0.910096 0
1.51976e-21 0.112139 0.887861
0.160884 0.29442 0.544696
0.614117 0.0351612 0.350722
0.75576 0.24424 0
0.0755288 0.078568 0.845903
0.69295 0.30705 0
0.0830569 0.666943 0.25
0.316731 0.400774 0.282495
0.381305 0 0.618695
0.125142 0.248191 0.626667
0.159917 0.164848 0.675236
0.204138 0.211341 0.584521
0.139264 0.418071 0.442665
0.242425 0.134342 0.623233
0.104934 0.379267 0.515799
0.150545 0.849455 0
0.939746 0.0602535 0
0.278929 0.0605032 0.660568
0.786814 0.213186 0
0.38523 0.215257 0.399513
7.88226e-21 0.581608 0.418392
0.249966 0.249373 0.500661
0.197557 0.0831186 0.719324
0.817608 0.182392 0
0.0432435 0.608322 0.348434
0.36052 0.156221 0.483259
0 0.75 0.25
0.848379 0.151621 0
0.75 0 0.25
0.596899 0.403101 0
0.522748 0.0851372 0.392115
0.43776 0.121254 0.440986
0.404239 0.0578147 0.537946
0.490697 0.0396886 0.469615
0.402197 0.597803 0
0.531951 0.468049 0
0.564549 0.435451 0
0.34229 0.313562 0.344148
0.683666 0 0.316334
0.36988 0.63012 0
0.572609 0 0.427391
0.0546003 0.287019 0.65838
0.499454 0.500546 0
0.212467 0.787533 0
0.590711 0.159289 0.25
0.243284 0.756716 0
0.466863 0.533137 0
0.110468 0 0.889532
0.274353 0.725647 0
0.306121 0 0.693879
0.0598152 0.940185 0
9.25338e-21 0.682779 0.317221
0.306222 0.693778 0
0.338056 0.661944 0
0.301021 0.270483 0.428496
7.02004e-21 0.517987 0.482013
0.230757 0 0.769243
5.53631e-21 0.408508 0.591492
0.879056 0.120944 0
0.470531 0 0.529469
0.0297211 0.970279 0
0.434425 0.565575 0
0.114332 0.119686 0.765981
0.724739 0.275261 0
0.628947 0.371053 0
0.909255 0.0907453 0
1.35525e-20 1 0
0 0 1
