2.01659e-21 1.31241e-20 1
0.0602085 0.279712 0.66008
0.244158 0.755842 0
0.336291 0.193535 0.470174
0.156925 0.359414 0.483662
0.261271 0.418655 0.320074
0.0822907 0.198325 0.719385
0.453848 0.180193 0.365959
0.217111 0.382179 0.40071
0.940087 0.0599133 0
0.133623 0.24336 0.623016
0.75 0 0.25
0.245467 0.126026 0.628507
0.683437 0 0.316563
0.167595 0.0200081 0.812397
0.213212 0.786788 0
0.457101 0.036839 0.50606
0.596999 0.122833 0.280169
0.52711 0.141505 0.331385
0.286577 0.0550393 0.658383
0.0848879 0.665112 0.25
0.275441 0.724559 0
0.289943 0.460057 0.25
0 0.75 0.25
0.520264 0 0.479736
0.162788 0.161451 0.675761
0.182631 0.817369 0
0.475273 0.274727 0.25
0.0855573 0.522515 0.391928
0.273444 0.295356 0.431201
0.879641 0.120359 0
0.583069 0 0.416931
0.666319 0.0836812 0.25
0.756473 0.243527 0
0.909957 0.0900433 0
0.316082 0.335262 0.348656
0.787778 0.212222 0
0.403428 0.596572 0
0.293452 0.158163 0.548385
0.210355 0.204515 0.58513
0.340553 0.0741418 0.585305
0.398346 0.317031 0.284623
0.0328927 0.0315222 0.935585
0.201909 0.0796862 0.718404
0.120941 0.56237 0.316689
0.383024 0.0976768 0.519299
0.565478 0.434522 0
0.661693 0.338307 0
0.597744 0.402256 0
0.429855 0.247382 0.322764
0.151421 0.848579 0
0.2515 0.247495 0.501005
0.693528 0.306472 0
0.160364 0.589636 0.25
0.11887 0.115215 0.765916
0.307288 0.692712 0
0.216744 0.515975 0.267281
0 0.381844 0.618156
0.435783 0.564217 0
0.173456 0.472231 0.354312
0.550646 0.199354 0.25
0.12098 0.87902 0
0.0948485 0.328681 0.57647
0.240733 0 0.759267
0.179631 0.2889 0.531469
0.421412 0.134474 0.444114
0.468151 0.531849 0
0.533201 0.466799 0
0.629776 0.370224 0
0.849361 0.150639 0
0 0.231109 0.768891
0.0602619 0.939738 0
0.0349794 0.614183 0.350838
0.0299624 0.970038 0
0.363838 0.386162 0.25
0 0.572797 0.427203
0.0401659 0.490468 0.469366
0.339285 0.660715 0
0.0256751 0.161066 0.813259
0.818805 0.181195 0
0.725057 0.274943 0
0.324645 0 0.675355
1.85128e-17 0.110742 0.889258
0.090611 0.909389 0
0.609596 0.0442624 0.346142
0.371244 0.628756 0
0.408773 0 0.591227
0.0581411 0.404435 0.537424
0.505878 0.0877781 0.406344
0.122334 0.436692 0.440974
0.0785979 0.075775 0.845627
0 0.306465 0.693535
0.500791 0.499209 0
0.366176 0.238302 0.395522
0.970152 0.0298476 0
0 0.683817 0.316183
0.112118 0 0.887882
0 1 0
0 0.470963 0.529037
1 0 0
