1 0 0
0.248788 0.249358 0.501854
0.614079 0.0344977 0.351423
0.420365 0.25997 0.319665
0.198026 0.333613 0.468361
0.683742 0 0.316258
0.387025 0.362975 0.250001
0.203692 0.211136 0.585171
0.516729 0.21579 0.267481
0.0752679 0.079031 0.845701
0.0398844 0.454026 0.50609
0.786478 0.213522 0
0.306469 0.693531 0
0.59006 0.159939 0.250001
0.317957 0.398693 0.28335
0.274284 0.475715 0.250001
0.0199899 0.168142 0.811868
0.182158 0.817842 0
0.198157 0.551843 0.250001
0.909318 0.0906823 0
0.246509 0.433588 0.319903
0.817522 0.182478 0
0.0300078 0.969992 0
0.288934 0.178779 0.532287
0.24219 0.134316 0.623494
0.243789 0.756211 0
0.490273 0.0394924 0.470235
0.298242 0.271316 0.430442
0.359836 0.156132 0.484032
0.0737451 0.342763 0.583491
0.692922 0.307078 0
0.724318 0.275682 0
0.401669 0.598331 0
0.939612 0.0603876 0
0 0.324872 0.675128
0 0.749999 0.250001
0.437 0.12139 0.441611
0.473264 0.17207 0.354666
0.196874 0.0832371 0.719889
0.522441 0.0848452 0.392713
0.461035 0.288964 0.250001
0.337895 0.314738 0.347368
0.531994 0.468006 0
0.0838299 0.666169 0.250001
0.665442 0.0845575 0.250001
0.629151 0.370849 0
0.0423991 0.609138 0.348463
0.275031 0.724969 0
0.755563 0.244437 0
0.124601 0.247983 0.627416
0.380597 0 0.619403
0.572242 0 0.427758
0.0790731 0.202222 0.718705
0.383751 0.215909 0.40034
0.596854 0.403146 0
0.180223 0.454632 0.365146
0.110212 0 0.889788
0.661402 0.338598 0
0.969843 0.0301571 0
0.137049 0.42059 0.442361
0.151129 0.848871 0
0.159341 0.29423 0.546428
0 0.408793 0.591207
0 0.683168 0.316832
0 0.112497 0.887503
0.327869 0.0945745 0.577557
0.102704 0.380947 0.516349
0.0311615 0.0334089 0.93543
0.159995 0.165113 0.674892
0.46993 0 0.53007
0.114326 0.119744 0.76593
0.0601352 0.939865 0
0.0544339 0.286677 0.658889
0.241206 0.366503 0.39229
0.878977 0.121023 0
0.49942 0.50058 0
0.369884 0.630116 0
0.0872054 0.503484 0.40931
0.403523 0.0579287 0.538548
0.212761 0.787239 0
0.138869 0.527913 0.333218
0.434249 0.565751 0
0 0.518402 0.481598
0.0903414 0.909659 0
0.159964 0.0260391 0.813997
0.120677 0.879323 0
0.749999 0 0.250001
0.229982 0 0.770018
0.278132 0.0604527 0.661415
0.337954 0.662046 0
0.120657 0.597156 0.282187
0.46686 0.53314 0
0.5645 0.4355 0
0 0.581844 0.418156
0.305149 0 0.694851
0.563148 0.119807 0.317045
0 1 0
0.848351 0.151649 0
0 0.240897 0.759103
0 0 1
