0 1 0
0.0315427 0.0325122 0.935945
0.110305 1.22463e-17 0.889695
0.306567 0.693433 0
0.629661 0.370339 0
0.183492 0.339759 0.476748
0.848914 0.151086 0
0.318715 0.394189 0.287096
0.197801 0.082127 0.720072
0.571675 0 0.428325
0.12025 0.87975 0
0.613882 0.034311 0.351807
0.161017 0.162743 0.67624
0.909674 0.0903259 0
0.333362 0.315074 0.351564
0 0.687552 0.312448
0.380592 0 0.619408
0.940118 0.0598819 0
0.0821775 0.330904 0.586919
0.0758279 0.0775921 0.84658
0.683626 0 0.316374
0.499927 0.500073 0
0.0898358 0.910164 0
0.124832 0.424772 0.450396
0.724883 0.275117 0
0.338238 0.661762 0
0.291596 0.27525 0.433154
0.115266 0.117931 0.766803
0.358007 0.157341 0.484653
0.18145 0.81855 0
0 0.529962 0.470038
0.521762 0.0851658 0.393072
0.16153 0.58847 0.25
0.0211339 0.165234 0.813632
0.122151 0.553627 0.324222
0.402896 0.0584922 0.538612
0.489424 0.0399854 0.470591
0.280836 0.469164 0.25
0.274616 0.725384 0
0.278743 0.0604628 0.660794
0.388362 0.361638 0.25
0.244787 0.25241 0.502803
0.379954 0.217806 0.40224
0.079377 0.199553 0.72107
0.2876 0.180631 0.531769
1.2606e-20 0.595301 0.404699
0.059708 0.940292 0
0.150596 0.849404 0
2.35362e-21 0.111146 0.888854
0.461681 0.288319 0.25
0.0548989 0.284341 0.66076
0.471341 0.173045 0.355614
0.212093 0.787907 0
0 0.32052 0.67948
0.51536 0.215651 0.268989
0.226889 0.368493 0.404618
0.248502 0.418061 0.333436
0.664923 0.0850768 0.25
0.469496 5.21245e-17 0.530504
0 0.75 0.25
0.418221 0.26095 0.320829
0.0794092 0.506174 0.414417
0.589317 0.160683 0.25
0.693332 0.306668 0
0.0218721 0.466301 0.511827
0.12556 0.2432 0.631241
0.97015 0.0298503 0
0.434958 0.565042 0
0 0.237213 0.762787
0.243155 0.756845 0
0.202968 0.211368 0.585664
0.167279 0.463503 0.369218
0.230469 0 0.769531
0.59734 0.40266 0
0.156746 0.29469 0.548564
0.75 0 0.25
0.532452 0.467548 0
0.661771 0.338229 0
0.879418 0.120582 0
0.242256 0.13434 0.623404
0.0869996 0.663 0.25
0.160822 0.0249108 0.814268
0.327179 0.0954531 0.577368
0.370364 0.629636 0
0 0.404637 0.595363
0.402694 0.597306 0
0.562518 0.120057 0.317425
0.0298518 0.970148 0
0.0467377 0.612385 0.340877
0.07677 0.39276 0.53047
0.818406 0.181594 0
0.435558 0.122237 0.442205
0.756226 0.243774 0
0.305411 0 0.694589
0.787437 0.212563 0
0.20943 0.512875 0.277694
0.565066 0.434934 0
0.467329 0.532671 0
1 0 0
0 0 1
