0 0 1
0.21064 0.204782 0.584578
0.276018 0.723982 0
0.122258 0.437168 0.440574
0.463532 0.0298239 0.506644
0.786579 0.213421 0
0.0906764 0.909324 0
0.403393 0.596607 0
0.909506 0.0904941 0
0.2448 0.7552 0
0.0603579 0.939642 0
0.0786372 0.0756089 0.845754
0.435572 0.564428 0
0.43387 0.244182 0.321948
0.133826 0.243259 0.622914
0.120124 0.563107 0.31677
0.939669 0.060331 0
0.286381 0.0555636 0.658055
0.0301417 0.969858 0
0 0.683566 0.316434
0.118969 0.115002 0.766029
0.162996 0.161261 0.675744
0.0854535 0.522301 0.392246
0.338059 0.190183 0.471758
0.160155 0.589845 0.25
0.307444 0.692556 0
0.0823559 0.198313 0.719331
0.367824 0.238275 0.393902
0.391693 0.0772185 0.531088
0.817537 0.182463 0
0.525998 0.140117 0.333885
0.551012 0.198988 0.25
0.597204 0.402796 0
0.532715 0.467285 0
0.330388 0.0857662 0.583846
0.121242 0.878758 0
0.525578 0 0.474422
0.848325 0.151675 0
0.608886 0.045848 0.345266
0.504164 0.0866966 0.409139
0.0950349 0.328628 0.576337
0.173234 0.4728 0.353966
0.724582 0.275418 0
0.217383 0.382209 0.400408
0.0583904 0.403939 0.53767
0.21615 0.516723 0.267127
0.167579 0.0199273 0.812494
0.182435 0.817565 0
0.112149 0 0.887851
0.693115 0.306885 0
0.364104 0.385896 0.25
0.475689 0.274311 0.25
0.452099 0.177122 0.370779
0.419903 0.130451 0.449646
0.879105 0.120895 0
0.371277 0.628723 0
0.201387 0.0795062 0.719107
0.294047 0.160152 0.545801
0.661372 0.338628 0
0.251089 0.247737 0.501175
0.324277 0 0.675723
0.260899 0.419445 0.319656
0.240645 0 0.759355
0.500354 0.499646 0
0.274242 0.295323 0.430435
0 0.231196 0.768804
0.399424 0.316044 0.284532
0 0.75 0.25
0.629196 0.370804 0
0.157265 0.359531 0.483204
0 0.470472 0.529528
0.755783 0.244217 0
0.243732 0.126893 0.629376
0.289651 0.460349 0.25
0.316079 0.336153 0.347768
0.0603959 0.279605 0.659999
0.587161 0 0.412839
0.467884 0.532116 0
0.969855 0.030145 0
0.0350495 0.613689 0.351261
0.0401234 0.490143 0.469734
0.0849393 0.665061 0.25
0.0329317 0.0314537 0.935615
0.595927 0.122651 0.281423
0.213529 0.786471 0
0.565115 0.434885 0
0.665929 0.0840705 0.25
0 0.306521 0.693479
0 0.572267 0.427733
0.40803 0 0.59197
0.179719 0.289077 0.531203
0.0256057 0.161112 0.813282
0 0.110692 0.889308
0.75 0 0.25
0.683987 0 0.316013
0 1 0
0.151778 0.848222 0
0 0.381821 0.618179
0.339295 0.660705 0
1 0 0
