0 0 1
0.55081 0.19919 0.25
0.40942 0 0.59058
0.463287 0.031369 0.505344
0.179517 0.288585 0.531898
0.338858 0.661142 0
0.112476 0 0.887524
0.156429 0.358687 0.484884
0.172828 0.472065 0.355107
0.392016 0.0776231 0.530361
0.666215 0.083785 0.25
0.337929 0.189407 0.472664
0.273851 0.294757 0.431392
0.210647 0.204169 0.585184
0.453984 0.178464 0.367551
0.42034 0.131725 0.447936
0.0598648 0.940135 0
0.467912 0.532088 0
0.289893 0.460107 0.25
0.500411 0.499589 0
0.475373 0.274627 0.25
0.0850531 0.664947 0.25
0.848403 0.151597 0
0.879126 0.120874 0
0.307154 0.692846 0
0.724447 0.275553 0
0.0849723 0.521852 0.393176
0.609516 0.045085 0.345399
0.0334032 0.0306587 0.935938
0.260793 0.419179 0.320028
0.0825708 0.19675 0.720679
0.151238 0.848762 0
0.586563 0 0.413437
0.160469 0.589531 0.25
0.504658 0.0870585 0.408284
0.133666 0.24219 0.624144
1.83222e-20 0.683576 0.316424
0.532999 0.467001 0
0.325083 0 0.674917
0.24433 0.75567 0
0.168325 0.019186 0.812489
0.251209 0.247374 0.501417
1.53168e-20 0.571446 0.428554
0.939834 0.0601663 0
0.367202 0.237285 0.395512
0.0257739 0.159208 0.815018
0.120304 0.562337 0.31736
1.61064e-20 0.75 0.25
0.755775 0.244225 0
0.294047 0.160004 0.545949
0.241443 0 0.758557
0.909507 0.0904928 0
0.243951 0.12662 0.629429
0.629494 0.370506 0
0.275548 0.724452 0
0.403207 0.596793 0
0.526893 0.140383 0.332724
0.525112 0 0.474888
0.597209 0.402791 0
0.398183 0.317586 0.284231
0.565264 0.434736 0
0.970015 0.0299846 0
0.371031 0.628969 0
0.216683 0.381631 0.401685
0.286858 0.0554733 0.657669
0.120794 0.879206 0
1.01777e-20 0.379715 0.620285
0.0788144 0.0747925 0.846393
0.363368 0.386632 0.25
0.435377 0.564623 0
0.090118 0.909882 0
1.00726e-20 0.469036 0.530964
6.13942e-21 0.229053 0.770947
0.182236 0.817764 0
0.59657 0.122644 0.280786
0.75 0 0.25
0.0398218 0.48916 0.471018
0.330287 0.0854037 0.58431
0.119468 0.113608 0.766923
0.315177 0.335793 0.34903
0.05818 0.402569 0.539251
0 0.109551 0.890449
0.163297 0.160528 0.676175
0.68397 0 0.31603
0.216388 0.51582 0.267792
0.693345 0.306655 0
0.201634 0.0787655 0.719601
0.0945708 0.32681 0.578619
8.1494e-21 0.304042 0.695958
0.0297657 0.970234 0
0.817796 0.182204 0
0.0601101 0.277512 0.662378
0.431278 0.246434 0.322287
0.786744 0.213256 0
0.121954 0.43595 0.442095
0.661476 0.338524 0
0.213207 0.786793 0
2.47757e-20 1 0
0.0344095 0.613758 0.351832
1 0 0
