0.0120727 0.470756 0.517172
0.133915 0.231916 0.634169
0.00164303 0.481185 0.517172
0.037934 0.59329 0.368776
0.240739 0.438706 0.320555
0.330191 0.185356 0.484453
0.113231 0.109321 0.777448
0.136037 0.0664606 0.797503
0.0337762 0.0716079 0.894616
0.467438 0.0153902 0.517172
0.39903 0.142772 0.458199
0.0302782 0.4737 0.496022
0.00200862 0.067474 0.930517
0.184842 0.51517 0.299988
0.149228 0.0244523 0.82632
0.215418 0.415806 0.368776
0.133915 0.231916 0.634169
0.111382 0.371446 0.517172
0.0387345 0.676339 0.284927
0.012388 0.405574 0.582039
0.030726 0.245698 0.723576
0.27365 0.438439 0.287912
0.703253 0.296747 9.76996e-15
0.123152 0.000281476 0.876567
0.094731 0.308161 0.597108
0.901738 0.100077 0.000269078
0.256975 0.00502677 0.737999
0.114679 0.885321 0
0.000376563 0.744795 0.254828
0.748989 9.38411e-05 0.250917
0.000317637 0.228242 0.771441
0.116347 0.428101 0.455552
0.367293 0.632707 0
0.500961 0.499039 2.10942e-15
0.520125 0.227331 0.252544
0.423075 0.118726 0.458199
0.158264 0.158082 0.683654
0.208981 0.377967 0.413051
0.163157 0.519361 0.317482
1 2.22045e-16 0
0.246811 0.0948509 0.658338
0.312842 0.104103 0.583055
0.0813078 0.668608 0.250084
0.286501 0.463415 0.250084
0.0041075 0.477691 0.518202
9.1601e-08 1.12013e-07 1
0.374068 1.00385e-05 0.625922
0.0156299 0.518365 0.466006
0.333166 0.332782 0.334053
0.628485 0.371515 9.76996e-15
1.08767e-13 1 0
0.457509 0.542491 0
0.4905 1.31631e-05 0.509487
0.329672 0.670328 0
1.02232e-05 0.582034 0.417955
0.582661 0.000500193 0.416839
0.072271 0.0711718 0.856557
0.428587 0.204459 0.366955
0.231548 0.768452 0
0.173162 0.0370923 0.789746
0.768234 0.231766 0
0.665652 0.0842637 0.250084
5.29712e-06 0.376736 0.623258
0.354707 0.345407 0.299885
0.249244 0.252083 0.498673
0.294236 0.705764 0
0.439854 0.560146 0
0.82211 0.17789 2.10942e-15
0.540848 0.13485 0.324302
0.561556 0.438444 9.76996e-15
0.00207766 0.115655 0.882267
0.125914 0.102645 0.771441
0.0752204 0.92478 0
0.356298 0.205785 0.437917
0.194008 0.224658 0.581334
0.0350309 0.629314 0.335655
0.198019 0.551897 0.250084
0.0689805 0.207444 0.723576
0.617468 0.0484794 0.334053
0.160386 0.346048 0.493566
0.245047 0.424497 0.330456
0.129654 0.487345 0.383001
0.330591 0.0194778 0.649931
0.0668819 0.403835 0.529283
0.330039 0.175344 0.494617
0.495666 0.242157 0.262176
0.679993 0.000452122 0.319555
0.463699 0.0402792 0.496022
0.0289082 0.971092 6.32827e-15
0.0301764 0.038611 0.931213
0.0404541 0.323561 0.635985
0.0961933 0.246968 0.656839
0.241058 0.184765 0.574177
0.0622404 0.131954 0.805806
0.0566527 0.574571 0.368776
0.00729854 0.657046 0.335655
0.36449 0.114632 0.520879
0.562089 0.0956056 0.342306
0.425568 0.574432 0
0.692001 0.307999 0
