0.216915 0.381087 0.401997
0.122361 0.435868 0.441771
0.0852931 0.521909 0.392798
0.180848 0.288032 0.531119
0.28631 0.46369 0.25
0.756996 0.243004 0
0.244161 0.125912 0.629927
0.275215 0.291956 0.432829
0.410321 0 0.589679
0.252749 0.245108 0.502142
0.39408 0.0760398 0.52988
0.565749 0.184251 0.25
0.660924 0.0890764 0.25
0.313175 0.334845 0.35198
0.259851 0.419741 0.320409
0.150971 0.849029 0
0.879753 0.120247 0
0.134335 0.24279 0.622875
0.412925 0.251523 0.335553
0.368888 0.225677 0.405435
0.465338 0.284662 0.25
0.75 0 0.25
0.243751 0.756249 0
0.213987 0.516878 0.269135
0.502438 0.207287 0.290275
0.359314 0.390686 0.25
0.338537 0.661463 0
0.119011 0.563556 0.317434
0.0589335 0.403235 0.537832
0.597863 0.402137 0
0.0605413 0.279039 0.66042
0.16329 0.160865 0.675845
0.119319 0.114775 0.765906
0.340057 0.183335 0.476608
0.970144 0.0298557 0
0.818586 0.181414 0
0.0300631 0.969937 0
0.120214 0.879786 0
0.615155 0.0409451 0.3439
0.402791 0.597209 0
0.940072 0.0599275 0
0.565472 0.434528 0
0.294888 0.157432 0.54768
0.0401175 0.489512 0.47037
0.212565 0.787435 0
0.0331559 0.0313996 0.935444
3.80645e-17 0.683706 0.316294
0.157868 0.35798 0.484152
0.181495 0.818505 0
0.033783 0.61413 0.352087
0.211072 0.203636 0.585293
0.390779 0.321728 0.287493
0.787907 0.212093 0
0.427081 0.125166 0.447753
0.370881 0.629119 0
0.0825915 0.19787 0.719539
0.849495 0.150505 0
0.168228 0.0195799 0.812193
0.50042 0.49958 0
0 0.469825 0.530175
0.28655 0.0551633 0.658287
0.910083 0.0899169 0
0.687507 0 0.312493
0.630266 0.369734 0
0.662222 0.337778 0
0.325906 0 0.674094
0.725999 0.274001 0
0.0258277 0.160597 0.813575
1.12889e-20 0.571807 0.428193
0.112149 0 0.887851
6.04017e-21 0.305949 0.694051
2.1798e-21 0.110412 0.889588
0.241512 0 0.758488
1.48068e-20 0.75 0.25
0.201381 0.0790646 0.719555
0.515402 0.0856963 0.398902
0.332238 0.0832968 0.584465
0.0955947 0.327742 0.576663
0.533097 0.466903 0
0.306261 0.693739 0
0.435319 0.564681 0
0.172571 0.472153 0.355276
0.0845463 0.665454 0.25
0.46784 0.53216 0
0 0.381218 0.618782
0.466174 0.0301145 0.503711
0.467253 0.165725 0.367023
0.0788459 0.0755338 0.84562
0.274789 0.725211 0
0.588498 0 0.411502
0.694207 0.305793 0
0.575806 0.1195 0.304694
0.0600092 0.939991 0
0.15978 0.59022 0.25
0.0899994 0.910001 0
5.5728e-17 1 0
0.527316 0 0.472684
0 0 1
4.55543e-21 0.230743 0.769257
1 0 0
