1 0 0
0.878713 0.121287 0
0.286001 0.055401 0.658598
0.786348 0.213652 0
0.500185 0.499815 0
0.260048 0.419228 0.320723
0.41758 0.249314 0.333105
0.119847 0.562719 0.317434
0.339596 0.660404 0
0.69274 0.30726 0
0.287726 0.462274 0.25
0.178978 0.287927 0.533095
0.909212 0.0907877 0
0.597054 0.402946 0
0.337588 0.185423 0.476989
0.467744 0.532256 0
0.209907 0.203711 0.586382
0.182483 0.817517 0
0.0399245 0.489292 0.470783
0.463819 0.168372 0.36781
0.217038 0.38091 0.402052
0.594604 0 0.405396
0.969768 0.0302323 0
0 0.109859 0.890141
0.628853 0.371147 0
0.468255 0.281745 0.25
0.407713 0 0.592287
0.611536 0.0471489 0.341315
0.505648 0.0801993 0.414153
0.250348 0.246165 0.503486
0.12107 0.87893 0
0.435476 0.564524 0
0.403384 0.596616 0
0.24312 0.126026 0.630854
0.588771 0.161229 0.25
0.0255124 0.160018 0.814469
0.392266 0.075991 0.531743
0.323952 0 0.676048
0 0.380485 0.619515
0.81745 0.18255 0
0.513131 0.210338 0.276531
0.0302219 0.969778 0
0.75 0 0.25
0.553581 0.122419 0.323999
0.371356 0.628644 0
0.244807 0.755193 0
0.755149 0.244851 0
0.0582875 0.402684 0.539028
0.663401 0.0865991 0.25
0.213709 0.786291 0
0.314052 0.334214 0.351734
0.17271 0.471748 0.355542
0.465093 0.0258497 0.509057
0.529276 0 0.470724
0.724223 0.275777 0
6.16663e-22 0.75 0.25
0.660952 0.339048 0
0.392784 0.319759 0.287458
0.564944 0.435056 0
0.0820424 0.197105 0.720853
0.0785988 0.0751922 0.846209
0.0853063 0.521657 0.393037
0.307844 0.692156 0
0.293199 0.158404 0.548397
0.0849102 0.66509 0.25
0.151909 0.848091 0
0.274059 0.292514 0.433427
0.162469 0.160431 0.677099
0.24034 0 0.75966
0.276091 0.723909 0
0.686964 0 0.313036
0.360511 0.389489 0.25
0.848274 0.151726 0
0.20052 0.0787397 0.72074
0.157059 0.358179 0.484762
0.0948389 0.327446 0.577715
0.939556 0.0604442 0
0.215113 0.516191 0.268696
0 0.571543 0.428457
0.0604406 0.939559 0
0.0906411 0.909359 0
0.034216 0.613821 0.351963
0.42243 0.12713 0.450441
0.330564 0.084301 0.585135
0 0.305032 0.694968
0.160026 0.589974 0.25
5.61957e-22 0.683465 0.316535
0.0600809 0.278342 0.661577
0 0.229917 0.770083
0 0.469284 0.530716
5.55654e-17 1 0
0.112036 0 0.887964
4.02723e-17 1.54557e-17 1
0.167394 0.0196655 0.812941
0.532586 0.467414 0
0.367679 0.228035 0.404286
0.0332097 0.0310535 0.935737
0.118619 0.114124 0.767257
0.133378 0.242318 0.624304
0.122113 0.435716 0.44217
