0.766254 0.233746 1.56541e-14
0.000803783 0.504787 0.494409
0.0006582 0.144181 0.855161
0.151683 0.327503 0.520814
0.4788 0.271165 0.250035
0.0367789 0.109923 0.853298
0.122541 0.619539 0.25792
0.21357 0.78643 2.63123e-14
0.118563 0.336368 0.545069
0.553881 0.148702 0.297417
0.0971206 0.0163574 0.886522
0.0532039 0.464511 0.482285
0.00371348 0.185775 0.810512
0.641545 0.0599906 0.298464
0.118834 0.0423597 0.838806
0.636863 0.00477819 0.358359
0.0632344 0.602612 0.334153
0.020972 0.0860043 0.893024
0.871857 0.128143 1.22125e-15
0.064123 0.343295 0.592582
0.69887 0.30113 4.07452e-14
0.0312368 0.237841 0.730922
0.096637 0.310781 0.592582
0.289948 0.0744755 0.635577
0.317442 0.0980065 0.584551
0.564705 0.435295 3.55271e-15
0.524588 0.16002 0.315392
0.0794155 0.443338 0.477247
7.40131e-05 0.747733 0.252193
0.877433 0.122567 7.66054e-15
0.742114 0.00130784 0.256578
0.227656 5.18325e-08 0.772344
0.287801 0.288614 0.423585
0.43465 0.112666 0.452684
0.683009 0.316991 2.22045e-16
0.000130001 0.227436 0.772434
0.369971 0.630029 1.90958e-14
0.529777 0.0680534 0.40217
0.468534 0.28145 0.250017
0.310568 0.689432 2.63123e-14
0.15785 0.158017 0.684133
0.664582 0.0854014 0.250017
0.999998 1.65069e-06 1.31006e-14
0.12328 0.534539 0.342181
0.499437 0.500563 2.63123e-14
2.94172e-05 0.374596 0.625374
0.376463 1.68064e-07 0.623537
0.584149 0.111482 0.304369
0.766254 0.233746 1.56541e-14
3.9872e-12 1 1.11022e-16
0.200542 0.799458 2.63123e-14
0.114469 0.885531 1.22125e-15
0.0812648 0.6687 0.250035
0.211578 0.520161 0.268261
4.72332e-22 2.66327e-20 1
0.250121 0.249079 0.5008
0.334144 0.333699 0.332157
1.82434e-05 0.583509 0.416473
0.582439 2.50047e-07 0.41756
0.343435 0.182145 0.474419
0.234878 0.765122 0
0.202209 0.46554 0.332251
0.0730237 0.0743805 0.852596
0.114392 0.00137592 0.884232
0.938435 0.0615654 7.66054e-15
0.000515685 0.112962 0.886522
0.458211 0.0536994 0.48809
3.83768e-05 0.488688 0.511274
0.148046 0.342051 0.509903
0.443708 0.2208 0.335492
0.424921 0.325044 0.250035
0.0669416 0.933058 2.22045e-16
0.277289 0.0494652 0.673246
0.0464841 0.274995 0.678521
0.624853 0.0409931 0.334153
0.208281 0.215934 0.575785
0.481007 0.18699 0.332003
0.118474 0.119629 0.761898
0.166284 0.583681 0.250035
0.562259 0.187724 0.250017
0.0427713 0.623245 0.333983
0.387006 0.612994 4.10783e-15
0.73504 0.26496 2.22045e-16
0.511507 0.112015 0.376478
0.0852682 0.192981 0.721751
0.1636 0.0343642 0.802035
0.261958 0.738042 7.66054e-15
0.138436 0.213176 0.648388
0.800614 0.219018 0.00336028
0.0761808 0.37875 0.545069
0.675929 0.00867847 0.315392
0.00036454 0.164197 0.835439
0.0195165 0.0115256 0.968958
0.90845 0.09155 7.66054e-15
0.175194 0.272074 0.552731
0.340004 0.659996 4.44089e-16
0.171287 0.514706 0.314008
0.0142463 0.50931 0.476444
0.127945 0.588511 0.283544
0.356034 0.311963 0.332003
