0 0 1
0.2799 0.413974 0.306126
0.177263 0.29659 0.526147
0.849455 0.150545 0
0 0.532148 0.467852
0 0.75 0.25
0.320642 0.332459 0.346899
0.485475 0.0275584 0.486967
0.531846 0.468154 0
0.398798 0.0792133 0.521988
0.0320536 0.0322373 0.935709
0.336969 0.663031 0
0.309023 0 0.690977
0.00789879 0.473372 0.518729
0.323406 0.105643 0.570952
0.66174 0.33826 0
0.16233 0.0254471 0.812223
0.597329 0.402671 0
0.36779 0.0158502 0.61636
0.115979 0.119402 0.764618
0.285494 0.187788 0.526718
0.788259 0.211741 0
0.0299831 0.970017 0
0.566 0.184 0.25
0.879931 0.120069 0
0.0233931 0.16407 0.812537
0.220749 0.383006 0.396245
0.273712 0.726288 0
0 0.387167 0.612833
0.041122 0.616959 0.341919
0.757093 0.242907 0
0.601987 0.106495 0.291518
0.368477 0.232112 0.399411
0.353362 0.169993 0.476645
0.564738 0.435262 0
0.0842662 0.51949 0.396244
0.75 0 0.25
0.0592923 0.283635 0.657073
0 0.688671 0.311329
0.629777 0.370223 0
0.161474 0.166366 0.67216
0.363705 0.386295 0.25
0.249188 0.260493 0.490319
0.818755 0.181245 0
0.206653 0.214582 0.578764
0.940178 0.059822 0
0.0885156 0.661484 0.25
0.433776 0.566224 0
0.97017 0.0298301 0
0.182669 0.567331 0.25
0.24243 0.75757 0
0 0.310637 0.689363
0.439633 0.310367 0.25
0.560859 0 0.439141
0.72539 0.27461 0
0.431934 0.128364 0.439702
0.276567 0.0637111 0.659722
0.0812823 0.202037 0.716681
0.40132 0.59868 0
0.149611 0.850389 0
0.211423 0.788577 0
0 0.591833 0.408167
0.107988 0.440994 0.451019
0.910155 0.0898453 0
0.180234 0.819766 0
0.27124 0.47876 0.25
0.23275 0 0.76725
0.111249 0 0.888751
0.0767246 0.0775611 0.845714
0.167139 0.465009 0.367852
0.369108 0.630892 0
0.131674 0.248178 0.620148
0.279671 0.293825 0.426503
0.119096 0.576315 0.304589
0.305066 0.694934 0
0.693779 0.306221 0
0.202291 0.498509 0.299201
0.241295 0.137725 0.620979
0 0.234438 0.765562
0.440179 0 0.559821
0.532903 0.136183 0.330914
0.45457 0.186161 0.359269
0.494425 0.235019 0.270556
0.0597229 0.940277 0
0.402005 0.278571 0.319424
0.681515 0 0.318485
0.11951 0.88049 0
0.197157 0.0842448 0.718598
0.0566086 0.406359 0.537032
0.466428 0.533572 0
0.155487 0.365764 0.478749
0.499095 0.500905 0
0.0895214 0.910479 0
0.0933793 0.332316 0.574305
0.513048 0.0841024 0.40285
2.92455e-21 0.111377 0.888623
0.66905 0.0809502 0.25
0.61121 0.0254887 0.363301
1 0 0
0 1 0
