0.287863 0.462137 0.25
0.180754 0.288719 0.530527
0.111807 0 0.888193
0 0 1
0.464145 0.167955 0.3679
0.724485 0.275515 0
0.513604 0.209797 0.276599
0.564818 0.435182 0
0.879574 0.120426 0
0.407227 0 0.592773
0.361122 0.388878 0.25
0.160324 0.589676 0.25
0.909874 0.0901265 0
0.469261 0.280739 0.25
0.260532 0.418987 0.320481
0.305899 0.694101 0
0.59726 0.40274 0
0.629348 0.370652 0
0.663445 0.0865552 0.25
0.200674 0.0793626 0.719964
0.285256 0.0550994 0.659645
0.81811 0.18189 0
0.465929 0.0245936 0.509477
0.243952 0.126201 0.629847
0.848604 0.151396 0
0.120208 0.562585 0.317207
0.0297803 0.97022 0
0.75 0 0.25
0.2118 0.7882 0
0 0.75 0.25
0.0322401 0.0319948 0.935765
0.755771 0.244229 0
0.166482 0.0207787 0.812739
0.467387 0.532613 0
0.338627 0.18497 0.476403
0.314741 0.334349 0.35091
0.157605 0.358694 0.483701
0.331277 0.0832718 0.585451
0.0596738 0.940326 0
0.294791 0.157975 0.547234
0.0852617 0.52191 0.392828
0.402206 0.597794 0
0.532517 0.467483 0
0.595182 0 0.404818
0.32341 0 0.67659
0.499975 0.500025 0
0.119971 0.880029 0
0.134454 0.243341 0.622205
0.393025 0.0757384 0.531236
0.122374 0.436226 0.4414
0.418255 0.248839 0.332906
0.36826 0.227623 0.404117
0.661517 0.338483 0
0.0827659 0.198465 0.718769
0.275036 0.292788 0.432176
0.118902 0.115515 0.765583
0.423191 0.126129 0.450681
0.0896406 0.910359 0
0.393351 0.319459 0.28719
0.0953782 0.328145 0.576476
0.0848917 0.665108 0.25
0.215368 0.515956 0.268676
0.589122 0.160878 0.25
0.0257835 0.161491 0.812725
0.0782039 0.0759933 0.845803
0.180951 0.819049 0
0.337959 0.662041 0
0.940037 0.0599632 0
0.150379 0.849621 0
0.506017 0.0799499 0.414033
0 0.381632 0.618368
0.163392 0.161442 0.675167
0.612131 0.0470654 0.340803
0 0.306563 0.693437
0.369849 0.630151 0
0.040154 0.489623 0.470223
0.43479 0.56521 0
0.553843 0.122305 0.323852
0.970046 0.0299542 0
0.252292 0.245989 0.501719
0 0.571952 0.428048
0.242799 0.757201 0
0.693214 0.306786 0
0 0.231472 0.768528
0.060634 0.279453 0.659913
0.21727 0.380988 0.401742
0.0588221 0.403484 0.537694
0.211284 0.204047 0.584669
0 0.470027 0.529973
0.239221 0 0.760779
0.0348507 0.613744 0.351405
0.172964 0.471811 0.355225
0 0.683565 0.316435
0.687316 0 0.312684
0 0.111343 0.888657
0 1 0
0.273915 0.726085 0
0.786989 0.213011 0
1 0 0
0.52999 0 0.47001
