0.200031 0.0811681 0.718801
0 0 1
3.00861e-21 0.231116 0.768884
0.0577594 0.404093 0.538148
0.724399 0.275601 0
0.269195 0.30365 0.427156
0.471985 0.278015 0.25
0.0335919 0.614772 0.351636
0.909633 0.0903672 0
0.18144 0.81856 0
0.31155 0.345389 0.343061
0.232862 0 0.767138
0.786705 0.213295 0
0.364943 0.385057 0.25
0.247988 0.129071 0.622941
0.135696 0.243443 0.620861
0 0.470029 0.529971
0.0321956 0.0320957 0.935709
0.258253 0.424084 0.317663
0.162652 0.024222 0.813126
0.281689 0.0582739 0.660037
0.693007 0.306993 0
0.402792 0.597208 0
0.150812 0.849188 0
0.0254632 0.161404 0.813133
0.596941 0.403059 0
0.0608435 0.278825 0.660332
0.486291 0 0.513709
0 0.110874 0.889126
0.0391508 0.490499 0.47035
0.0300126 0.969987 0
0.0842544 0.665746 0.25
0.399386 0.3119 0.288714
0.213869 0.206273 0.579859
0.299711 0.164016 0.536273
0.0900096 0.90999 0
0.0772511 0.0766757 0.846073
0 0.75 0.25
0.817481 0.182519 0
0.546499 0.203501 0.25
0.435323 0.564677 0
0.171512 0.475437 0.353051
0.75 0 0.25
0.499482 0.0519816 0.448536
0.118419 0.116966 0.764615
0.446134 0.143418 0.410448
0.309019 0 0.690981
0.879066 0.120934 0
0 0.683819 0.316181
0.340858 0.202994 0.456147
0.663722 0.0862782 0.25
0 0.305978 0.694022
0.119027 0.564026 0.316947
0.3705 0.6295 0
0.755694 0.244306 0
0.289758 0.460242 0.25
0.686879 0 0.313121
0.252405 0.250902 0.496693
0.243609 0.756391 0
0.939803 0.0601969 0
0.18061 0.291094 0.528296
0.212322 0.787678 0
0.338811 0.0843131 0.576875
0.120429 0.879571 0
0.629041 0.370959 0
0.165455 0.16211 0.672434
0.385298 0 0.614702
0.848345 0.151655 0
0.393546 0.116726 0.489728
0.467779 0.532221 0
0.357632 0.259067 0.383301
0.423972 0.0387916 0.537236
0.500234 0.499766 0
0.21404 0.387265 0.398695
0.501848 0.176622 0.32153
0.338388 0.661612 0
0.619495 0.0378076 0.342697
0.215958 0.518758 0.265284
0.0599717 0.940028 0
0.120766 0.438535 0.440698
0.591186 0.129609 0.279205
0.155502 0.361918 0.48258
0.084347 0.523286 0.392367
0.97007 0.0299298 0
0.56489 0.43511 0
0.306511 0.693489 0
0.538056 0.0938274 0.368116
0.661162 0.338838 0
0.095196 0.328589 0.576215
0.580829 0 0.419171
0.426873 0.224761 0.348366
0.158542 0.591458 0.25
0.110981 1.23213e-17 0.889019
0.27508 0.72492 0
0 0.381031 0.618969
0.532671 0.467329 0
0 0.572091 0.427909
0 1 0
0.0833491 0.198392 0.718259
1 0 0
