1 0 0
0.464201 0.285799 0.25
0 0.572293 0.427707
0.0845546 0.665445 0.25
0.258563 0.420495 0.320942
0.414038 0.252475 0.333486
0.179358 0.287997 0.532645
0.427724 0.130142 0.442134
0.31199 0.33581 0.3522
0.389904 0.322849 0.287247
0.120822 0.436547 0.442632
0.248204 0.123825 0.62797
0.335355 0.191452 0.473193
0.630221 0.369779 0
0.576202 0.118512 0.305286
0.243661 0.756339 0
0.66121 0.0887898 0.25
0.435376 0.564624 0
0.275265 0.724735 0
0.0790716 0.0750168 0.845912
0.725532 0.274468 0
0.181258 0.818742 0
0.120214 0.114096 0.76569
0.458004 0.0385664 0.50343
0.384194 0.0993995 0.516407
0.134202 0.241652 0.624146
0.212313 0.787687 0
0.521023 0 0.478977
0.940293 0.0597071 0
0.0846416 0.522397 0.392962
0.159421 0.590579 0.25
0.662577 0.337423 0
0.879643 0.120357 0
0.970093 0.0299072 0
0.0390987 0.490555 0.470346
0.614975 0.0385991 0.346426
0.503427 0.208747 0.287826
7.5788e-21 0.75 0.25
0.285617 0.464383 0.25
0.165108 0.15971 0.675182
0.756518 0.243482 0
0.4687 0.166867 0.364432
0.693923 0.306077 0
8.48319e-17 0.304962 0.695038
0.0831805 0.196802 0.720017
0.094728 0.327356 0.577917
0.818707 0.181293 0
0.034184 0.614427 0.351389
0.150469 0.849531 0
0 0.380427 0.619573
0.213719 0.516982 0.269298
0.402928 0.597072 0
0.75 0 0.25
0.597888 0.402112 0
0.0263778 0.159627 0.813996
0.787499 0.212501 0
0.343673 0.0727973 0.58353
0.272553 0.294504 0.432944
0 0.11003 0.88997
0.156566 0.358522 0.484911
0.325719 0 0.674281
0.306936 0.693064 0
0.909956 0.0900438 0
0.0599053 0.940095 0
0.0578966 0.403009 0.539094
0.089809 0.910191 0
0.338748 0.661252 0
0.295085 0.156541 0.548374
0.584139 0 0.415861
0.370613 0.629387 0
0.250375 0.246195 0.50343
0.515367 0.0858693 0.398763
0.532971 0.467029 0
0.849407 0.150593 0
0.11909 0.563528 0.317381
0 0.46971 0.53029
0.686759 0 0.313241
0.112704 0 0.887296
0.033549 0.0308891 0.935562
0.0298014 0.970199 0
0.566579 0.183421 0.25
0.367985 0.229212 0.402803
0.171425 0.472704 0.355871
0.4678 0.5322 0
0.410258 0 0.589742
0.56558 0.43442 0
0 0.229538 0.770462
0.168385 0.0196131 0.812002
0.500472 0.499528 0
0.358281 0.391719 0.25
0.120126 0.879874 0
0 0.684018 0.315982
0.202641 0.0785863 0.718772
0.2154 0.382345 0.402255
0.211378 0.202625 0.585997
9.34672e-17 7.37709e-17 1
0.0603536 0.277941 0.661706
0.287056 0.0541842 0.65876
0 1 0
0.241374 0 0.758626
