0.392263 0.282741 0.324995
0.684409 0.044531 0.27106
0.483738 0.0225633 0.493699
0.0554192 0.089113 0.855468
0.107164 0.526597 0.366239
0.0321868 0.494244 0.473569
0.292099 0.00599774 0.701903
0.320143 0.286936 0.392921
0.0992505 0.0303397 0.87041
0.108904 0.372566 0.51853
1.3457e-11 0.704307 0.295693
0.0404877 0.146816 0.812697
0.442397 0.0639356 0.493667
0.425551 0.118718 0.455731
0.146498 0.496777 0.356725
0.338336 0.195888 0.465775
0.365741 0.0983535 0.535906
0.265688 6.55814e-05 0.734247
0.121712 0.572153 0.306135
0.0217575 0.497417 0.480826
0.283786 0.327438 0.388776
0.0464796 0.64975 0.30377
0.263878 0.0510074 0.685115
0.299862 0.292828 0.40731
0.387335 0.350634 0.262031
0.0315933 0.471003 0.497403
0.6837 0.0153437 0.300956
0.226115 5.58134e-05 0.773829
0.487862 0.512138 0
1.40627e-11 0.736007 0.263993
0.801533 0.198467 0
0.0999905 0.514404 0.385606
0.634972 0.365028 1.22125e-15
0.157602 0.157283 0.685115
0.235094 0.764906 0
0.0149383 0.0439912 0.94107
0.465483 0.166822 0.367694
1.99224e-11 1 0
0.108891 0.307908 0.583201
0.370491 0.629509 0
0.499997 0.500003 0
0.317372 0.171636 0.510992
0.333208 0.333344 0.333448
0.443936 0.0918904 0.464174
0.839686 0.160314 1.22125e-15
0.51456 0.221447 0.263993
0.66757 0.0816132 0.250816
4.92716e-05 0.238593 0.761357
1 1.87872e-12 0
8.18946e-12 0.583498 0.416502
0.937848 0.0621524 1.22125e-15
0 0 1
0.410076 0.103207 0.486716
0.583501 5.39695e-13 0.416499
0.172697 0.351269 0.476034
0.274204 0.474646 0.25115
0.455545 0.246361 0.298093
0.766016 0.233984 1.22125e-15
0.627101 0.372899 0
0.110323 0.889677 1.11022e-16
0.0672301 0.0761822 0.856588
0.000910972 0.379549 0.61954
0.376184 1.38242e-13 0.623816
0.0968534 0.624584 0.278563
0.712806 0.287194 0
0.17862 0.82138 0
0.473733 0.0135852 0.512682
0.191292 0.465225 0.343482
0.18315 0.19731 0.61954
0.0101198 0.155395 0.834485
0.127641 0.00048068 0.871878
0.56566 0.11577 0.31857
0.0680271 0.931973 1.22125e-15
0.158098 0.541511 0.300392
0.526883 0.473117 0
0.30198 0.114803 0.583217
0.364623 0.200335 0.435043
0.0773847 0.267512 0.655103
0.709013 0.0401708 0.250816
0.237698 0.405577 0.356725
0.0158998 0.681586 0.302514
0.97333 0.0266703 1.22125e-15
0.0907312 0.0970133 0.812255
0.11918 0.432166 0.448654
0.0659511 0.188598 0.745451
0.392263 0.282741 0.324995
8.95446e-12 0.449467 0.550533
0.383464 0.616603 9.43551e-06
0.382106 0.0566244 0.561269
0.00988089 0.317145 0.672974
0.533228 0.163001 0.30377
0.204857 0.0930502 0.702093
0.091159 0.372935 0.535906
0.328798 0.00523904 0.665963
0.527123 4.8755e-13 0.472877
0.638221 0.0672227 0.294557
9.08879e-05 0.124296 0.875613
0.218412 0.374412 0.407176
0.144335 0.0249072 0.830758
0.0766011 0.00244132 0.920958
