0.33376 0.202109 0.464131
0.290197 0.459803 0.25
0.417992 0.13841 0.443598
0.756158 0.243842 0
0.215911 0.385082 0.399007
0.408914 0 0.591086
0.172578 0.474301 0.353121
0.259507 0.422135 0.318358
0.909717 0.0902829 0
0.75 0 0.25
0.213476 0.786524 0
0.286272 0.0545435 0.659184
0.43562 0.56438 0
0.270677 0.30093 0.428393
0.121092 0.878908 0
0.122026 0.437763 0.440211
0.0399615 0.490493 0.469545
0.477666 0.272334 0.25
0.182655 0.817345 0
0.0831441 0.197761 0.719095
0.275976 0.724024 0
0.725097 0.274903 0
0.0331353 0.0313404 0.935524
2.67962e-22 0.110628 0.889372
0.294926 0.160098 0.544976
0.249643 0.249852 0.500505
0.661854 0.338146 0
0.364314 0.385686 0.25
0.0908524 0.909148 0
0.879506 0.120494 0
0.682791 0 0.317209
0.119983 0.563329 0.316687
0.970008 0.0299922 0
0.455535 0.175 0.369464
0.629702 0.370298 0
0.165278 0.160423 0.674298
0.167732 0.020304 0.811964
0.314102 0.341735 0.344164
0.201963 0.0792003 0.718837
0.379602 0.103487 0.516911
0.666774 0.0832264 0.25
0 0.572503 0.427497
0.401534 0.315149 0.283317
0.178761 0.289722 0.531517
0.608668 0.0435074 0.347825
0.134175 0.242664 0.623161
0.342225 0.0741324 0.583643
0 0.683677 0.316323
0.597997 0.120941 0.281063
0.363631 0.253038 0.383331
0.0584633 0.404219 0.537318
0.51879 5.75972e-17 0.48121
0.216688 0.517644 0.265667
0.43922 0.237186 0.323594
0.159009 0.590991 0.25
0.0348104 0.614252 0.350938
0.112425 0 0.887575
0.156849 0.360336 0.482814
0.0258878 0.160913 0.813199
0.0605467 0.939453 0
0.59768 0.40232 0
0.0787611 0.0755127 0.845726
0.307431 0.692569 0
0.0604846 0.279175 0.660341
0.939976 0.0600238 0
0.339235 0.660765 0
0.787476 0.212524 0
0.119548 0.11483 0.765622
0.32473 0 0.67527
0.211528 0.204176 0.584296
0.849054 0.150946 0
0 0.470657 0.529343
0.240515 0 0.759485
7.70705e-17 8.99886e-17 1
0.52991 0.134918 0.335172
0.56568 0.43432 0
0.502701 0.0863826 0.410917
0.693515 0.306485 0
5.59567e-22 0.231018 0.768982
0.0947892 0.328649 0.576562
0.500662 0.499338 0
0.552828 0.197172 0.25
0.403283 0.596717 0
0.533202 0.466798 0
0 0.75 0.25
0.248251 0.125162 0.626587
0.0303232 0.969677 0
0.468062 0.531938 0
0.371221 0.628779 0
0.582247 0 0.417753
0.151707 0.848293 0
0.453784 0.0402796 0.505936
0.818406 0.181594 0
0.244588 0.755412 0
0.0850467 0.523022 0.391932
5.5999e-17 1 0
0.0842659 0.665734 0.25
1.71283e-21 0.306405 0.693595
9.24401e-22 0.38164 0.61836
1 0 0
