0.0311146 0.0064211 0.962464
0.108639 0.458936 0.432425
0.0861651 0.0863665 0.827468
0.552292 0.109639 0.33807
0.0665589 0.443833 0.489608
0.345238 0.682915 0.00328641
0.16994 0.0784424 0.751617
0.221251 0.778749 3.15503e-12
0.245583 0.043325 0.711092
0.290654 0.0797314 0.629614
0.363247 0.0345442 0.602209
0.0381618 0.607782 0.354056
0.199732 0.230714 0.569554
0.381722 0.101859 0.516418
0.227576 0.471783 0.300641
0.123959 0.597327 0.278714
0.0101097 0.98989 3.60711e-13
0.0531704 0.166242 0.780588
0.0676765 0.00357391 0.92875
0.309288 0.0375867 0.653125
0.401612 0.136761 0.461627
0.88566 0.11434 2.72904e-12
0.936863 0.0631374 1.80544e-12
0.162261 0.587687 0.250052
0.2277 0.403889 0.368411
0.302299 0.134458 0.563243
0.335497 0.356189 0.308314
0.113085 0.316971 0.569944
0.51394 0.0536351 0.432425
0.507535 0.168955 0.323511
0.010896 0.704873 0.284231
0.481725 0.000518429 0.517756
0.0263021 0.475048 0.49865
0.0969944 0.459913 0.443092
0.0602237 0.267338 0.672438
0.727505 0.000201283 0.272293
8.88978e-17 8.14846e-17 1
0.622126 0.377874 1.9118e-13
0.417758 0.111475 0.470767
0.729024 0.270976 4.6374e-13
0.87095 0.12905 1.80544e-12
0.224724 5.1779e-08 0.775276
0.219344 0.506573 0.274083
0.463317 0.286399 0.250283
6.40319e-06 0.999994 1.04483e-12
0.500402 0.499598 2.72904e-12
0.58271 7.60623e-06 0.417282
4.13822e-05 0.226871 0.773088
0.352837 0.669099 0.00292598
1 1.32006e-08 1.81632e-13
0.33339 0.333445 0.333165
0.15761 0.157203 0.685188
0.247742 0.251613 0.500645
0.463796 0.538321 0.000285122
0.245592 0.504356 0.250052
1.85387e-06 0.583597 0.416401
0.0850352 0.664808 0.250157
0.118037 0.881963 3.90388e-12
0.228013 0.771987 3.15503e-12
0.746582 0.253418 2.94542e-12
0.375436 1.86095e-07 0.624564
6.20177e-07 0.376136 0.623864
0.663796 0.0861512 0.250052
0.201462 0.0470256 0.751512
0.0730537 0.0732244 0.853722
0.810753 0.189247 3.15503e-12
0.000956728 0.112102 0.886941
0.276698 0.0670365 0.656265
0.113056 2.99528e-06 0.886941
0.0583919 0.941608 6.81677e-14
0.327468 0.253301 0.419231
0.272781 0.729006 0.0001852
0.581065 0.134705 0.284231
0.203153 0.360347 0.436501
0.109477 0.109935 0.780588
0.17456 0.834001 0.00103329
0.564882 0.0869545 0.348164
0.202938 0.209615 0.587446
0.254656 0.485488 0.259857
0.0873109 0.581214 0.331475
2.69685e-05 0.14785 0.852123
0.599295 0.400705 1.9118e-13
0.0254953 0.648933 0.325572
0.62667 0.0330936 0.340236
0.493681 0.087088 0.419231
0.328921 0.193627 0.477452
0.0550593 0.428522 0.516418
0.0678866 0.524332 0.407781
0.150649 0.0315664 0.817784
0.0366723 0.707361 0.255967
0.0640701 0.198866 0.737064
0.183643 0.490785 0.325572
0.351312 0.0917241 0.556964
0.0149674 0.0500979 0.934935
0.436708 4.95563e-05 0.563243
0.262131 0.000327779 0.737541
4.85275e-06 0.262454 0.737541
0.954922 0.0450781 1.57807e-12
0.674428 8.90287e-09 0.325572
0.181527 0.124447 0.694026
