0.0315125 0.0322994 0.936188
0 0 1
0.0757672 0.0776731 0.84656
0.371133 0.628867 0
0.0748321 0.393381 0.531786
0.339044 0.660956 0
0.291783 0.27566 0.432557
0.723747 0.276253 0
0.209412 0.513135 0.277453
0.403204 0.596796 0
0.33341 0.314997 0.351594
0.0466296 0.612466 0.340905
0.562182 0.120561 0.317257
0.126254 0.244326 0.62942
0.226661 0.369406 0.403933
0.381017 0 0.618983
0.161168 0.0253969 0.813435
0.817444 0.182556 0
0.0602893 0.939711 0
0.969778 0.0302218 0
0.0208794 0.165813 0.813308
0.692244 0.307756 0
0.182961 0.817039 0
0 0.595511 0.404489
0.357869 0.158138 0.483993
0.388024 0.361976 0.25
0.245005 0.754995 0
0.115377 0.118258 0.766365
2.97567e-21 0.111267 0.888733
0.248785 0.418043 0.333173
0.124717 0.424191 0.451092
0.327608 0.0955555 0.576837
0.878612 0.121388 0
0.151861 0.848139 0
0.213957 0.786043 0
0.183724 0.339796 0.47648
0.515259 0.216456 0.268285
0 0.530065 0.469935
0.287718 0.180951 0.531331
0.613701 0.0347059 0.351594
6.37167e-21 0.238251 0.761749
0.471537 0.173364 0.355099
8.59272e-21 0.321301 0.678699
0.0867467 0.663253 0.25
0.319 0.393735 0.287265
0.755059 0.244941 0
0.0817145 0.331654 0.586632
0.532093 0.467907 0
0.467162 0.532838 0
0.664944 0.0850559 0.25
0.167429 0.464335 0.368236
0.20335 0.211705 0.584944
0.469536 0 0.530464
0.156089 0.296149 0.547763
0.380171 0.218028 0.401801
1.08181e-20 0.404515 0.595485
0.305812 0 0.694188
0.307397 0.692603 0
0.0906215 0.909378 0
0.78646 0.21354 0
0.848099 0.151901 0
0.0551098 0.283863 0.661027
0.909227 0.090773 0
0.276141 0.723859 0
0.279002 0.0606017 0.660396
0.161096 0.588904 0.25
0.683371 0 0.316629
0.198046 0.0826927 0.719261
0.403171 0.0585658 0.538263
0.596559 0.403441 0
0.52166 0.0856089 0.392731
0.121086 0.878914 0
0.242528 0.1345 0.622973
0.939558 0.0604425 0
0.160879 0.163462 0.675659
0.435543 0.122811 0.441646
0.660802 0.339198 0
0.589386 0.160614 0.25
0.280569 0.469431 0.25
0.110616 9.8247e-17 0.889384
0.121512 0.554165 0.324323
0.628764 0.371236 0
0 0.75 0.25
0.244798 0.252905 0.502297
0.489124 0.0403604 0.470515
0.435051 0.564949 0
0.0795633 0.199861 0.720576
0.0207585 0.465889 0.513352
3.82773e-17 0.687528 0.312472
0.571677 0 0.428323
0.417829 0.261455 0.320716
0.0789444 0.506053 0.415002
0.460963 0.289037 0.25
0.0301348 0.969865 0
0.56435 0.43565 0
5.56738e-17 1 0
0.499624 0.500376 0
0.75 0 0.25
0.23085 5.12591e-17 0.76915
1 0 0
