0.174567 1.76679e-05 0.825415
0.219486 0.046101 0.734413
0.0644637 0.468177 0.467359
0.0492856 0.373185 0.577529
0.426383 0.108086 0.46553
0.0179588 0.535835 0.446206
0.378012 0.0851676 0.536821
0.039074 0.015081 0.945845
0.667157 0.0503764 0.282467
0.034888 0.636171 0.328941
0.00416675 0.162405 0.833428
0.0040756 0.0857188 0.910206
0.47562 1.02899e-08 0.52438
0.731028 0.00959097 0.259381
0.366553 0.336856 0.296591
0.411357 0.163721 0.424921
0.0195033 0.43848 0.542016
0.0858914 0.497005 0.417104
0.116468 0.0682886 0.815244
0.0691064 0.306623 0.624271
0.474238 0.147913 0.377849
0.265053 0.146817 0.588129
0.273082 0.100211 0.626708
0.49237 1.06522e-08 0.50763
0.346548 0.117155 0.536297
0.293254 0.455867 0.250879
0.00337291 0.242833 0.753794
0.734872 3.40635e-05 0.265094
1.63054e-05 0.746747 0.253237
0.464392 0.143064 0.392544
0.122035 0.286676 0.59129
0.582896 1.26107e-08 0.417104
0.634719 0.365281 0
0.0434226 0.679932 0.276645
0.88608 0.113933 2.77359e-06
0.493367 0.0736302 0.433003
0.451072 0.298768 0.25016
0.501426 0.498574 0
0.37587 0.277235 0.346894
2.264e-08 0.583213 0.416787
0.237178 0.762822 1.11022e-16
0 0 1
0.00725989 0.464955 0.527785
1 1.22125e-15 1.11022e-16
0.548758 0.451243 3.99982e-08
0.117374 0.882626 0
0.0713497 0.0726067 0.856044
0.529238 0.202081 0.26868
0.157586 0.157723 0.68469
0.333232 0.333007 0.333761
9.16041e-10 0.373292 0.626708
3.77564e-09 1 1.11022e-16
0.184347 0.503736 0.311917
0.292174 0.708075 2.93581e-05
0.341079 0.0713623 0.587558
0.375311 0.624689 0
0.0281174 0.500038 0.471844
0.767623 0.232377 0
0.246698 0.247838 0.505464
0.217565 0.372196 0.410238
0.227055 1.49521e-05 0.77293
0.375181 7.08109e-16 0.624819
0.0866617 0.663315 0.250023
0.0920179 0.41981 0.488172
0.666687 0.0832898 0.250023
0.0752968 0.546855 0.377849
0.00143624 0.128854 0.86971
0.366472 0.217431 0.416097
0.103134 1.25952e-16 0.896866
0.172005 0.828016 2.65381e-06
0.826976 0.173024 0
0.0653094 0.934693 2.42634e-07
0.947313 0.0526879 9.89778e-08
0.162427 0.587334 0.250239
0.0831685 0.191224 0.725607
0.19167 0.072449 0.735881
0.444208 0.0714736 0.484318
0.00722974 0.648625 0.344145
0.39858 0.342353 0.259067
0.658254 0.00564582 0.3361
0.572408 0.17381 0.253782
0.19857 0.207648 0.593782
0.135793 0.472451 0.391756
0.117068 0.551091 0.331842
0.177586 0.306607 0.515807
0.190376 0.421667 0.387957
0.28468 0.0121604 0.703159
0.00949496 0.301194 0.689311
0.2695 0.428268 0.302232
0.0432764 0.156639 0.800085
0.151599 0.0149725 0.833428
0.305708 0.181379 0.512913
0.0767117 0.355166 0.568123
0.341244 0.669239 0.00134466
0.00687019 0.0455129 0.947617
0.102212 0.23501 0.662777
0.375747 0.155482 0.468771
0.554567 0.0360254 0.409408
0.144482 0.0982757 0.757243
0.90274 0.0972598 1.11022e-16
