1 0 0
0.786827 0.213173 0
0.19826 0.0826223 0.719117
0.418904 0.260676 0.320421
0.939983 0.0600175 0
0.0403683 0.615739 0.343893
0.243377 0.756623 0
0.125613 0.426995 0.447392
0.150564 0.849436 0
0.019452 0.168475 0.812073
0.18124 0.81876 0
0.183628 0.566372 0.25
0.0755925 0.0789396 0.845468
0.212098 0.787902 0
0.848642 0.151358 0
0.879176 0.120824 0
0.306251 0.693749 0
0.590068 0.159932 0.25
0.0856984 0.515917 0.398385
0 0.32629 0.67371
0.243341 0.133904 0.622755
0.629118 0.370882 0
0.370218 0.629782 0
0.288794 0.180212 0.530994
0.206594 0.502879 0.290527
0.283856 0.466144 0.25
0.0552841 0.286996 0.65772
0.250895 0.413418 0.335687
0.382378 0 0.617622
0.516402 0.214889 0.268709
0.404458 0.0586599 0.536882
0.665344 0.0846564 0.25
4.09602e-21 0.241786 0.758214
0 0.410909 0.589091
0.119048 0.57615 0.304803
0.333728 0.31456 0.351712
0.522384 0.0857763 0.391839
0.0313366 0.0331377 0.935526
0.225937 0.368948 0.405114
0.562855 0.120341 0.316804
0.274492 0.725508 0
0.389811 0.360189 0.25
0.614139 0.0351027 0.350758
0.0895732 0.910427 0
0.462921 0.287079 0.25
0.436614 0.122669 0.440717
0.402411 0.597589 0
0.0595951 0.940405 0
0.0840211 0.332216 0.583763
0.306815 3.40633e-17 0.693185
0.183484 0.339682 0.476834
0.818003 0.181997 0
0.0762598 0.394316 0.529425
0.683828 0 0.316172
0.434892 0.565108 0
0.755761 0.244239 0
0.161207 0.163253 0.675541
0.0306512 0.466601 0.502747
0 0.588546 0.411454
0.120015 0.879985 0
0.358834 0.157593 0.483572
0.114744 0.119338 0.765918
0.724747 0.275253 0
0.204231 0.210693 0.585077
0.471081 0 0.528919
0.291924 0.27532 0.432756
0.380774 0.217723 0.401503
0.467362 0.532638 0
0.532461 0.467539 0
0.110769 0 0.889231
0.165418 0.466841 0.367741
0 0.527639 0.472361
0.661342 0.338658 0
1.00495e-16 6.60382e-17 1
0.499849 0.500151 0
0.246172 0.251893 0.501935
0.320955 0.391916 0.287128
0.126306 0.244017 0.629676
0.161117 0.0258408 0.813042
0.0888616 0.661138 0.25
1.90691e-21 0.112564 0.887436
0.158003 0.294342 0.547656
0.471815 0.173707 0.354479
0 0.75 0.25
0.279809 0.0602702 0.659921
0.565067 0.434933 0
0.597108 0.402892 0
0.573013 0 0.426987
0.490782 0.0403006 0.468917
0.693367 0.306633 0
0.338105 0.661895 0
0.75 0 0.25
0.328758 0.095097 0.576145
0.0297894 0.970211 0
0.970135 0.029865 0
0.909807 0.0901927 0
0.0791736 0.201708 0.719118
0 0.687656 0.312344
0.231314 2.5681e-17 0.768686
5.56738e-17 1 0
