0.243226 0.756774 0
0.664296 0.0857022 0.250001
0.939859 0.0601407 0
0.588763 0.161237 0.25
0.279975 0.0603964 0.659629
0.467311 0.532689 0
0.459301 0.290699 0.25
0.0902725 0.909727 0
0 0.315713 0.684287
0.150865 0.849135 0
0.204777 0.212677 0.582545
0.212471 0.787529 0
0.27451 0.72549 0
0.629421 0.370579 0
0.116185 0.11906 0.764755
0.197204 0.552795 0.250001
0.514194 0.218313 0.267493
0.879251 0.120749 0
0.402423 0.597577 0
0.338089 0.661911 0
0.360881 0.153382 0.485737
0.786847 0.213153 0
0.108108 0.390928 0.500964
0.436745 0.111636 0.451619
0.6614 0.3386 0
0.298813 0.272463 0.428724
0.724191 0.275809 0
0.499668 0.500332 0
0.518701 0.0280361 0.453263
0.75 0 0.25
0.969841 0.0301587 0
0 0.749999 0.250001
0.0408568 0.608093 0.351051
0.0600973 0.939903 0
0.383175 0 0.616825
0.557169 0.12531 0.317522
0.0227895 0.164746 0.812465
0.0828805 0.667119 0.25
0.19876 0.0833139 0.717927
0.385778 0.364221 0.25
0.180735 0.460082 0.359183
0 0.236076 0.763924
0 0.395198 0.604802
0.0855571 0.502302 0.412141
0.848802 0.151198 0
0.126364 0.248998 0.624638
0.755414 0.244586 0
0.337516 0.315266 0.347218
0.231715 0 0.768285
0.111007 0 0.888993
0.532333 0.467667 0
0.909631 0.0903689 0
0.306283 0.693717 0
0.0803903 0.201552 0.718058
0.181424 0.818576 0
0 0.111677 0.888323
0.161441 0.16548 0.673079
0.031819 0.0324336 0.935747
0.241316 0.368304 0.39038
0.141118 0.424688 0.434194
0.597325 0.402675 0
0.249981 0.250313 0.499706
0 0.577603 0.422397
0.134541 0.531607 0.333852
0.370113 0.629887 0
0.692996 0.307004 0
0.479416 0 0.520584
0.161616 0.0258078 0.812576
0.16021 0.298146 0.541645
0.0560497 0.284785 0.659165
0.246713 0.434381 0.318906
0.408796 0.0510784 0.540126
0.508181 0.0954728 0.396346
0.200269 0.335138 0.464593
0.684961 0 0.315039
0.028416 0.442728 0.528856
0 0.681909 0.318091
0.273493 0.476506 0.250001
0.119531 0.599235 0.281234
0.120315 0.879685 0
0.243703 0.134521 0.621776
0 0.511727 0.488273
0.467168 0.176224 0.356608
0.317301 0.39956 0.283139
0.418305 0.261557 0.320139
0.0783271 0.343321 0.578352
0.586125 6.50729e-17 0.413875
0.611545 0.044407 0.344048
0.0300729 0.969927 0
0.307244 0 0.692756
6.39438e-17 1.02915e-16 1
0.0764351 0.0778843 0.845681
0.330672 0.093545 0.575783
0.817954 0.182046 0
0.382686 0.213961 0.403352
0.564833 0.435167 0
0.43468 0.56532 0
0.29032 0.178768 0.530912
0 1 0
1 0 0
