1 0 0
0.184623 0.338423 0.476955
0.150874 0.849126 0
0 0.32146 0.67854
0.28928 0.179411 0.531309
0.161888 0.162801 0.67531
0.507574 0.0949533 0.397473
0.402456 0.597544 0
0.161536 0.588459 0.250004
0.329981 0.0934468 0.576572
0.370424 0.629576 0
0.660472 0.339528 0
0.083724 0.330445 0.585831
0.122172 0.55342 0.324408
0.319015 0.393106 0.287879
0.246432 0.251237 0.502331
0.110619 0 0.889381
0.499561 0.500439 0
0.66382 0.0861752 0.250004
0.086915 0.663081 0.250004
0.0212357 0.165637 0.813128
0.161375 0.0249041 0.813721
0.460878 0.289117 0.250004
0.0759242 0.0777814 0.846294
0 0.595705 0.404295
0.212477 0.787523 0
0.467164 0.532836 0
0.226406 0.368922 0.404672
0.333219 0.314181 0.352601
0.587694 0.162302 0.250004
0.0210013 0.464751 0.514248
0.0315208 0.0324649 0.936014
0.167232 0.463592 0.369176
0.120616 0.879384 0
0 0.404077 0.595923
0.291542 0.275185 0.433273
0.0601585 0.939841 0
0.749996 0 0.250004
0.204404 0.210622 0.584974
0.817221 0.182779 0
0.939424 0.0605757 0
0.969748 0.0302517 0
2.1653e-22 0.530115 0.469885
0.11579 0.117733 0.766478
0.786435 0.213565 0
0.306925 0.693075 0
0.479322 0 0.520678
0.0556957 0.283865 0.66044
0.46537 0.175836 0.358794
0.307135 0 0.692865
0.69227 0.30773 0
0.243656 0.756344 0
0.281506 0.468489 0.250004
0.37924 0.214713 0.406047
0.723912 0.276088 0
0.19863 0.0820979 0.719272
0.181457 0.818543 0
0.27985 0.0601453 0.660004
0.275082 0.724918 0
0.209914 0.512867 0.277219
0.0802882 0.199813 0.719899
0.84801 0.15199 0
0.0752677 0.392031 0.532702
0.611332 0.0451165 0.343552
0.0301051 0.969895 0
3.06342e-22 0.749996 0.250004
0.519605 0.0270944 0.4533
0.685301 0 0.314699
0.124607 0.422777 0.452616
0.231542 0 0.768458
0.435495 0.111468 0.453037
0.0904443 0.909556 0
0.878669 0.121331 0
0.564423 0.435577 0
0.157987 0.29377 0.548243
0.338535 0.661465 0
0.126817 0.243439 0.629744
0.755555 0.244445 0
0.512617 0.217311 0.270072
0.909073 0.0909272 0
0.388143 0.361852 0.250004
0.359215 0.153426 0.487359
0.556333 0.125452 0.318215
0 0.111592 0.888408
0.248538 0.417764 0.333698
0.0470662 0.612473 0.340461
0.243907 0.133702 0.62239
0.416224 0.261755 0.322022
0.0788761 0.505587 0.415537
0.58719 0 0.41281
0.434746 0.565254 0
0.59678 0.40322 0
0.38279 0 0.61721
0.408433 0.0507183 0.540848
0 1 0
0 0.687567 0.312433
0.532063 0.467937 0
0.628641 0.371359 0
0 0.238008 0.761992
0 0 1
