0 0 1
0.134799 0.244012 0.621188
0.0901964 0.909804 0
0.818403 0.181597 0
0.0605248 0.280584 0.658891
8.97508e-21 0.75 0.25
0.848984 0.151016 0
0.120382 0.879618 0
0.0352372 0.614262 0.350501
0.475705 0.274295 0.25
0.0824974 0.199566 0.717936
0.199765 0.0806656 0.71957
0.0847425 0.665257 0.25
0.421151 0.248176 0.330673
0.289735 0.460265 0.25
0.617344 0.0337624 0.348893
0.163783 0.162048 0.674169
0.452463 0.175429 0.372108
0.07704 0.0769377 0.846022
0.0320344 0.0322307 0.935735
0.0859166 0.522564 0.391519
0.6651 0.0848993 0.25
0.909783 0.0902172 0
0.212532 0.787468 0
0.0588057 0.404987 0.536208
0.181396 0.289176 0.529429
0.120576 0.562742 0.316683
0.181605 0.818395 0
0.160199 0.589801 0.25
0.261333 0.418954 0.319714
0.282891 0.0576478 0.659461
0.298239 0.158392 0.543369
0.17414 0.472232 0.353628
0.363409 0.386591 0.25
0.37006 0.62994 0
0.491432 0.0455025 0.463065
0.0596037 0.940396 0
0.398035 0.318184 0.283781
0.724932 0.275068 0
0.551288 0.198712 0.25
0.407409 0.0618841 0.530707
0.595334 0.121931 0.282735
0.75 0 0.25
0.310536 3.44764e-17 0.689464
0.274895 0.725105 0
0.87967 0.12033 0
0.940005 0.0599948 0
0.157747 0.3595 0.482753
0.75633 0.24367 0
0.316077 0.334907 0.349015
0.243629 0.756371 0
0.342301 0.183569 0.47413
0.162922 0.0235071 0.813571
0.787753 0.212247 0
0 0.232474 0.767526
0.426558 0.128474 0.444968
0.218098 0.381525 0.400377
0.245949 0.127417 0.626634
0.337333 0.0874182 0.575249
0.212492 0.204565 0.582943
0.38813 0 0.61187
0 0.382995 0.617005
0.274578 0.293874 0.431549
0.475438 0 0.524562
0.151073 0.848927 0
0.216893 0.516338 0.266769
0.233576 0 0.766424
0.306075 0.693925 0
0.25348 0.246193 0.500327
0.0956243 0.329171 0.575205
0.434864 0.565136 0
0.024725 0.162443 0.812832
0.693244 0.306756 0
0.574268 0 0.425732
0.3653 0.234175 0.400525
0.532643 0.467357 0
0.565202 0.434798 0
0.531334 0.0873937 0.381272
0.338053 0.661947 0
0 0.30783 0.69217
0 0.111139 0.888861
0.123083 0.436918 0.44
0.50004 0.49996 0
0.685305 0 0.314695
0.0408416 0.490751 0.468408
0.117566 0.116989 0.765445
0 0.683782 0.316218
0.970151 0.0298494 0
0.661878 0.338122 0
0.597769 0.402231 0
1.11954e-20 0.47178 0.52822
0.629843 0.370157 0
0.516609 0.160852 0.322539
0.402361 0.597639 0
0 0.57317 0.42683
0.110943 0 0.889057
0.467446 0.532554 0
0.0296152 0.970385 0
1.35525e-20 1 0
1 0 0
