0.159776 0.590224 0.25
0.939873 0.060127 0
0.367443 0.237768 0.39479
0 0 1
0.244809 0.126863 0.628327
0.551624 0.198376 0.25
0.119674 0.562825 0.317501
0.0826974 0.196671 0.720631
0.818124 0.181876 0
0.216133 0.516664 0.267203
0.338937 0.661063 0
0.399034 0.317267 0.283699
0.331268 0.0865296 0.582203
0.75 0 0.25
0.289664 0.460336 0.25
2.01435e-20 0.75 0.25
0.454365 0.178802 0.366833
0.409937 0 0.590063
0.202493 0.0788867 0.718621
0.294865 0.160807 0.544328
0.909531 0.090469 0
0.420962 0.132358 0.44668
0.288185 0.0557374 0.656078
0.526758 0.141019 0.332222
2.94894e-21 0.109798 0.890202
0.273864 0.294961 0.431174
0.156859 0.359109 0.484031
0.120146 0.113633 0.766221
0.36362 0.38638 0.25
0.0266894 0.159249 0.814062
0.0601633 0.277918 0.661919
0.661421 0.338579 0
0.179301 0.288711 0.531988
0.12097 0.87903 0
0.610162 0.0446417 0.345196
0.435615 0.564385 0
0.0602604 0.93974 0
0.596619 0.121939 0.281442
0.244832 0.755168 0
0.597535 0.402465 0
0.684313 0 0.315687
0.431513 0.246725 0.321762
0.665946 0.0840541 0.25
0.122515 0.436094 0.441391
0.0338218 0.61383 0.352348
0.210697 0.204348 0.584955
0.315668 0.33588 0.348452
0.724967 0.275033 0
0.629545 0.370455 0
0.0791585 0.0748958 0.845946
0.276092 0.723908 0
0.0585042 0.402632 0.538864
0.403193 0.596807 0
0.250825 0.248142 0.501033
0.0849978 0.665002 0.25
0.0946391 0.327359 0.578002
1.02076e-20 0.380057 0.619943
0.586873 0 0.413127
0.217635 0.381863 0.400502
0.500526 0.499474 0
1.83576e-20 0.683505 0.316495
0.0335026 0.0307408 0.935757
0.476352 0.273648 0.25
0.261056 0.419444 0.319499
0.463695 0.0312014 0.505103
0.0852313 0.521551 0.393217
0.32601 0 0.67399
0.168893 0.0188423 0.812265
0.392797 0.0776009 0.529602
0 0.468916 0.531084
0.0301033 0.969897 0
0 0.229348 0.770652
0.307277 0.692723 0
0.0404062 0.488502 0.471092
1.53311e-20 0.570822 0.429178
5.5728e-17 1 0
0.969968 0.0300324 0
0.468021 0.531979 0
0.338257 0.189848 0.471894
0.565418 0.434582 0
0.505411 0.0874979 0.407091
0.133714 0.242221 0.624065
0.213762 0.786238 0
0.849065 0.150935 0
0.525676 0 0.474324
0.151627 0.848373 0
0.163775 0.160252 0.675973
0.173299 0.47222 0.354481
0.787277 0.212723 0
0.879406 0.120594 0
8.17597e-21 0.304414 0.695586
0.112543 0 0.887457
0.693326 0.306674 0
0.242099 0 0.757901
0.756189 0.243811 0
0.370828 0.629172 0
0.533045 0.466955 0
0.0905568 0.909443 0
0.182436 0.817564 0
1 0 0
