0.723607 0.276393 0
0.670124 0.0798754 0.25
0.816873 0.183127 0
0.567744 0.182256 0.25
0.12089 0.87911 0
0.0301466 0.616964 0.35289
0.128299 0.43421 0.437491
0.534621 0.116349 0.34903
0.307242 0.692758 0
0 0.685373 0.314627
0.498066 0.213125 0.288809
0.499761 0.500239 0
0.244984 0.252773 0.502243
0.181737 0.568263 0.25
0.390631 0.359369 0.25
0.384209 4.26557e-17 0.615791
0.59655 0.40345 0
0 0.457068 0.542932
0.182627 0.3434 0.473973
0.023942 0.162667 0.813391
0.0852224 0.527836 0.386942
0.0322387 0.0318197 0.935942
0.754753 0.245247 0
0.289284 0.179794 0.530921
0.321568 0.39075 0.287681
0.0769977 0.407222 0.51578
0.75 0 0.25
0.162925 0.0243158 0.812759
0.467288 0.532712 0
0.375892 0.213653 0.410456
0.413733 0.259975 0.326291
0.461895 0.288105 0.25
0.151379 0.848621 0
0.244184 0.755816 0
0.244627 0.133754 0.621619
0.226353 0.369933 0.403714
0.434161 0.10634 0.459499
0.00302231 0.385071 0.611906
0.285131 0.464868 0.25
0.162487 0.163482 0.674031
0.250932 0.414623 0.334444
0 0.570915 0.429085
0.182208 0.817792 0
0.127601 0.245588 0.626811
0.564259 0.435741 0
0.209773 0.504523 0.285704
0.204565 0.211574 0.583861
0.166595 0.47283 0.360575
0.0878437 0.336797 0.57536
0.847645 0.152355 0
0.6023 0.109809 0.287891
0.275687 0.724313 0
0.331287 0.0925541 0.576159
0.157697 0.29812 0.544182
0.358768 0.151177 0.490055
0.289838 0.275722 0.43444
0.212899 0.787101 0
0.660593 0.339407 0
0.434824 0.565176 0
0.0859554 0.664044 0.25
0.90894 0.09106 0
0.117185 0.117018 0.765797
0.939386 0.0606136 0
0.115586 0.583914 0.3005
0.878361 0.121639 0
0 0.310834 0.689166
0.580838 6.4486e-17 0.419162
0.370591 0.629409 0
0.610732 0.0372963 0.351972
0.692129 0.307871 0
0.510713 0.0541823 0.435104
0 0.232996 0.767004
0.683335 0 0.316665
0.969724 0.0302763 0
0.0574389 0.282081 0.66048
0.0601894 0.939811 0
0.111257 1.2352e-17 0.888743
0.6289 0.3711 0
0.0768629 0.0768442 0.846293
0.0301237 0.969876 0
0.28065 0.0599063 0.659444
0.0904101 0.90959 0
0.402547 0.597453 0
0.532043 0.467957 0
0.332311 0.313304 0.354384
0.0808201 0.199058 0.720122
0.308283 3.42263e-17 0.691717
0.486298 0 0.513702
0.458643 0.163623 0.377734
0 0.110835 0.889165
0.786154 0.213846 0
0.199629 0.0822017 0.718169
0.338828 0.661172 0
5.57822e-17 1 0
0 0.75 0.25
0.033482 0.49496 0.471558
0 0 1
0.232604 2.58242e-17 0.767396
0.41228 0.045795 0.541925
1 0 0
