0.786054 0.213946 0
0.0859723 0.515597 0.39843
1 0 0
0.246235 0.250305 0.503461
0.40311 0.59689 0
0.151567 0.848433 0
0.184304 0.565696 0.25
0.382407 0.214866 0.402727
0.0309586 0.0333813 0.93566
0.307353 0.692647 0
0.0538264 0.287421 0.658752
0.287195 0.462805 0.25
0.32389 0.388566 0.287544
0.75 0 0.25
0.908868 0.091132 0
0.196772 0.0832574 0.719971
0.969753 0.0302471 0
0.572009 0 0.427991
0.0192986 0.168392 0.81231
0.665335 0.084665 0.25
0.0726258 0.343834 0.58354
0.0300642 0.969936 0
0.156589 0.295234 0.548177
0.628518 0.371482 0
0.0602474 0.939753 0
0.847883 0.152117 0
0.0889038 0.661096 0.25
0.939408 0.0605918 0
0.15988 0.0264175 0.813702
0.47292 0.170545 0.356534
0 0.521101 0.478899
0.660277 0.339723 0
0.277811 0.0604366 0.661753
0 0.584048 0.415952
0.123761 0.248214 0.628025
0.358495 0.156086 0.485419
0 0.686618 0.313382
6.26162e-18 0.112382 0.887618
0.253408 0.412441 0.334151
0.244552 0.755448 0
0.202605 0.211516 0.585879
0.210437 0.502019 0.287544
0.522697 0.0841369 0.393166
0.338936 0.661064 0
0.120759 0.879241 0
0.723346 0.276654 0
0.229739 0 0.770261
0.490574 0.0385565 0.470869
0.46528 0.28472 0.25
0.590566 0.159434 0.25
0.69199 0.30801 0
0.0784778 0.202619 0.718903
0.182401 0.817599 0
0.532288 0.467712 0
0 0.75 0.25
0.24153 0.134173 0.624296
0.294894 0.272301 0.432805
0.327258 0.0946785 0.578064
0.0988877 0.384474 0.516639
0.435182 0.564818 0
0 0.326009 0.673991
0.614483 0.0335102 0.352007
0.275772 0.724228 0
0.113829 0.11994 0.766231
0.0390207 0.614748 0.346231
0.684016 0 0.315984
0.213358 0.786642 0
0.392898 0.357102 0.25
0.0750708 0.0789975 0.845932
0.499918 0.500082 0
0.0388029 0.458383 0.502814
0.817265 0.182735 0
0.304999 0 0.695001
0.467504 0.532496 0
0.109953 0 0.890047
0.421261 0.257581 0.321158
0.370963 0.629037 0
0.517196 0.212954 0.26985
0.191639 0.335492 0.472869
0 0.41078 0.58922
0.0903218 0.909678 0
0.754873 0.245127 0
0.436473 0.120415 0.443112
0.287898 0.179246 0.532856
0.167437 0.468681 0.363882
0 0.241357 0.758643
0.229643 0.367501 0.402856
0.11917 0.576206 0.304624
0.403086 0.0575059 0.539408
0.15933 0.164976 0.675694
0.563515 0.118997 0.317488
0.130033 0.428087 0.44188
0.336627 0.311366 0.352007
0.878611 0.121389 0
0.469347 0 0.530653
0.380074 0 0.619926
0.564444 0.435556 0
0 1 0
0.596601 0.403399 0
0 0 1
