0.0631107 0.603556 0.333333
0.31513 0.68487 0
0.49617 0.170497 0.333333
0.125291 0.541376 0.333333
0.450198 0.216469 0.333333
0.656446 0.341765 0.00178955
0.299201 0.492828 0.207971
0.333809 0.332858 0.333333
0 0 1
0.328653 0.522809 0.148538
0.625475 0.214183 0.160342
0.905906 1.14989e-06 0.0940928
0.727631 0.272369 2.24054e-07
0.429402 0.237265 0.333333
0.473943 0.192724 0.333333
0.574718 0.0919486 0.333333
0.187548 0.479119 0.333333
0.669888 0.244438 0.0856742
0.14062 0.792 0.0673794
0.168753 0.497913 0.333333
0 1 0
0.0856454 0.680733 0.233622
0.550013 0.384196 0.0657905
0.599773 0.0668932 0.333333
0.646606 0.0200611 0.333333
0.858544 0.0908814 0.0505749
0.432409 0.545284 0.0223069
0.0443548 0.949781 0.00586427
0.384371 0.615629 2.22045e-16
0.33007 0.583868 0.0860617
0.312103 0.41321 0.274687
0.666667 2.31541e-08 0.333333
0.121486 0.736572 0.141942
0.355207 0.31146 0.333333
0.488941 0.297852 0.213208
0.120907 0.607144 0.271949
0.254015 0.412651 0.333333
0.500151 0.35772 0.14213
0.114742 0.871255 0.014003
0.230668 0.435999 0.333333
0.390051 0.371175 0.238774
0.00149887 0.7344 0.264101
0.354058 0.45315 0.192793
0.278292 0.388375 0.333333
0.890896 0.109104 1.53877e-13
0.203971 0.462695 0.333333
0.239656 0.490719 0.269626
0.240722 0.759274 4.1539e-06
0.558923 0.261519 0.179557
0.635803 0.309791 0.0544062
0.808429 0.0520064 0.139565
0.501006 0.498984 1.05024e-05
0.0852049 0.581462 0.333333
0.55628 0.334139 0.109581
0.535212 0.131454 0.333333
0.14939 0.517276 0.333333
0.21589 0.711414 0.0726956
1.24719e-16 0.666667 0.333333
0.252229 0.583349 0.164422
0.742332 0.195829 0.061839
0.766996 4.72502e-05 0.232957
0.404747 0.513067 0.0821859
0.516493 0.150174 0.333333
0.834119 2.08973e-08 0.165881
0.406127 0.26054 0.333333
0.588738 0.411247 1.51615e-05
0.574537 0.178815 0.246648
0 0.825089 0.174911
0.556372 0.110294 0.333333
1 0 0
0.623773 0.042894 0.333333
0.812882 0.187118 1.4988e-14
0.183739 0.693456 0.122805
0.314982 0.351685 0.333333
0.0194631 0.647204 0.333333
0.106849 0.559817 0.333333
0.0204152 0.837455 0.14213
0.659051 0.138604 0.202345
0.679829 0.0311828 0.288988
0.296126 0.37054 0.333333
0.607158 0.1162 0.276642
0.26976 0.629062 0.101178
0.934455 0.0337857 0.0317592
0.0918705 0.804599 0.10353
0.178752 0.563811 0.257437
0.0553559 0.886531 0.0581131
0.500925 0.21938 0.279695
0.0400788 0.626588 0.333333
0.425426 0.417562 0.157012
0.0556327 0.744136 0.200231
0.701129 0.161436 0.137435
0.465462 0.44444 0.0900981
0.723703 0.117995 0.158302
0.792395 0.119178 0.0884264
0.381086 0.285581 0.333333
0.709894 0.069545 0.220561
8.50354e-06 0.915485 0.0845067
0.174005 0.825995 0
0.426776 0.301238 0.271985
0.172489 0.636457 0.191054
