0.133281 0.497615 0.369104
0.642733 0.357267 0
0.0800666 0.434632 0.485302
0.605007 0.394993 0
0.585087 0.164913 0.25
0.0152668 0.100601 0.884132
0.357497 0.120671 0.521832
0.49133 8.01865e-15 0.50867
0.468143 0.233354 0.298504
0 0.75 0.25
0.175228 0.293183 0.531589
0.887105 0.112895 0
0.473988 0.126683 0.399329
0.0749225 2.55619e-06 0.925075
0.0639444 0.133021 0.803035
0.264292 0.286122 0.449586
0.36235 7.26436e-06 0.637643
0.56629 0.43371 0
0.322146 0.330358 0.347495
0.0602523 0.689747 0.25
0.153879 0.594469 0.251652
0.450287 0.080455 0.469258
0.062943 0.5605 0.376557
3.98867e-16 0.676331 0.323669
0.148439 0.080513 0.771048
0.443623 0.556377 0
0.329011 0.670989 0
0.212741 0.523981 0.263278
0 0.287214 0.712786
6.7386e-05 0.171063 0.82887
0.437612 8.35657e-15 0.562388
0.42864 0.189784 0.381576
0.14872 0.535786 0.315494
0.273605 0.173994 0.552401
0.185053 0.814947 0
0.658431 0 0.341569
0.507031 0.169309 0.32366
0.389322 0.298419 0.312259
0.0986368 0.175262 0.726101
0.368349 0.631651 0
9.20992e-11 0.514698 0.485302
0.75 0 0.25
0.233942 0.114503 0.651555
0.29647 0.70353 0
0.146058 0.853942 0
0.0021859 0.45447 0.543344
0.0507237 0.521837 0.42744
0.550104 0.0812977 0.368598
0.277185 0.392789 0.330026
9.32659e-06 0.0548251 0.945166
0.485736 0.514264 0
0.299899 0.214799 0.485302
0.529017 0.470983 0
0.680883 0.319117 0
0.236365 0.0253023 0.738333
0.537216 4.73087e-05 0.462737
0.629163 0.0535851 0.317251
0.717474 0.282526 0
0.348471 0.250965 0.400565
0.389598 0.15883 0.451571
0.842288 0.157712 0
0.0903626 0.600761 0.308876
0.290406 0 0.709594
0.0739642 0.926036 0
8.18743e-15 0.395295 0.604705
0.0368734 0.963127 0
0 0 1
0.415894 0.584106 0
0.231867 0.462727 0.305406
0.105141 0.0372339 0.857625
0.00369944 0.22664 0.769661
0.0705039 0.254455 0.675041
0.397616 0.0583559 0.544028
0.163705 0.432939 0.403356
0.0903626 0.342253 0.567384
0.14624 0.196972 0.656788
0.453075 0.296886 0.250039
0.146748 0.395203 0.45805
0.30566 0.090241 0.604099
0.221278 0.778722 0
0.960278 0.0397215 0
0.166669 0.120545 0.712786
0.365503 0.374821 0.259676
0.143177 0.268112 0.588711
0.925854 0.0741459 0
0.650717 0.0992825 0.25
0.109232 0.890768 0
0.59673 0.00677336 0.396496
2.16354e-05 0.601113 0.398865
0.306065 0.443934 0.25
0.180739 3.45137e-15 0.819261
0.0225482 0.325897 0.651555
0.258879 0.741121 0
1.26783e-20 1 0
0.752178 0.247822 0
1 0 0
0.228248 0.353497 0.418255
0.800856 0.199144 0
0.232693 0.233771 0.533535
0.51344 0.225318 0.261242
