0.103314 0.132299 0.764387
0.0454387 0.102766 0.851795
0.511748 0.000350793 0.487901
0.159074 0.840926 0
0.418242 0.581758 0
0.26078 0.304006 0.435214
0.35863 0.162863 0.478508
0.555 0.19472 0.25028
6.51045e-05 0.189227 0.810708
0.0532156 0.47723 0.469554
2.20343e-10 0.257714 0.742286
0.108038 0.000638402 0.891324
0.268209 0.731791 0
0.000122028 0.652982 0.346896
5.82034e-05 0.598176 0.401766
0.397515 0.352485 0.25
0.176882 0.153208 0.66991
0.307083 0.692917 0
0.188099 0.451424 0.360477
0.072535 0.927465 0
0.409887 0.0808094 0.509304
0.0333169 0.966683 0
0.0422752 0.0474055 0.910319
0.441452 2.59088e-06 0.558545
0.00031746 0.120631 0.879051
0.167292 0.546668 0.28604
0.964841 0.0351586 0
0.0927778 0.594752 0.31247
0.55074 0.44926 0
0.194797 0.328002 0.477201
0.293837 0 0.706163
0.221998 0.188379 0.589623
0.267098 0.444838 0.288064
0.235986 0.513734 0.25028
0.628559 0.121441 0.25
0.322068 0.138302 0.53963
0.345889 0.654111 0
0.485708 0.514292 0
0.00962488 0.325334 0.665041
0.298007 0.0521985 0.649794
0.0952063 0.515101 0.389692
0.690879 0.309121 0
0.694739 0.0470425 0.258219
0.0661316 0.284074 0.649794
0.75 0 0.25
6.90027e-21 8.87515e-21 1
0.809933 0.190067 0
0.18124 0.000817104 0.817943
0.651409 0.000446528 0.348145
0.132289 0.229627 0.638084
0.848731 0.151269 0
0.337229 0.412233 0.250537
0.222892 0.0340059 0.743103
0.391034 0.608966 0
0.113487 0.636512 0.25
0.532816 0.1364 0.330784
0.113974 0.0692441 0.816782
0.457082 0.17319 0.369728
0.315289 0.307266 0.377445
0.0360953 0.683099 0.280806
0.441731 0.123681 0.434588
0.225598 0.385751 0.388652
0.346227 0.0858109 0.567962
0.32111 0.359061 0.319829
0.136785 0.361951 0.501264
0.262045 0.124953 0.613002
0.31973 0.235921 0.444349
0.455274 0.27683 0.267896
0.132847 0.427883 0.43927
2.03015e-20 0.75 0.25
1.40344e-09 0.39653 0.60347
0.653031 0.346969 0
0.769131 0.230869 0
0.452982 0.547018 0
1 0 0
1.22649e-10 0.533783 0.466217
0.194503 0.805497 0
0.626614 0.373386 0
0.398409 0.268549 0.333042
0.481005 0.218661 0.300334
0 1 0
0.165715 0.283358 0.550927
0.0935786 0.334332 0.572089
0.117975 0.882025 0
0.583995 0.416005 0
0.573947 0.0677273 0.358325
0.495179 0.0604724 0.444349
0.0799524 0.207836 0.712212
0.72982 0.27018 0
0.886998 0.113002 0
0.586366 0 0.413634
0.523319 0.476681 0
0.92908 0.0709195 0
0.231683 0.768317 0
0.246653 0.224375 0.528971
0.373959 2.19476e-06 0.626038
0.202001 0.0845073 0.713492
0.000965187 0.441652 0.557383
0.0808644 0.413614 0.505521
0.384412 0.207249 0.408339
