0.961752 0.0382482 0
0.75 0 0.25
0.522449 0.477551 0
1.66324e-20 0.632325 0.367675
0.33956 0 0.66044
0.0217022 0.343814 0.634484
0.349988 0.650012 0
0.240543 0.759457 0
0 0 1
0.120997 0.272595 0.606409
0.811312 0.188688 0
0.143768 0.856232 0
0.107786 0.892214 0
0.658428 0.341572 0
4.56867e-05 0.137283 0.862672
0.474017 0.103822 0.422161
0.0142152 0.556613 0.429172
0.240694 0.300507 0.458799
0.375507 0.624493 0
0.0415717 0.0784725 0.879956
0.192335 0.279657 0.528008
0.223852 0.487871 0.288277
0.347966 0.317633 0.334401
0.252039 0 0.747961
0.365151 0.180537 0.454312
0.150918 0.367892 0.481189
0.734978 0.265022 0
0.0624752 0.13336 0.804165
0.882096 0.117904 0
0.586081 0.0806921 0.333227
0.286657 0.463342 0.25
0.320351 0.679649 0
0.281418 0.224472 0.494109
0.189172 0.560828 0.25
0.0663965 0.39789 0.535713
0.485738 0.514262 0
0.172064 0.0027652 0.825171
0.120686 0.331627 0.547687
0.438225 0.276546 0.285229
0.00126887 0.0435823 0.955149
0.413109 0.106366 0.480524
0.406893 0.593107 0
0.174998 0.448221 0.37678
0.213978 0.382642 0.403381
0.0939833 0.000171822 0.905845
0.562436 6.21115e-05 0.437502
0.339729 0.252343 0.407928
0.0876931 0.501698 0.410609
0.493772 0.0349507 0.471277
0.237604 0.0766269 0.685769
0.191219 0.167491 0.64129
0.41829 0.33171 0.25
0.101402 0.229247 0.669351
0.206599 0.793401 0
0.0551027 0.204829 0.740069
0.0955304 0.65447 0.25
0.264795 0.136966 0.598239
0.0302883 0.969712 0
0.0275962 0.672926 0.299477
0.622653 0.377347 0
0 1 0
0.280024 0.719976 0
0.217314 0.206289 0.576397
0.173871 0.0933081 0.732821
0.285347 0.331417 0.383235
0.450662 0.549338 0
0.264408 0.406747 0.328845
1.97277e-20 0.75 0.25
0.136714 0.0619558 0.801331
0.121143 0.161505 0.717352
0.100685 0.434555 0.46476
0.000106755 0.41049 0.589403
0.64716 0.10284 0.25
0.550034 0.0614343 0.388532
0.0757105 0.606477 0.317812
0.553347 0.446653 0
0.504705 0.155079 0.340216
0.405894 0 0.594106
0 0.222211 0.777789
1 0 0
0.931513 0.0684867 0
0.305289 0.0588288 0.635882
0.352694 0.0772493 0.570056
0.0673575 0.932642 0
0.175162 0.824838 0
0 0.305149 0.694851
0.415635 0.211375 0.372989
0.365924 0.383947 0.250129
0.574044 0.158185 0.267772
0.682723 0.0428924 0.274384
0.320088 0.147997 0.531915
0.467543 0.00443691 0.52802
0.657891 1.95459e-05 0.34209
0.688146 0.311854 0
0.523775 0.226225 0.25
0.589115 0.410885 0
0.124042 0.537927 0.338031
1.32715e-20 0.50455 0.49545
0.850053 0.149947 0
0.771482 0.228518 0
