0.127642 0.0994937 0.772864
0.423891 0.273127 0.302982
0.688321 0.0616786 0.25
0.438418 0.199876 0.361706
0.188888 0.403714 0.407398
0.236672 0.513324 0.250004
0.290397 0.270868 0.438735
0.853555 0.146445 0
0 1 0
0.663556 1.81725e-06 0.336442
0.352187 0.323569 0.324244
0.594096 0.405904 0
0.474243 5.26516e-17 0.525757
0.19775 0.0220026 0.780248
0.443666 0.306329 0.250004
0.0103614 0.307256 0.682383
0.816246 0.183754 0
0.22296 0.77704 0
0.707468 0.292532 0
0.665398 0.334603 5.91755e-08
0.464368 0.535632 3.59843e-08
0.129519 0.620481 0.25
0.13708 0.307606 0.555315
0.0737748 0.926225 0
0.0900888 0.389999 0.519912
6.35435e-07 0.198166 0.801834
0.223105 0.442664 0.334231
0.259595 0.00385986 0.736545
0.483589 0.128196 0.388215
0.0934328 0.0728284 0.833739
0.578647 0.00114615 0.420207
0.240242 0.0768561 0.682902
0.504368 0.045791 0.449841
0.272512 0.160165 0.567323
0.346901 0.121127 0.531972
0.623608 0.0782579 0.298134
0.0354145 0.0243714 0.940214
0.371677 0.378319 0.250004
0.421306 0.0889876 0.489706
0.752177 0.247823 0
0.110473 0.4407 0.448827
0.178638 0.122051 0.699311
1 0 0
0.361938 0.000345962 0.637716
0.0220878 0.490538 0.487374
0.265717 0.335844 0.398439
0.548118 0.451882 0
0 0.75 0.25
0.891695 0.108305 0
0.507539 0.492461 0
0.218106 0.152877 0.629017
0.175756 0.548782 0.275462
0 0 1
7.77619e-11 0.090853 0.909147
0.109639 0.267488 0.622873
0.785382 0.214618 0
0.294053 0.0872748 0.618672
7.14503e-08 0.451386 0.548614
0.260885 0.739115 0
0.0741382 0.21675 0.709111
0.221173 0.264622 0.514205
0.92814 0.0718602 0
0.386076 0.158285 0.455638
0.421692 0.578308 0
0.290767 0.381385 0.327848
0.544991 0.08866 0.366349
0.181478 0.353312 0.465209
0.627813 0.372187 0
0.103199 0.000120903 0.89668
0.0380368 0.603815 0.358149
0.0358736 0.964126 0
0.296894 0.703106 0
0.517366 0.168781 0.313853
0.59917 0.150829 0.250001
0.389342 0.610658 0
0.115483 0.884517 0
0 0.382505 0.617495
0.14869 0.183607 0.667703
0.0982694 0.5776 0.324131
0.0526911 0.344418 0.602891
0.400521 0.0459869 0.553492
0.299225 0.45077 0.250004
0.0775623 0.506991 0.415447
0.0478552 0.131059 0.821086
0.298886 0.205686 0.495429
0.0669036 0.673482 0.259614
6.73001e-06 0.675896 0.324098
0.305802 3.39508e-17 0.694198
0.165501 1.83743e-17 0.834499
0.189545 0.810455 0
0 0.565635 0.434365
0.75 0 0.25
0.337761 0.662239 0
0.146148 0.486674 0.367178
0.961348 0.0386518 0
0.154658 0.845342 0
0.5259 0.2241 0.25
0.186954 0.223681 0.589365
0.367975 0.237534 0.394492
7.96598e-07 0.248426 0.751574
