0.00200836 0.364991 0.633001
0.0929437 0.414991 0.492065
0.571077 0.0230798 0.405844
0.875482 0.124518 0
0.211897 0.788446 5.32815e-05
0.138797 0.183081 0.678122
0.394442 0.605558 0
0.111566 0.136543 0.751891
0 0 1
0.121032 0.460873 0.418095
0.0361068 0.471828 0.492065
0.65227 0 0.34773
0.294784 0.0893907 0.615825
0.0750468 0.29249 0.632464
0.0732293 0.926771 0
0.149334 0.850666 0
0.193636 0.104953 0.701411
0.183312 0.395455 0.421233
3.55567e-22 0.562414 0.437586
0.219586 0.463246 0.317168
0.416309 0.236846 0.346845
0.242539 0.507455 0.250006
0.202582 0.158539 0.638878
0.75 0 0.25
0.451295 0.157383 0.391322
0.0634854 0.382439 0.554076
0.50344 0.49656 0
0.233713 0.212211 0.554076
0.048195 0.239857 0.711948
0.101339 0.00250614 0.896155
0.507963 0 0.492037
4.29239e-22 0.678944 0.321056
0.256192 0.366393 0.377415
0.320265 0.291417 0.388318
0.760983 0.239017 0
0.0628972 0.672877 0.264226
0.143267 0.503109 0.353624
0.597314 0.402686 0
0.500759 0.238247 0.260994
0.135513 0.335594 0.528894
0.225053 0.321861 0.453085
0.484199 0.0868197 0.428981
0.529819 0.119169 0.351012
0.799783 0.200217 0
0.0202334 0.0638546 0.915912
0.669501 0.330499 0
0.0837783 0.0806884 0.835533
0.259516 0.740484 0
0.0368464 0.963154 0
0.347228 0 0.652772
0.165709 0.246071 0.58822
0.176283 0.551382 0.272335
5.56196e-17 1 0
0.332464 0.158028 0.509507
0.629992 0.370008 0
0.566954 0.433046 0
4.74162e-22 0.75 0.25
0.174506 0.825494 0
0.842267 0.157733 0
0.414366 0.122041 0.463592
0.110035 0.889965 0
0.175107 0.000467994 0.824425
0.47108 0.52892 0
0.353558 0.646442 0
0.635789 0.11386 0.250352
0.0872278 0.592035 0.320738
0.443692 0.0273365 0.528971
0.735937 0.264063 0
8.14985e-10 0.140192 0.859808
0.00315735 0.205629 0.791213
0.270802 0.130199 0.598998
1.20705e-09 0.302687 0.697313
0.0180643 0.6136 0.368336
0.36111 0.388885 0.250006
0.970602 0.0293978 0
0.61098 0.0689196 0.3201
0.416677 0 0.583323
0.368951 0.0844191 0.54663
0.445114 0.304886 0.25
0.308025 0.691975 0
0.068183 0.53782 0.393997
0.105907 0.644093 0.25
0.575228 0.174648 0.250124
0.43874 0.56126 0
0.243222 0 0.756778
0.291386 0.429392 0.279222
0.367975 0.208351 0.423674
0.48197 0.207456 0.310574
0.695653 0.0377171 0.26663
0.535747 0.464253 0
0.696789 0.303211 0
1 0 0
0.940184 0.0598162 0
0.257653 0.0423677 0.699979
0.212704 0.282995 0.504301
0.3699 0.329841 0.300258
0.158889 0.0532441 0.787867
3.3424e-10 0.439076 0.560924
0.291446 0.241524 0.467029
0.904547 0.0954527 0
