0.664826 0.335174 0
0.268324 0.257704 0.473972
0.355351 0.214608 0.430041
0.110384 0.889616 0
0.62001 0.37999 0
0.0949574 0.230216 0.674827
0.561142 0.0525565 0.386301
0 1 0
0.222095 0.228566 0.549339
0.322834 0.0543422 0.622824
0.429182 0.249817 0.321001
0.0730826 0.926917 0
0.0181517 0.593994 0.387854
0.0676732 0.106403 0.825924
0 0.680324 0.319676
0.0962261 0.136747 0.767027
0.418467 0.581533 0
0.463544 0.536456 0
0.068157 0.623864 0.307979
0.151488 0.848512 0
0.230529 0.337276 0.432195
0.101899 0.385246 0.512855
0.116759 0.260417 0.622824
0.220847 0.445154 0.334
0.142783 0.607217 0.25
0.589608 0.160059 0.250333
0.150296 0.303141 0.546564
0.407342 0.0640542 0.528604
0.530643 0.219357 0.25
0 0 1
0.460348 0.169955 0.369698
8.71459e-17 0.483182 0.516818
0.685913 0.0440421 0.270045
0.960941 0.0390588 0
0.0350664 0.222757 0.742177
0.398032 5.78894e-15 0.601968
0.737585 0.262415 0
0.573423 0.426577 0
0.268648 0.468283 0.263068
0.175119 0.0124648 0.812416
0.0112485 0.30118 0.687571
0.26017 0.150493 0.589337
0.812327 0.187673 0
0.0912112 2.23037e-07 0.908789
0.0274279 0.0389777 0.933594
0.234789 6.25604e-16 0.765211
4.39917e-13 0.10308 0.89692
0.0328221 0.967178 0
0.48819 0.1085 0.40331
0.926086 0.0739139 0
0.180025 0.507742 0.312233
0.648886 0.101114 0.25
0.109195 0.546356 0.34445
0.889556 0.110444 0
0.194958 0.409259 0.395783
0.272819 0.727181 0
0.340738 4.95567e-15 0.659262
0.108689 0.0407839 0.850527
1 0 0
0.399231 0.128372 0.472397
0.184421 0.0680861 0.747492
4.05685e-11 0.192146 0.807854
0.483882 0.0472425 0.468876
0.331743 0.418257 0.25
0.12263 0.451287 0.426084
0.000886223 0.557203 0.441911
0.203887 0.546113 0.25
0.459007 2.36073e-06 0.54099
0.598442 0.0731673 0.328391
0.557082 0.00017088 0.442748
0.377595 0.622405 0
0.433582 0.314626 0.251791
0.134998 0.161752 0.70325
0.522493 0.150789 0.326717
0.218414 0.121771 0.659815
0.263535 0.0435862 0.692879
0 0.75 0.25
0.534545 0.465455 0
0.0515647 0.495816 0.45262
0.0798509 0.670149 0.25
0.667423 1.73087e-05 0.33256
0.00347277 0.366967 0.62956
0.172633 0.357052 0.470314
0.330409 0.162588 0.507003
0.234118 0.765882 0
0.492287 0.507713 0
0.188648 0.811352 0
0.195472 0.194921 0.609607
0.704296 0.295704 0
0.0288641 0.422392 0.548744
0.850064 0.149936 0
0.358765 0.327296 0.313939
0.324185 0.290313 0.385502
0.0770864 0.337885 0.585028
0.31197 0.68803 0
0.314127 0.109293 0.576579
0.776039 0.223961 0
0.344811 0.655189 0
0.28064 0.371964 0.347396
0.75 0 0.25
