1.43957e-08 0.0701128 0.929887
0.643452 0.356548 0
0.173209 0.15947 0.667321
0.00170666 0.139949 0.858345
0.595327 0.0758765 0.328796
1.65171e-20 0.749999 0.250001
0.199571 0.390324 0.410105
0.605251 0.394749 0
0.00512713 0.242662 0.752211
0.106141 0.893859 0
0.373468 0.28643 0.340103
0.221347 0.187896 0.590757
0.0704529 0.929547 0
0.190576 4.75037e-07 0.809424
0.787908 0.212092 0
0.51397 0 0.48603
0.640326 0.109673 0.250001
0.107378 0.454131 0.438491
0.4806 0.165805 0.353595
0.34068 0.346668 0.312651
0.189034 0.560965 0.250001
0.556549 0.133509 0.309942
0.0262518 0.346363 0.627386
0.526347 0.473653 0
0.824714 0.175286 0
0.360644 0.000145909 0.63921
0.45295 0.244212 0.302838
0.899396 0.100604 0
0.0664829 0.405682 0.527835
0.931952 0.0680483 0
0.363428 0.386571 0.250001
0.756623 0.243377 0
0.215435 0.481452 0.303112
0.368002 0.631998 0
0.0770578 0.102778 0.820164
0.263523 7.38826e-05 0.736403
0.306931 0.00973886 0.683331
0.0609313 0.622661 0.316408
0.281713 0.333369 0.384918
0.081583 2.49227e-05 0.918392
0.966273 0.0337269 0
0.208865 0.270085 0.52105
0.21085 0.0784885 0.710662
0.266802 0.100791 0.632408
0.405661 0.594339 0
0.333535 0.666465 0
0.718208 0.281792 0
0.142393 0.857607 0
0.165921 0.0604614 0.773618
0.636354 0.000410805 0.363235
0.5786 0.171399 0.250001
0.869827 0.130173 0
0.000619636 0.298732 0.700648
0.115205 0.0278675 0.856928
0.119757 0.143839 0.736403
0.680381 0.319619 0
0.332523 0.18377 0.483706
0.0909562 0.208396 0.700648
0.426422 0.323179 0.250399
0.428 7.26468e-05 0.571927
0.3157 0.0741487 0.610152
0.271977 0.220175 0.507848
0.439252 0.0591719 0.501576
0.403006 0.138065 0.458929
0.0307906 0.185477 0.783732
0.249157 0.416511 0.334333
0.347534 0.10395 0.548517
0.480085 0.519915 0
0.00799961 0.690703 0.301298
0.160493 0.486196 0.353311
1 0 0
0.254375 0.745625 0
0.681399 0.022308 0.296293
0.129032 0.576426 0.294542
0.441542 0.558458 0
2.71051e-20 1 0
0.749999 0 0.250001
0.54988 0.0345025 0.415618
0.296368 0.453631 0.250001
0.0943941 0.655605 0.250001
0.108614 0.316815 0.574571
0.136979 0.243921 0.619101
0.217096 0.782904 0
0.291984 0.708016 0
0.483357 0.110686 0.405958
0.0126388 0.488535 0.498826
1.66791e-20 0.615351 0.384649
0.225075 0.316414 0.458511
0 0 1
0.425751 0.20166 0.372588
0.0657143 0.273988 0.660298
0.142525 0.358461 0.499013
0.511033 0.238569 0.250399
0.0814723 0.527856 0.390672
9.36916e-21 0.425429 0.574571
0.179912 0.820088 0
0.568164 0.431836 0
4.94458e-08 0.553278 0.446722
0.323135 0.248687 0.428178
0.0361821 0.963818 0
