0.209689 0.240958 0.549353
0.168045 0.57944 0.252515
0.0870494 0.912951 0
0.659614 0.0377105 0.302676
0.0651228 0.114443 0.820434
0.146322 0.197815 0.655864
3.52665e-21 0.749999 0.250001
0.0979496 0.621748 0.280303
0.130849 0.294146 0.575005
1 0 0
0.00764877 0.0623589 0.929992
0.143938 0.0757792 0.780282
0.41051 0.0195493 0.569941
0.0434742 0.478585 0.477941
0.595091 0.0529911 0.351918
0.678129 0.321871 0
0.37837 0.0890254 0.532605
0.384761 0.615239 0
0.0529423 0.381266 0.565792
0.0203565 0.59806 0.381583
0.590947 0.409053 0
0.55714 2.41963e-05 0.442836
5.55654e-17 1 0
0.0733387 9.90564e-10 0.926661
0.204973 1.33341e-05 0.795014
0.255669 0.405755 0.338576
0.556315 0.443685 0
0.15945 0.353381 0.487169
0.528245 0.085423 0.386332
0.232133 0.285462 0.482405
0.320236 0.240434 0.43933
0.648313 0.351687 0
0.48892 8.68009e-13 0.51108
1.33075e-05 0.260848 0.739138
0.446269 0.268137 0.285594
9.25919e-18 0.140578 0.859422
0.145775 0.467892 0.386332
0.191052 0.49623 0.312719
0.0257626 0.205746 0.768492
0.250537 0.749463 0
0.35021 0.64979 0
3.35085e-17 0.455843 0.544157
0.721433 0.278567 0
0.342435 0.296917 0.360648
0.616753 0.383247 0
0.0886638 0.275339 0.635997
0.0389966 0.961003 0
0.268198 0.204919 0.526883
0.284067 0.447342 0.268591
0.47605 0.191207 0.332743
0.758862 0.241138 0
0.324245 0.353225 0.32253
0.251073 0.000422012 0.748505
0.282106 0.717894 0
0.203066 0.116484 0.68045
0.460205 0.0671445 0.47265
0.157899 0.842101 0
0.239751 0.148966 0.611283
0.0652303 0.684769 0.250001
0.286405 0.0885322 0.625062
0.915009 0.0849913 0
0.521403 0.478597 0
0.000490596 0.566222 0.433287
0.2196 0.0608519 0.719548
0.235588 0.514407 0.250005
0.573763 0.176232 0.250005
0.214574 0.785426 0
0.418648 0.331351 0.250001
0 0 1
0.391353 0.22294 0.385707
0.193621 0.392662 0.413717
0.326273 3.9559e-07 0.673727
0.100503 0.0299397 0.869558
0.872126 0.127874 0
0.375126 0.000806677 0.624067
0.506067 0.24241 0.251523
0.453242 0.135233 0.411525
0.551679 0.135602 0.312719
0.365091 0.3834 0.251509
0.00049835 0.363284 0.636217
0.640534 0.109464 0.250001
0.959403 0.0405975 0
0.646937 0.000101957 0.352961
0.257603 0.321555 0.420842
0.186486 0.813514 0
0.108493 0.152756 0.738752
0.316321 0.683679 0
0.390538 0.174492 0.43497
0.126573 0.873427 0
0.486133 0.513867 0
0.416357 0.583643 0
1.12902e-17 0.669672 0.330328
0.104636 0.418503 0.476861
0.834306 0.165694 0
0.100941 0.542431 0.356628
0.794965 0.205035 0
0.749999 0 0.250001
0.329233 0.126824 0.543943
0.449989 0.550011 0
0.0275915 0.306868 0.665541
