0.380963 0.326318 0.292719
0.427477 0.572523 0
0.460945 0.539055 0
0.0181789 0.324185 0.657636
1.1399e-20 0.75 0.25
1.0171e-20 0.669205 0.330795
0.462132 0.287868 0.25
0.521599 0.0310458 0.447355
7.56522e-21 0.497757 0.502243
0.255529 0.423577 0.320894
0.103986 0.398473 0.497541
8.61787e-21 1.31422e-20 1
1.42352e-13 0.392482 0.607518
0.282205 0.467795 0.25
0.251619 0.0141527 0.734228
0.0962692 0.27233 0.631401
5.56365e-17 1 0
0.509575 0.157482 0.332943
0.582971 0.0873417 0.329687
0.698505 0.0262998 0.275196
0.0361496 0.96385 0
0.58478 0.144122 0.271098
0.0877003 0.661211 0.251089
0.487378 0 0.512622
0.368951 0.133329 0.49772
0.277975 0.21981 0.502215
0.270106 0.0546586 0.675235
0.699288 0.300712 0
0.171793 0.828207 0
0.152707 0.481784 0.365509
0.288187 0.0867554 0.625058
0.196686 0.385275 0.41804
0.191047 0.15532 0.653633
0.772637 0.227363 0
0.590886 3.91727e-09 0.409114
0.0234354 0.125339 0.851226
0.367317 0.382677 0.250006
0.0737042 0.926296 0
0.410358 0 0.589642
0.105791 0.894209 0
1.51659e-17 0.272589 0.727411
0.494083 0.505917 0
0.11881 0.452575 0.428615
0.345718 0.203372 0.45091
0.300176 0.342435 0.357389
0.330109 0.119293 0.550598
0.116872 0.553441 0.329687
0.527766 0.472234 0
0.438911 0.0403649 0.520724
0.961997 0.038003 0
1 0 0
0.44349 0.176469 0.380041
0.360555 0.639445 0
0.557494 0.442506 0
0.652542 0.0974579 0.25
0.0279978 0.427809 0.544194
0.668541 1.13751e-06 0.331458
0.363687 0.0722861 0.564027
1.06221e-21 0.0698888 0.930111
0.163974 0.327975 0.508051
0.205479 0.262345 0.532176
0.200005 2.26954e-06 0.799992
0.521386 0.100735 0.377879
0.535651 0.214349 0.25
0.394025 0.605975 0
0.163501 0.111578 0.724921
0.428069 0.251815 0.320115
0.342154 0.265939 0.391907
0.75 0 0.25
0.323702 0.676298 0
0.0690355 0.0197011 0.911263
0.0905117 0.145938 0.763551
0.877889 0.122111 0
0.666259 0.333741 0
2.94668e-21 0.193878 0.806122
0.175198 0.234156 0.590646
0.802995 0.197005 0
0.840298 0.159702 0
0.127843 1.12114e-13 0.872157
0.173278 0.576717 0.250005
0.248426 0.300664 0.45091
0.239682 0.181874 0.578444
0.451469 0.110928 0.437603
0.207523 0.792477 0
0.589029 0.410971 0
8.95512e-21 0.589206 0.410794
0.351159 5.97489e-07 0.64884
0.0548984 0.509911 0.435191
0.10516 0.0693122 0.825528
0.627111 0.372889 0
0.289821 0.710179 0
0.243369 0.756631 0
0.0877019 0.330687 0.581611
0.117425 0.198286 0.684289
0.0601718 0.225326 0.714502
0.926674 0.0733258 0
0.206206 0.508914 0.284879
0.0468632 0.604662 0.348475
0.737226 0.262774 0
0.135751 0.864249 0
