0.417875 0.332092 0.250033
0.520839 0.0874627 0.391699
0.747559 0.252441 0
1 0 0
0.00141351 0.342721 0.655866
0.184013 0.477018 0.338968
0 0 1
0.4277 0.132408 0.439892
0.379105 0.620895 0
0.249049 0.750951 0
0.356181 0.160767 0.483052
0.479624 0.214352 0.306024
0.784641 0.215359 0
0.457008 0.542992 0
0.401642 0.268644 0.329714
0.269182 0.453464 0.277353
0.0973818 0.902618 0
0.000205105 0.267081 0.732714
0.892258 0.107742 0
0.239252 0.0376095 0.723139
0.262313 0.146067 0.59162
0.559534 0.0191103 0.421356
0.503174 0.000104717 0.496721
0.0720048 0.443754 0.484241
0.0524884 0.310378 0.637134
0.0332961 0.966704 0
0.248775 0.336254 0.414971
0.681809 0.0360691 0.282122
6.10222e-05 0.670647 0.329292
0.00556722 0.395026 0.599407
0.167839 0.200453 0.631708
0.640417 0.359583 0
0.100005 0.627354 0.272641
0.422165 0.577835 0
0.566609 0.0823166 0.351075
0.813225 0.186775 0
0.0821213 0.0613271 0.856552
0.363446 0.0268758 0.609678
6.11494e-18 0.11005 0.88995
0.296569 0.0569924 0.646438
0.858524 0.141476 0
0.146454 0.390676 0.46287
0.300812 0.699188 0
0.293735 0.2346 0.471666
0.560364 0.185353 0.254284
0.0814565 0.510995 0.407548
0.240273 0.509726 0.250001
0.260282 0.40075 0.338968
0.49132 0.50868 0
0.0404679 0.0260827 0.933449
0.126446 0.156042 0.717512
0.185102 0.235077 0.579822
0.00273711 0.179741 0.817522
0.0993796 0.363038 0.537582
0.137491 0.862509 0
0.307872 0.000152249 0.691976
0.711212 0.288788 0
0.525244 0.474756 0
1.28322e-12 0.462645 0.537355
0.0138932 0.594462 0.391645
0.128392 0.298619 0.572989
4.2881e-21 0.749999 0.250001
0.628889 3.37367e-08 0.371111
5.55654e-17 1 0
0.0955146 0.110943 0.793542
0.110258 3.04937e-11 0.889742
0.195709 7.86157e-06 0.804283
0.0530705 0.189185 0.757744
0.56016 0.43984 0
7.70666e-05 0.533878 0.466044
0.627834 0.122165 0.250001
0.165703 0.43798 0.396316
0.348236 0.401763 0.250001
0.41661 0.0758692 0.507521
0.352832 0.22918 0.417988
0.749999 0 0.250001
0.175173 0.824827 0
0.441112 0.194514 0.364373
0.319757 0.336654 0.343589
0.304366 0.302952 0.392681
0.0562156 0.693751 0.250033
0.601808 0.398192 0
0.928126 0.0718735 0
0.0678749 0.932125 0
0.489628 0.260371 0.250001
0.433337 1.17825e-05 0.566651
0.212992 0.305057 0.481951
0.156992 0.0766615 0.766346
0.671902 0.328098 0
0.264189 0.202344 0.533467
0.082685 0.582891 0.334424
0.963927 0.0360735 0
0.0807435 0.236544 0.682713
0.21952 0.122239 0.658241
0.156962 0.531012 0.312026
0.171043 0.578649 0.250308
0.214913 0.785087 0
0.539894 0.138241 0.321865
0.337828 0.662172 0
0.341779 0.122484 0.535738
