0.651198 0.0988022 0.25
0.517284 0.096115 0.386601
0.483104 0.0326694 0.484227
0.0301891 0.28833 0.681481
0.00718693 0.69423 0.298583
0.142366 0.34281 0.514824
0 1 0
0.114804 0.261009 0.624187
0.0937412 0.203834 0.702425
0.000724324 0.601816 0.39746
0.75 0 0.25
0.227339 0.0117401 0.760921
0.121517 0.878483 0
0.135916 0.422195 0.441889
0.272118 0.426085 0.301797
5.183e-21 0.75 0.25
0.201365 0.31886 0.479775
0.332698 0.326271 0.34103
0.692214 0.0371561 0.27063
0.114932 0.020447 0.864621
5.16911e-15 0.5357 0.4643
0.0817692 0.316587 0.601643
0.293911 0.218283 0.487805
0.369661 0.191716 0.438623
0.180718 0.219609 0.599673
0.342468 0.13302 0.524512
0.526067 0.473933 0
0.165126 0.159407 0.675467
0.0315822 0.166515 0.801903
0.827406 0.172594 0
0.714155 0.285845 0
0.141956 0.586554 0.271491
0.0697257 0.39224 0.538034
0.395897 0.245544 0.358559
0.962605 0.0373953 0
1 0 0
0.182651 3.78868e-08 0.817349
0.0584978 0.614123 0.327379
0.565049 0.434951 0
0.119326 0.124977 0.755697
0.376998 0.623002 0
0.150056 0.849944 0
0.300761 0.699239 0
0.171919 0.487051 0.34103
0.675444 0.324556 0
0.08697 0.91303 0
0.194122 0.441121 0.364757
0.0674547 7.26552e-11 0.932545
0.0714694 0.494107 0.434424
0.454943 0.545057 0
0.000168415 0.364023 0.635808
0.447182 0 0.552818
0.00318251 0.238531 0.758287
0.108989 0.543818 0.347193
0.605734 0.0699903 0.324276
0.541122 0.140427 0.318451
0.796156 0.203844 0
0.580778 0.169222 0.25
0.578678 0.0157213 0.4056
0.221976 0.526365 0.251659
0.216144 0.249017 0.534839
0.394244 0.303959 0.301797
0.857782 0.142218 0
0.194371 0.0803328 0.725297
0.931952 0.0680479 0
0.239856 0.124336 0.635808
0.466491 0.20028 0.333229
0.225056 0.774944 0
0.270618 0.164687 0.564694
0.497106 0.240804 0.26209
0 0 1
0.754894 0.245106 0
0.599265 0.400735 0
0.00723614 0.0735107 0.919253
0.23692 0.365289 0.397791
0.363739 0.386261 0.25
0.637614 0.362386 0
5.35036e-15 0.436589 0.563411
0.347503 0 0.652497
0.650205 0 0.349795
0.451607 0.126001 0.422392
0.264236 0.735764 0
0.284422 0.46335 0.252228
0.416066 0.583934 0
0.302845 0.0763469 0.620808
0.492013 0.507987 0
0.0961825 0.65376 0.250058
0.548575 0 0.451425
0.0438648 0.468611 0.487524
0.335679 0.664321 0
0.452651 0.297349 0.25
0.084943 0.0902027 0.824854
0.286008 0 0.713992
0.403865 0.0783576 0.517777
0.892396 0.107604 0
0.270934 0.283584 0.445483
0.0421218 0.957878 0
0.366805 0.0412621 0.591933
0.184356 0.815644 0
0 0.130777 0.869223
