0.75 0 0.25
0.540716 1.93314e-12 0.459284
0.465143 0.534857 0
0.125473 0.117337 0.75719
0.69487 0.30513 0
0 0.452031 0.547969
0.544014 0.0400576 0.415929
0.323547 0.0981416 0.578312
0.0133574 0.709726 0.276917
0.307158 0.261129 0.431713
0.594773 0.0834446 0.321782
0.387277 0.171453 0.441271
0.0736194 0.57943 0.346951
0.455979 0.0784351 0.465586
0.412463 0.328765 0.258772
0.966789 0.0332109 0
0.297198 0.702802 0
0.191217 0.558783 0.25
0.260294 0.347996 0.39171
0.0380078 0.648084 0.313909
0.170258 0.381529 0.448213
0.29392 0.389925 0.316156
0.276213 0.197342 0.526445
0.0101172 0.171209 0.818674
0.471685 0.112387 0.415929
0.476447 0.273553 0.25
0.359582 0.390418 0.25
0.135534 0.518979 0.345487
0.644347 8.31516e-12 0.355653
0.377562 0.0441261 0.578312
1 0 0
0.039651 0.960349 0
0.690946 0.0275524 0.281501
0.000280198 0.520514 0.479205
0.387965 0.24401 0.368025
0.657456 0.342544 0
0.228363 0.4901 0.281537
0.167678 0.159344 0.672978
0.50462 0.134679 0.3607
0.0762829 0.195147 0.72857
0.368824 0.31871 0.312466
0.181297 0.818703 0
0.239675 0.0639131 0.696412
0.00312421 0.61233 0.384546
0 1 0
0.368214 0.631786 0
0.340891 2.59107e-10 0.659109
0.926322 0.0736779 0
0.104365 0.895635 0
0.209182 9.92103e-05 0.790719
0.398026 0.0886726 0.513301
5.31651e-07 0.318731 0.681268
0.270316 1.91921e-10 0.729684
0.432154 0.567846 0
0.631065 0.118935 0.25
2.99398e-06 0.235528 0.764469
0.531934 0.214505 0.253561
0.45334 0.0037469 0.542913
0.109502 1.19834e-07 0.890497
0.120284 0.465994 0.413722
0.0685372 0.439083 0.49238
0.261887 0.118282 0.619831
0.1363 0.231271 0.632429
0.0156537 0.359224 0.625122
0.0776134 0.672387 0.25
0.146946 0.0404943 0.81256
0.213697 0.423733 0.36257
0.148362 0.851638 0
0.581312 0.418688 0
0.774904 0.225096 0
0.108882 0.611323 0.279794
0.23751 0.29045 0.47204
0.213455 0.186413 0.600132
0.0429118 0.538167 0.418922
0.158705 0.328201 0.513094
0.556498 0.155852 0.28765
0.0783989 0.38214 0.539462
6.5223e-07 0.100389 0.899611
0.883297 0.116703 0
0.621373 0.378627 0
0.45623 0.201979 0.341791
0.0728055 0.0804499 0.846745
0.540413 0.459587 0
0.109442 0.309236 0.581322
0.221189 0.778811 0
0.199152 0.245901 0.554947
0 0 1
0.276008 0.473992 0.25
0.0382184 0.0265174 0.935264
0.0677401 0.93226 0
0.0531725 0.27092 0.675907
0.734881 0.265119 0
0.853347 0.146653 0
0.815613 0.184387 0
0 0.75 0.25
0.259415 0.740585 0
0.395015 0.604985 0
0.339082 0.174554 0.486365
0.499709 0.500291 0
0.335226 0.664774 0
