0.153217 0.846783 0
0.209218 0.270605 0.520177
0.0618836 0.688094 0.250022
0.743229 0.256771 0
1 0 0
0.157858 0.107056 0.735085
2.12402e-05 0.246182 0.753796
0.0484724 0.461958 0.48957
0.426129 0.0231408 0.55073
2.40292e-17 0.432739 0.567261
0.343337 0.656663 0
0.375433 0.624567 8.88178e-16
0.204168 0.15914 0.636693
0.327127 0.0711358 0.601738
0.163112 0.0416245 0.795263
0.0855231 0.505592 0.408885
0.315755 0.153953 0.530291
0.179663 0.570337 0.25
0.580918 0.00312312 0.415959
5.55281e-17 1 0
0.134169 0.416748 0.449083
0.248009 0.328607 0.423384
0.304613 0.695387 0
0.444818 0.555182 0
0.404838 0.217092 0.37807
0.591891 0.0767893 0.33132
0.676988 0.0512732 0.271738
0.207612 0.512711 0.279677
0.00037872 0.311842 0.687779
9.85874e-21 0.64866 0.35134
0.386487 1.13028e-06 0.613511
0.84358 0.15642 8.88178e-16
0.173581 0.232218 0.5942
0.157041 0.475717 0.367242
0.278866 0.471134 0.25
0.370642 0.299231 0.330127
0.532111 0.0946178 0.373271
0.144019 1.25947e-11 0.855981
0.807942 0.192058 0
1.51733e-07 0.539312 0.460688
0.0181216 0.176953 0.804925
0.446403 0.28256 0.271037
0.411121 0.338879 0.25
0.956117 0.0438829 1.11022e-16
0.324834 0.41129 0.263876
0.773232 0.226768 0
0.145505 0.332166 0.522329
2.47334e-21 1.92868e-20 1
0.586664 0.413336 0
0.548701 0.451299 0
0.00716494 0.368469 0.624366
0.0494329 0.230758 0.719809
0.026083 0.590653 0.383264
0.879898 0.120102 0
0.327551 0.263607 0.408843
1.1399e-20 0.75 0.25
0.123192 0.550078 0.32673
0.284823 0.229743 0.485434
0.480737 0.519263 0
0.409084 0.590916 1.11022e-16
0.443336 0.138485 0.41818
0.517816 0.482184 0
0.48103 0.188843 0.330127
0.280077 0.371097 0.348826
0.75 0 0.25
0.0858558 0.158215 0.755929
0.002815 0.0599834 0.937202
0.267355 0.732645 0
0.364134 0.189282 0.446584
0.473341 0.0660746 0.460585
0.32236 0.00540671 0.672233
0.558144 0.157348 0.284508
0.103065 0.307401 0.589534
0.663531 0.336469 0
0.10873 0.89127 0
0.0870822 0.617084 0.295834
0.000103391 0.133541 0.866356
0.190975 0.809025 0
0.0720207 0.927979 0
0.0624695 0.399755 0.537776
0.515634 0.234344 0.250022
0.615735 0.134265 0.25
0.915048 0.0849517 0
0.369466 0.108355 0.522179
0.250155 6.20488e-05 0.749783
0.233246 0.443713 0.32304
0.62324 0.37676 0
0.484606 0.000216126 0.515178
0.132048 0.190585 0.677366
0.0737508 0.00323546 0.923014
0.212023 0.0808821 0.707095
0.251523 0.181987 0.56649
0.0352575 0.964742 0
0.0773396 0.277289 0.645371
0.0774922 0.0757775 0.84673
0.200443 0.390315 0.409243
0.698092 0.301908 0
0.651896 8.0558e-06 0.348096
0.228947 0.771053 0
0.2674 0.100289 0.632311
