0 1 0
0.229978 0.311571 0.458451
0.146684 0.853316 0
0.354967 0.395033 0.25
0.853376 0.146624 0
0.557533 0.442467 0
0.611333 0.079217 0.30945
0.17321 0.418747 0.408043
0.110293 0.889707 0
0.51924 0.48076 0
0.960449 0.0395509 0
0.26812 0.1088 0.62308
0.284613 0.433737 0.28165
0.188521 0.811479 0
0.632894 6.69641e-05 0.367039
0.457052 0.231957 0.310991
1.90409e-10 0.1471 0.8529
0.455895 0.113525 0.43058
0.289948 0.218776 0.491276
0.682004 0.0595926 0.258403
0.0986532 0.433598 0.467749
0.420986 0.0794587 0.499555
0.328675 0.357906 0.313419
0 0.75 0.25
0.617304 0.132696 0.25
0.0866128 0.578291 0.335096
0.0250537 0.335682 0.639265
0.236248 0.513637 0.250115
0.219048 1.11804e-10 0.780952
6.54799e-12 0.477141 0.522859
0.592743 0.407257 0
0.773607 0.226393 0
0.0745869 0.25965 0.665763
0.703465 0.296535 0
0.0623278 0.401256 0.536417
0.626717 0.373283 0
0.346994 0.653006 0
0.504083 0.159037 0.33688
1 0 0
0.169433 0.105201 0.725366
0 0.676049 0.323951
0.0562563 0.518461 0.425283
0.545744 0.07935 0.374906
0.123445 0.495927 0.380628
0.287813 0.324349 0.387839
0.00522574 0.19355 0.801225
0.299453 0.00753267 0.693014
0.101365 0.156279 0.742356
0.265714 0.734286 0
0.120733 0.299978 0.579289
0.305334 0.694666 0
0.924652 0.0753479 0
0 0.391487 0.608513
0.121893 0.628107 0.25
0.127051 0.0681532 0.804796
0.37311 0.167161 0.459728
0.435841 0.564159 0
0.0132259 0.604377 0.382397
0.1923 0.151268 0.656432
0.420576 0.318762 0.260663
0.227765 0.772235 0
0.815609 0.184391 0
0.408157 0.203694 0.388149
0.402382 0.00738183 0.590236
0.166623 0.549105 0.284272
0.540335 0.199003 0.260663
0.0890005 0.000318071 0.910681
0.741658 0.258342 0
0.507041 0.0228827 0.470076
0.0617826 0.215076 0.723141
0.204872 0.258711 0.536417
0.237835 0.0612292 0.700935
0.39171 0.60829 0
0.343122 0.0850926 0.571785
0.0489068 0.701093 0.25
0.0478581 0.114153 0.837988
0.360153 0 0.639847
0.379418 0.283702 0.33688
0.482787 0.267213 0.25
0 0 1
0.75 0 0.25
0.478052 0.521948 0
0.322169 0.252957 0.424874
0.244372 0.386149 0.369479
0.663709 0.336291 0
0.688527 0 0.311473
0.00659773 0.0663024 0.9271
0.156151 0 0.843849
0.160668 0.220578 0.618754
0.0733877 0.926612 0
0.0341382 0.965862 0
0.304441 0.154879 0.54068
0.476958 9.50135e-13 0.523042
0.155587 0.363169 0.481244
0.244943 0.189815 0.565242
0.204226 0.466741 0.329033
0.580924 0.00136585 0.417711
0 0.276152 0.723848
0.88986 0.11014 0
0 0.545066 0.454934
