0.634452 0.365548 0
0 1 0
0.196605 0.803395 0
2.35885e-07 0.336875 0.663125
0.369991 0.0140467 0.615962
0.124024 0.875976 0
0.0146709 0.0419226 0.943406
0.332168 0 0.667832
0.296207 0.266049 0.437744
0.337717 0.15961 0.502673
0.565437 0.184563 0.25
0.296583 0.453417 0.25
0.476765 0.00882784 0.514408
0.53011 0.073028 0.396862
0.237926 5.00339e-05 0.762024
0.421066 0.578934 0
0.247119 0.415738 0.337143
0.316056 0.0884085 0.595536
0.150064 0.0117545 0.838182
0.369065 0.241597 0.389337
0 0 1
0.75 0 0.25
0.848019 0.151981 0
0.199994 0.388768 0.411239
0.266212 0.190993 0.542796
0.000132499 0.588592 0.411276
0.615749 0.0163786 0.367872
0.35775 0.64225 0
0.0091808 0.256198 0.734621
0.0908724 0.559266 0.349861
0.088436 0.661564 0.25
0.707868 0.292132 0
0.171119 0.174891 0.653989
0.454684 0.208864 0.336452
0.037224 0.533188 0.429588
0.00326621 0.398491 0.598243
0.154661 0.0670492 0.77829
0.140524 0.479761 0.379715
0.961063 0.0389365 0
0.410802 0.339198 0.25
0.0839428 0.343018 0.573039
1 0 0
0.88052 0.11948 0
0.152469 0.309657 0.537874
0.37842 0.0941167 0.527464
0.181293 0.568707 0.25
0.204646 0.218896 0.576458
0.159206 0.840794 0
0.32278 0.67722 0
0.545088 0.000392924 0.454519
0.454631 0.0818031 0.463566
0.260729 0.121656 0.617615
0.067543 0.229499 0.702958
0.276128 0.344157 0.379715
0.0850996 0.000390513 0.91451
0.0810722 0.621166 0.297761
0.0463578 0.953642 0
0.355602 0.368898 0.275499
0.171728 0.513336 0.314936
0.275821 0.0349973 0.689182
0.504912 0.231937 0.263151
0.744526 0.255474 0
0.817829 0.182171 0
0.233901 0.494579 0.27152
0.0845272 0.915473 0
0.241166 0.758834 0
0.123055 0.136747 0.740197
0.187153 0.112311 0.700537
0.680867 0.047757 0.271376
0.2113 0.31825 0.47045
0.13197 0.389429 0.478601
0 0.75 0.25
0.387561 0.612439 0
0.920061 0.0799389 0
0.401621 0.16234 0.436039
0.486715 0.14089 0.372396
0.0352303 0.149735 0.815034
0.0937494 0.0624774 0.843773
0.0567898 0.422761 0.520449
0.532252 0.467748 0
0.0940006 0.464308 0.441691
0.492344 0.507656 0
0.426439 0.269741 0.30382
0.339408 0.315937 0.344655
0.779157 0.220843 0
0.598439 0.401561 0
0.625874 0.124126 0.25
0.67145 0.32855 0
0.238199 0.244053 0.517748
6.52158e-22 0.0993461 0.900654
0.284071 0.715929 0
0 0.675562 0.324438
0.591022 0.0820589 0.326919
0.663334 0 0.336666
0.0926129 0.264645 0.642742
0.456114 0.543886 0
7.45123e-07 0.208814 0.791185
0 0.491683 0.508317
0.431598 9.98178e-07 0.568401
0.563518 0.436482 0
