0.4221 0.0784612 0.499439
0.217095 0.782905 0
0.270955 0.410676 0.318369
2.10749e-06 0.478308 0.52169
0.529932 0.470068 0
0.770978 0.229022 0
0.637401 0.362599 0
0.214633 0.000159027 0.785208
0.309023 0.126072 0.564905
0.0521643 0.00721316 0.940622
0.137968 0.533171 0.328861
0.128225 0.621775 0.25
0.461051 0.241208 0.297741
0.451298 0.19251 0.356192
0 1 0
0.536089 0.213861 0.25005
0 0.597851 0.402149
0.672408 0.327592 0
0.0768005 0.440661 0.482539
0.0122908 0.158054 0.829655
0.155138 0.844862 0
0.0497946 0.595609 0.354596
0.205243 0.198544 0.596213
0.49347 0.50653 0
0.0900755 0.158567 0.751357
0.437181 0.145258 0.417561
0.325695 0.674305 0
0.272246 1.14887e-09 0.727754
0.0957454 0.50433 0.399924
0.209789 0.30371 0.486501
0.359604 0.640396 0
0.365692 0.0537019 0.580606
0.610471 3.19322e-06 0.389526
0.0773577 0.672642 0.25
0.15064 0.174517 0.674843
0.803937 0.196063 0
0.75 0 0.25
0.875841 0.124159 0
0.354345 0.207807 0.437848
0.228572 0.46866 0.302768
0.117675 0.350936 0.53139
0.615105 0.0619328 0.322962
0.288794 0.711206 0
0.912311 0.0876891 0
0.550824 0.138949 0.310227
0.291984 0.285075 0.422941
0.105589 0.894411 0
0.254172 0.745828 0
0.481404 6.26271e-11 0.518596
0.364473 0.269775 0.365751
0.318341 0.340809 0.34085
0.63106 0.118938 0.250001
0.547937 0.0151817 0.436882
0.342205 0.155375 0.502421
0.0512153 0.384146 0.564639
0.135267 0.119121 0.745612
1.02328e-13 0.077412 0.922588
0.120477 7.76503e-10 0.879523
2.2903e-05 0.313284 0.686693
0 0 1
0.159791 0.393512 0.446697
0.662458 5.8852e-06 0.337537
0.00155232 0.682754 0.315694
0.176719 0.449592 0.373689
0.0643186 0.236693 0.698989
0.528287 0.0955542 0.376159
0.68706 0.0246987 0.288242
1.40652e-20 0.75 0.25
0.222736 0.12838 0.648884
0.397714 0.602286 0
1 0 0
0.0368009 0.963199 0
0.458067 0.541933 0
0.230749 0.0559156 0.713336
0.738163 0.261837 0
0 0.543567 0.456433
0.0806076 0.088421 0.830971
0.339678 0.000465256 0.659857
5.33799e-13 0.403822 0.596178
0.435111 0.314887 0.250001
0.4771 0.0561203 0.46678
0.168594 0.262332 0.569073
0.291814 0.458186 0.25
0.197984 0.552016 0.25
0.239638 0.37105 0.389313
0 0.229485 0.770515
0.0719886 0.928011 0
0.955567 0.0444332 0
0.603851 0.396149 0
0.416601 5.41967e-11 0.583399
0.840989 0.159011 0
0.266585 0.2218 0.511615
0.079838 0.299291 0.620871
0.289358 0.0742282 0.636414
0.18551 0.81449 0
0.36734 0.382659 0.25
0.705688 0.294312 0
0.426073 0.573927 0
0.161361 0.0393089 0.79933
0.566923 0.433077 0
