0 0.75 0.25
0.138363 0.861637 0
0.0344174 0.965583 0
0.200443 0.361031 0.438525
0.282461 0.244236 0.473303
0.103586 0.646413 0.25
0.022707 0.238662 0.738631
0.685185 0.0587595 0.256056
0.0855254 0.511228 0.403247
0.524442 0.0937041 0.381854
0.768913 0.231087 0
0.222935 0.269534 0.50753
0 0.394044 0.605956
1.47903e-05 0.179975 0.820011
0.2443 0.405137 0.350563
5.56196e-17 1 0
0.039833 0.0252076 0.934959
0.551239 0.0349743 0.413787
0.134406 0.530568 0.335026
0.500024 0.499976 0
0.408409 0.3263 0.265291
0.161987 0.572414 0.265599
0 0 1
0.266413 0.195327 0.53826
0.0987069 0.131089 0.770204
0.0925386 0.596314 0.311147
0.410547 0.19954 0.389913
0.174269 0.825731 0
0.150692 0.307409 0.5419
0.291229 0.708771 0
0.329218 0.670782 0
0.465273 0.534727 0
0.239527 0.0887107 0.671762
0.436101 0.563899 0
0.211814 0.788186 0
0.159788 0.448102 0.39211
1 0 0
0.0730274 0.470718 0.456254
0.364935 0.287963 0.347102
0 0.653665 0.346335
0.468852 0.281147 0.25
0.535673 0.464327 0
0.661759 0.338241 0
0.111892 2.82201e-09 0.888108
0.0714641 0.928536 0
0.490276 0.156513 0.35321
0.698485 0.301515 0
0.25103 0.74897 0
0.126528 0.0319165 0.841556
0.275069 0.000616372 0.724314
0.000403484 0.518578 0.481019
0.108299 0.891701 0
0.205016 0.151347 0.643637
0.505647 0.00303126 0.491321
1.12514e-12 0.0843071 0.915693
0.0983772 0.286783 0.61484
0.0397333 0.687167 0.2731
0.581019 0.126609 0.292372
0.339895 0.155824 0.504281
0.605606 1.94966e-08 0.394394
0.457533 0.220514 0.321953
0.32812 0.361044 0.310836
0.169833 0.0932536 0.736913
0.274825 0.472893 0.252282
0.311438 0.0194728 0.669089
0.0524358 0.101556 0.846009
0.621031 0.378969 0
0.212269 0.484442 0.303289
0.593976 0.0652645 0.340759
0.202646 0 0.797354
0.839464 0.160536 0
0.268188 0.311623 0.420188
0.0134286 0.586424 0.400147
0.353764 0.396236 0.25
0.373011 0.626989 0
0.299613 0.112252 0.588136
0.882225 0.117775 0
0.577903 0.422097 0
0.454522 0.000214277 0.545264
0.207452 0.542548 0.25
0.0420393 0.450598 0.507363
0.319487 0.265471 0.415042
0.406109 0.593891 0
0 0.316244 0.683756
0.388592 0.000102266 0.611306
0.636308 0.113692 0.25
0.375719 0.0790165 0.545264
0.121723 0.385001 0.493276
0.123342 0.193645 0.683012
0.07356 0.362542 0.563898
0.665981 0 0.334019
0.733303 0.266697 0
0.378078 0.169059 0.452864
0.920705 0.0792945 0
0.45184 0.105665 0.442495
0.803747 0.196253 0
0.184152 0.222421 0.593428
0.75 0 0.25
0.959655 0.0403452 0
0.540295 0.209668 0.250037
