0.75 0 0.25
0.779765 0.220235 0
0.000459403 0.382177 0.617364
0.348587 0.651413 0
0.290576 0.00578426 0.70364
0.0293179 0.0259012 0.944781
0.349218 0.145684 0.505098
0.709075 0.290925 0
0.51351 0.0972059 0.389284
0.317178 0.0734369 0.609386
0.637839 0.112161 0.25
0.321704 0.269365 0.408931
0.598011 0.0748235 0.327166
0.0782108 0.241532 0.680257
0.195478 0.554498 0.250024
0.181041 0.338211 0.480748
0.904318 0.0956822 0
1 0 0
0.469383 0.530617 0
0.105096 0.643925 0.250979
0.159036 0.138361 0.702603
0.261994 0.0989642 0.639042
0.489336 0.260664 0.25
0.54152 0.0252384 0.433242
0.359766 0.189407 0.450827
0.817366 0.182634 0
0.147692 0.852308 0
0.869424 0.130576 0
0.515785 0.484215 0
0.49201 0 0.50799
0.211418 0.788582 0
0.103706 0.293565 0.602729
0.257139 0.292189 0.450673
0.454844 0.127134 0.418022
0.309271 0.340896 0.349833
0.000346742 0.439704 0.559949
0.23438 0.372152 0.393467
0.453208 0.237208 0.309585
0.280671 0.469329 0.25
0.552087 0.19143 0.256483
0.350458 0.396365 0.253177
0.521629 0.151205 0.327166
0.38078 0.30708 0.312139
0.0742416 0.36468 0.561079
0.108962 0.0670324 0.824005
0 0 1
0 1 0
0.313534 0.686466 0
8.64316e-08 0.270625 0.729375
4.69719e-08 0.678986 0.321014
0.280187 0.20583 0.513982
0.247589 0.15752 0.594892
0.553348 0.446652 0
0.669471 0.330529 0
0.434798 0.00459905 0.560603
0.0873665 0.178746 0.733887
0.0990382 0.596566 0.304396
0.676237 0.0336703 0.290093
0.585738 0.414262 0
9.63543e-10 0.606533 0.393467
0.129204 0.425294 0.445502
0.055393 0.447633 0.496974
0.0486017 0.090553 0.860845
0.958333 0.0416671 0
0.657011 0 0.342989
0.129868 0.10339 0.766742
0.114047 0.502501 0.383452
0.246121 0.753879 0
0 0.75 0.25
0.0219928 0.31785 0.660157
2.49691e-05 0.179303 0.820672
3.43015e-08 0.112789 0.887211
0.417129 0.332871 0.25
0.164564 0.207608 0.627828
0.0766155 0.923384 0
4.39088e-09 0.527284 0.472716
0.271717 0.410321 0.317962
0.214013 0.240477 0.545511
0.422867 0.112464 0.464668
0.598119 0 0.401881
0.161514 0.301732 0.536754
0.0478885 0.539515 0.412596
0.40716 0.219048 0.373792
0.741398 0.258602 0
0.242083 0.000268325 0.757648
0.201783 0.465217 0.332999
0.207777 0.0597744 0.732448
0.02187 0.217497 0.760633
0.0373141 0.962686 0
0.365062 0 0.634938
0.0880827 0 0.911917
0.144024 0.000867475 0.855108
0.180077 0.819923 0
0.628696 0.371304 0
0.116968 0.883032 0
0.158322 0.52308 0.318598
0.386486 0.0699312 0.543582
0.390174 0.609826 0
0.280929 0.719071 0
0.43162 0.56838 0
