0.408917 0.591083 0
0.451529 0.147343 0.401128
1.68867e-10 0.0923399 0.90766
1.17543e-20 0.578208 0.421792
0.188704 0.35808 0.453216
0.567258 0.0293288 0.403413
0.194187 0.805813 0
0.236788 0.141377 0.621835
0.152413 0.0657101 0.781877
0.097534 0.222393 0.680073
0.484372 0.515628 0
0.851366 0.148634 0
0.120276 0.145251 0.734473
0.706492 0.293508 0
0.0762909 0.616212 0.307497
0.688349 0.0152652 0.296386
0.63758 0.00436878 0.358051
0.234623 0.765377 0
0.245811 0.00126573 0.752923
0.0699752 0.346852 0.583173
0.813889 0.186111 0
0.37207 0.62793 0
0.66686 0.33314 0
0.387997 0.0880173 0.523986
0.486405 0.191087 0.322508
0.0889567 0.545389 0.365654
0.249239 0.370402 0.38036
0.55072 0.44928 0
0.0164343 0.422311 0.561255
0.264075 0.308177 0.427749
0.522042 0.227958 0.25
2.03288e-20 1 0
0.517897 0.135012 0.347091
0.74336 0.25664 0
0.0377962 0.292002 0.670202
0.144753 0.312808 0.542438
0.280715 0.0600922 0.659192
0.451355 3.93357e-12 0.548645
0.778266 0.221741 1.07121e-06
0.0660015 0.087375 0.846624
0.383442 0.213132 0.403426
0.890742 0.109258 0
0.454752 0.295248 0.25
0.611433 0.138457 0.25011
3.32119e-10 0.656933 0.343067
3.47174e-21 0.17078 0.82922
0.585328 0.0921641 0.322508
0.240215 0.509785 0.25
0.515821 0.484179 0
0.155338 0.844662 0
0.367754 0.380989 0.251257
0.317056 0.101392 0.581552
0.291201 0.170215 0.538584
0.964286 0.035714 0
0.0290316 0.0295795 0.941389
0.124425 0.490726 0.384849
0.105106 0.000623546 0.89427
0.332914 0.274621 0.392466
0.0488899 0.692491 0.258619
0.162478 0.432263 0.405259
0.75 0 0.25
0.0458786 0.17637 0.777751
2.97168e-11 0.254061 0.745939
0 0.75 0.25
0.200163 0.0986042 0.701232
0.628469 0.371531 0
0.244151 0.229201 0.526648
0.216374 0.45822 0.325405
0.165406 0.177046 0.657548
0.10138 0.387005 0.511614
0.523731 1.67716e-12 0.476269
0.181928 0.535204 0.282868
0.308721 0.371173 0.320106
0.407404 0.116327 0.476269
0.172063 0.240383 0.587554
0.320911 1.42513e-16 0.679089
0.303147 0.696853 0
0.927989 0.0720113 0
0.16683 3.65717e-10 0.83317
0.446516 0.553484 0
0.312458 0.216496 0.471046
0.0775955 0.922405 0
0.383631 0.0149096 0.601459
0.117457 0.882543 0
0.294102 0.4351 0.270797
0.269251 0.730749 0
0.0339888 0.966011 0
0.496814 0.0713676 0.431818
0.372344 0.312649 0.315007
0.112917 0.266352 0.620731
0.591929 0.408071 0
0.420826 0.241754 0.33742
0 0 1
7.59027e-21 0.373376 0.626624
0.066631 0.446477 0.486892
0.343204 0.656796 0
0.1504 0.5996 0.25
1 0 0
6.55431e-07 0.494811 0.505188
0.669773 0.0802265 0.25
