0.917288 0.0827123 0
0.215348 0.784652 0
0.071056 0.376739 0.552205
0.350341 0.0108281 0.638831
0.127429 0.245899 0.626672
0.653665 0.346335 0
0.0957218 0.648451 0.255827
4.64352e-06 0.365389 0.634606
0.0519765 0.0218719 0.926152
0.598739 0.106646 0.294615
0.00284382 0.573954 0.423202
0.0073097 0.204222 0.788469
0.157354 0.350426 0.49222
0.367112 0.632888 0
0.349804 0.207939 0.442257
0.414999 0.296547 0.288454
0.750663 0.249337 0
0.162382 0.073972 0.763646
0.274156 0.38216 0.343685
1.13979e-20 0.638517 0.361483
0.50119 0.49881 0
0 1 0
0.574248 0.425752 0
0.0369223 0.291074 0.672004
0.340204 0.334344 0.325451
0.480139 0.096659 0.423202
0.0804475 0.22092 0.698633
0.487465 0.262533 0.250002
0.305615 0.169036 0.525349
0.182792 0.414876 0.402331
0.133315 0.866685 0
0.960641 0.0393592 0
0 0.262968 0.737032
0.128689 9.55058e-05 0.871216
0.177636 0.185121 0.637243
0.296741 0.453259 0.25
0.851493 0.148507 0
0.37854 0.261441 0.360019
0.508852 0.136193 0.354954
0.22536 0.314877 0.459763
0.458271 0.0462508 0.495478
0.397479 0.0707983 0.531722
0.17867 0.82133 0
0.610042 0.389958 0
0.555009 0.193676 0.251315
0.012857 0.694126 0.293017
0.104029 0.16151 0.73446
0.231271 0.199965 0.568764
0.205767 0.467021 0.327212
0.390112 0.1251 0.484789
0.648869 0.101131 0.25
0.326475 0.0937593 0.579766
0.33429 0.66571 0
0.431833 0.568167 0
0.0647121 0.609723 0.325565
0.671506 0.0207818 0.307713
0.0411022 0.435533 0.523365
0.570381 0.0441979 0.385421
0.689461 0.310539 0
0.293993 0.706007 0
0.133224 0.508216 0.35856
1.76371e-06 0.101399 0.898599
0.0949086 0.0761654 0.828926
1 0 0
1.33879e-20 0.75 0.25
0.0227119 0.137052 0.840236
0.416743 0.170397 0.41286
0.189617 0 0.810383
0.463751 0.218597 0.317652
0.720246 0.279754 0
0.538392 0 0.461608
0.0326507 0.967349 0
0.254054 0.745946 0
0.538783 0.461217 0
0.231686 0.515963 0.252351
0.105843 0.894157 0
0.216438 0.0937437 0.689819
0.0831175 0.530673 0.38621
0.818827 0.181173 0
0.267821 0.24408 0.488099
0.635246 0 0.364754
0.0994146 0.460254 0.440331
0.75 0 0.25
0.881466 0.118534 0
0.104327 0.32092 0.574752
0.316553 9.18015e-09 0.683447
0.0689644 0.931036 0
0.168232 0.581768 0.25
0.187818 0.272949 0.539233
0.376242 0.373555 0.250203
0.395334 0.604666 0
0.785887 0.214113 0
0 0.414702 0.585298
0.237481 0.0282726 0.734247
0.000395681 0.507666 0.491939
0.296922 0.290219 0.41286
0 0 1
0.465277 0.534723 0
0.259269 0.0969667 0.643764
0.444012 0 0.555988
