0.434274 0.280689 0.285037
0.0382179 0.563912 0.39787
0 0.75 0.25
0 0.432889 0.567111
0.159543 0.25658 0.583877
0.482457 0.100844 0.416699
0.588712 0.411288 0
1.29282e-17 0.232667 0.767333
1 0 0
0.163703 0.143178 0.693119
0.663772 0.336228 0
0.518527 0.481473 0
0.344302 0.116554 0.539144
0.0858104 0.335285 0.578905
0.704414 0.295586 0
0.744236 0.255764 0
0.92008 0.0799196 0
0.400567 0.349433 0.25
0.397886 0.150964 0.45115
0.560667 0.113685 0.325648
0.676916 0.00671981 0.316364
0.193583 0.481564 0.324853
0.308648 0.312926 0.378427
0.595502 0.0551937 0.349304
0.00905057 0.521607 0.469342
0.307186 0.692814 0
0.269947 0.273034 0.457019
0.131676 0.535935 0.332389
0.451073 0.548927 0
0.0290864 0.970914 0
0.625586 0.374414 0
0.323987 0.0543848 0.621628
0.178481 0.00791113 0.813608
0.60213 3.56711e-13 0.39787
0.263306 0.736694 0
0.244741 0.220419 0.534841
0.0765281 0.18539 0.738082
0.00554978 0.31455 0.6799
0.234476 0.510964 0.25456
0.82233 0.17767 0
0.487877 0.258013 0.25411
0.0802388 0.669761 0.25
0.143291 0.856709 0
0.117064 8.55489e-08 0.882936
0.00504633 0.0940976 0.900856
0.0837888 0.492285 0.423926
0.19595 0.287697 0.516354
0.211791 0.064294 0.723915
0.129843 0.106424 0.763732
0.070806 0.929194 0
0.240835 0.10007 0.659094
0.37586 0.269788 0.354352
0.540847 0.209153 0.25
0.314713 0.188742 0.496544
0.270593 0.135811 0.593596
0.75 0 0.25
0.0829425 0.605298 0.31176
0.0870468 0.422401 0.490553
0.225524 0.774476 0
0.192651 0.180975 0.626375
0.963116 0.0368841 0
0.497678 0.146595 0.355726
0.163153 0.586615 0.250232
0.377003 0.622997 0
0.412418 0.587582 0
0.183976 0.434932 0.381092
0.125611 0.229701 0.644688
0.489507 0.510493 0
0 0 1
0.670622 0.0789655 0.250413
0.0430383 3.14518e-08 0.956962
0.108226 0.891774 0
0.221766 0.347333 0.430901
0.554799 0.445201 0
0.597437 0.148453 0.25411
0.424311 0.0736131 0.502076
0.880361 0.119639 0
0.275189 0.400649 0.324162
0.242622 5.86975e-11 0.757378
0.140267 0.369997 0.489736
0.411788 1.05853e-11 0.588212
0.339049 0.660951 0
0.356107 0.216446 0.427447
0.540311 0.0243732 0.435316
0.0616496 0.271203 0.667148
0.856266 0.143734 0
0.0836467 0.0802329 0.83612
0.785536 0.214464 0
3.49381e-12 0.163705 0.836295
0.356014 0.333539 0.310448
0.492005 6.89642e-05 0.507926
0.333047 1.06877e-10 0.666953
0 0.371741 0.628259
0.458714 0.198884 0.342402
0.309822 0.440178 0.25
0 0.480975 0.519025
0.184204 0.815796 0
0 0.610839 0.389161
5.55654e-17 1 0
0.0155408 0.674552 0.309907
