0.137932 0.482755 0.379313
0.4 0.6 0
0.800006 0.199994 0
0.483027 0.137862 0.379112
0.866661 0.133339 0
0.13334 0.86666 0
0.344828 0.172414 0.482759
0.379313 0.275857 0.34483
0.206896 0.344828 0.448276
0.41375 0.000103435 0.586147
0.068966 0.344821 0.586213
0.00010312 0.586146 0.41375
0.966666 0.0333344 0
0.0333331 0.966667 0
0.655105 0.00010338 0.344792
0.254964 0.271533 0.473503
0.275833 0.000103266 0.724064
0.000103419 0.448233 0.551664
0.214263 0.00010232 0.785635
0.37037 0.62963 0
0.35714 0.39286 0.25
0.000103367 0.379271 0.620625
0.233331 0.766669 0
0.185186 0.407405 0.407409
0.107143 0.892857 0
0.379606 0.0689325 0.551461
0.137931 0.413792 0.448277
0.892855 0.107145 0
0.599997 0.400003 0
0.107336 0.034335 0.858329
0.5 0.25 0.25
0.000103428 0.137919 0.861977
0.166639 9.26722e-05 0.833268
9.22258e-05 9.42764e-05 0.999813
0.108825 0.310785 0.58039
0.517188 0.000103432 0.482708
0.333346 0.33333 0.333324
0.000103411 0.517188 0.482708
0.29941 0.187322 0.513268
0.689663 0.0344818 0.275855
0.000101017 0.639949 0.35995
0.551727 0.448273 0
9.95627e-05 0.9999 0
0.482763 0.517237 0
0.519982 0.480018 0
0.275862 0.413793 0.310345
0.175201 0.124012 0.700788
0.346104 0.000102879 0.653794
0.310346 0.068963 0.620691
0.586118 0.103471 0.310411
0.9999 9.99799e-05 0
0.760001 0.239999 0
0.142859 0.607141 0.25
0.0356395 0.712788 0.251573
0.24138 0.482759 0.275861
0.269248 0.730752 0
0.000103227 0.241356 0.75854
0.103449 0.55172 0.34483
0.689657 0.310343 0
0.142847 0.21427 0.642883
0.214283 0.249995 0.535721
0.444443 0.148148 0.407409
0.31034 0.68966 0
0.749898 0.000102247 0.25
0.60708 0.0001011 0.392819
0.0001022 0.749898 0.25
0.172414 0.517241 0.310345
0.0666701 0.433289 0.500041
0.206891 0.172417 0.620691
0.413785 0.206912 0.379303
0.172403 0.275866 0.551732
0.172409 0.827591 0
0.629619 0.370381 0
0.250671 0.0681196 0.68121
0.827586 0.172414 0
0.068964 0.137928 0.793108
0.613634 0.136366 0.25
0.428573 0.571427 0
0.448282 0.103442 0.448277
0.0666591 8.69606e-05 0.933254
0.0666692 0.933331 0
0.730766 0.269234 0
0.517241 0.172414 0.310345
0.933326 0.0666736 0
0.0344807 0.275863 0.689656
0.464248 0.000100138 0.535652
0.0669893 0.5024 0.43061
0.275871 0.13793 0.5862
0.275862 0.344827 0.37931
0.214282 0.535718 0.25
0.137931 0.103447 0.758621
0.428572 0.285718 0.285711
0.344865 0.241366 0.413769
0.502407 0.0669824 0.43061
0.137928 0.344828 0.517244
0.396829 0.134187 0.468985
0.0333393 0.0666786 0.899982
0.206903 0.448261 0.344835
0.0689402 0.620707 0.310353
0.103446 0.172412 0.724142
