0.343379 0.238295 0.418326
0.487569 0.0544146 0.458016
0.312563 0.0391438 0.648293
0.135054 0.614946 0.25
0.177026 0.553202 0.269772
0.275309 0.110239 0.614452
0.389394 0.360606 0.25
0.412982 0.10621 0.480808
0.0472117 0.00973786 0.94305
0.317428 0.15422 0.528351
0.118387 0.285273 0.596341
0.163528 0.0836715 0.752801
0.0828576 0.36592 0.551222
0 0.467596 0.532404
0.0340215 0.965979 0
0.532704 0.217296 0.25
0.911823 0.0881772 0
1 0 0
1.02832e-16 0.357351 0.642649
0.110351 2.19879e-05 0.889627
0 0.686437 0.313563
0.671158 0 0.328842
0.458968 0.27268 0.268352
0.429971 0.570029 0
0.324517 0.313071 0.362412
0.000402561 0.0987418 0.900856
0.281597 0.718403 0
0.0439578 0.382319 0.573723
0.178707 0 0.821293
0.0373521 0.474897 0.487751
0.32239 0.427405 0.250205
0.0846007 0.0739194 0.84148
0.489339 0.185896 0.324765
0.104021 0.895979 0
0.144095 0.372486 0.483418
0.958181 0.0418188 0
0.615358 0.126924 0.257718
0 0 1
0.22759 0.0210741 0.751336
0.793684 0.206316 0
0.567872 0.432128 0
0.367968 0.075897 0.556135
0.00725471 0.62515 0.367595
0.642921 0.357079 0
0.551124 0.158041 0.290836
0.676188 0.323812 0
0.608832 0.0820249 0.309143
0.170591 0.194223 0.635186
0.234577 0.331592 0.433832
0.283095 0.370729 0.346176
0.0689128 0.931087 0
0.483083 0.138529 0.378388
0.00334799 0.215796 0.780856
0.424823 0.206397 0.36878
0.213201 0.786799 0
0.466652 0.533348 0
0.190301 0.299598 0.510101
0.0718713 0.248098 0.68003
0.0582603 0.143692 0.798048
0.246835 0.753165 0
1.17191e-06 0.564193 0.435805
0.0718044 0.678196 0.25
0.279326 0.245155 0.475519
0.390219 0.609781 0
0.387668 0.282675 0.329657
0.0715333 0.527965 0.400502
0.352639 0.647361 0
0.219921 0.460685 0.319394
0.460563 0.00483825 0.534599
0.387686 0 0.612314
0.149172 0.49407 0.356759
0.537772 0 0.462228
0.0988768 0.450218 0.450906
0.242344 0.507656 0.25
0.314491 0.685509 0
0.67945 0.0705499 0.25
0.222486 0.222875 0.554639
0.191932 0.414922 0.393146
0.454125 0.116846 0.429029
0.836965 0.163035 0
3.19297e-05 0.281217 0.718751
0.593668 0.00127307 0.405059
0.295498 0.000408749 0.704093
0.710747 0.289253 0
0.204642 0.117962 0.677396
0.140945 0.859055 0
0.559078 0.057968 0.382954
0.604469 0.395531 0
8.96322e-21 0.132274 0.867726
0.178615 0.821385 0
0.750389 0.249611 0
0.364713 0.17727 0.458016
0.118414 0.164837 0.716749
0.75 0 0.25
0.500521 0.499479 0
0 1 0
0.869386 0.130614 0
0.0868069 0.591198 0.321995
0 0.75 0.25
0.529672 0.470328 0
