0.0531831 0.615233 0.331584
0.0346468 0.46853 0.496823
0.0767756 0.391924 0.531301
0.078696 0.500718 0.420586
0.134969 0.255622 0.609409
0.268752 0.0156369 0.715611
0.162751 0.497622 0.339627
0.110033 6.78851e-14 0.889967
7.98916e-05 0.437166 0.562755
0.279881 0.720119 0
5.56196e-17 1 0
0 0.264977 0.735023
0.102278 0.897722 0
0.235402 0.366913 0.397685
0.487403 0.0647745 0.447822
0.0191873 0.195978 0.784835
0.377829 0.0350371 0.587134
0.151014 0.598986 0.25
4.68328e-18 0.544646 0.455354
0.381132 0.342036 0.276832
0.153189 0.0213545 0.825456
0.156201 0.0785607 0.765239
0.758015 0.241985 0
0.219279 0.530721 0.25
0 0.75 0.25
0.655131 0 0.344869
0.658232 0.341768 0
0.459488 0.122779 0.417733
0.585569 0.414431 0
0.27766 0.346332 0.376008
0.307986 0.0691277 0.622887
0.592613 1.49104e-06 0.407386
0.317224 0.682776 0
0.430116 0.319884 0.25
0.263333 0.476933 0.259734
0.0961385 0.653577 0.250285
0.34213 1.26905e-13 0.65787
0.242015 0.438323 0.319661
0.75 0 0.25
0.206529 0.237979 0.555492
0.476809 0.523191 0
0.105964 0.547543 0.346493
5.42886e-16 0.645321 0.354679
0.52027 0.137833 0.341897
0.244245 0.161966 0.593789
0.210424 0.789576 0
0.0688561 0.931144 0
0.477685 0.202209 0.320106
0.0786495 0.105109 0.816241
0.41548 0.216129 0.368391
0.623072 0.376928 0
0.249332 0.276055 0.474613
0.551954 0.448046 0
0.510163 0.489837 0
0.164015 0.187329 0.648656
0.823193 0.176807 0
0.0815209 0.209542 0.708937
0.0507354 0.300609 0.648656
0.560979 0.0578255 0.381196
0.900566 0.0994336 0
0.125149 0.154461 0.72039
0.140628 0.859372 0
0.0166044 0.694629 0.288766
0.156583 0.408484 0.434933
0.402541 0.0853635 0.512096
0.220557 2.44868e-17 0.779443
0.451927 1.58354e-12 0.548073
0.628971 0.115598 0.255431
0 0 1
1.46648e-14 0.156682 0.843318
0.245066 0.754934 0
0.521541 6.94832e-16 0.478459
0.15102 0.461754 0.387226
0.000510261 0.0817109 0.917779
0.11241 0.33127 0.55632
0.366553 0.2955 0.337947
0.325233 0.252089 0.422678
0.695386 0.304614 0
0.186911 0.314477 0.498612
0.39927 0.60073 0
0.0547066 0.0275146 0.917779
0.35199 0.64801 0
0.371187 0.161021 0.467792
0.174758 0.825242 0
1 0 0
0.951123 0.0488772 0
0.197798 0.0956023 0.7066
0.0360667 0.963933 0
0.595514 0.0881844 0.316302
0.508694 0.241306 0.25
0.439286 0.560714 0
0.569477 0.180523 0.25
0.788095 0.211905 0
1.94217e-17 0.349188 0.650812
0.316344 0.127336 0.55632
0.308986 0.1926 0.498414
0.727103 0.272897 0
0.693086 0.0569143 0.25
0.861982 0.138018 0
0.343818 0.406182 0.25
