0.00037306 0.107273 0.892354
0.234317 0.765683 0
0.610019 0.0920123 0.297969
0.186861 0.15796 0.655179
0 1 0
1 0 0
0.475932 0.524068 0
0.250107 0.0681543 0.681739
0.122044 0.308968 0.568988
0.0838384 3.18356e-11 0.916162
0.179523 0.0990897 0.721387
0.165544 0.584456 0.25
0.000168968 0.0485864 0.951245
0.24305 0.437247 0.319703
0.25424 0.337228 0.408532
0.444308 0.305576 0.250115
0.337316 0.662684 0
0.212655 0.0138871 0.773458
0.44747 0.55253 0
0.221768 0.294157 0.484074
0.326482 0.106316 0.567203
0.083303 0.410574 0.506123
0.0262419 0.145441 0.828317
0.520476 0.479524 0
0.170156 0.000104505 0.829739
0.146777 0.234345 0.618878
0.108841 0.169772 0.721387
0.360802 0.153801 0.485397
0.101292 0.648707 0.25
0.952152 0.0478479 0
0.30436 0.0428125 0.652827
0.498089 0.0796881 0.422223
0.163896 0.362282 0.473822
0.687867 0.0621331 0.25
0.0477793 0.529203 0.423017
0.100653 0.491092 0.408255
0.679565 0.320435 0
0.922098 0.077902 0
0.171575 0.469826 0.358599
0.0473217 0.361756 0.590922
0.614142 0.385858 0
0.830739 0.169261 0
0.0793448 0.920655 0
0.110295 0.0436032 0.846102
0.453997 3.63757e-07 0.546003
0.367867 1.04831e-09 0.632133
0.87168 0.12832 0
0.523678 0.00108382 0.475238
0.379524 0.212037 0.408439
0.792802 0.207198 0
0.372688 0.627312 0
0.12009 0.87991 0
1.1256e-06 0.509614 0.490385
0.197949 0.802051 0
0.312097 0.437898 0.250005
0.546637 0.13366 0.319703
0.00219894 0.279235 0.718566
0.12588 0.554786 0.319334
0.408296 0.273565 0.318139
0.462585 0.167152 0.370263
0.159656 0.840344 0
0.0831188 0.251406 0.665475
0.188414 0.251829 0.559757
0.755258 0.244742 0
0.75 0 0.25
0.264947 0.735053 0
0.550512 0.449488 0
0.0390475 0.960952 0
0.433638 0.0951415 0.47122
0.0345046 0.705128 0.260368
0.299267 0.700733 0
1.26577e-06 0.672345 0.327654
0.648562 0.351438 0
0.47787 0.241102 0.281028
0.38512 0.36291 0.251969
0.29821 0.395184 0.306606
4.41736e-08 0.342285 0.657714
0.284581 0.2537 0.461719
0 0.75 0.25
0.0570923 0.600329 0.342578
0.248226 0.149124 0.60265
0.656655 0.00190033 0.341445
0.585365 0.0217382 0.392897
0.234959 0.508247 0.256794
0.000387164 0.592134 0.407479
0.405562 0.594438 0
0.121103 0.105439 0.773458
0.139416 0.425363 0.435222
0.605415 0.144585 0.25
0.277876 0.195601 0.526523
8.47624e-07 0.432815 0.567184
0.58166 0.41834 0
0.334783 0.306619 0.358599
0.534344 0.215656 0.25
0.278613 3.09323e-17 0.721387
1.43223e-07 0.199311 0.800688
0 0 1
0.71628 0.28372 0
0.218681 0.409901 0.371418
0.395146 0.0538122 0.551042
