0.476102 0.190565 0.333333
8.37458e-05 0.666583 0.333333
0.41439 0.378479 0.207131
0.559575 0.202068 0.238358
0.238308 0.659553 0.102139
0.692735 0.102283 0.204983
0.798383 0.168111 0.0335061
0.102768 0.620449 0.276783
0.204885 0.518152 0.276963
0.166319 0.700137 0.133545
0.933818 8.25363e-05 0.0660997
2.44103e-12 0.757589 0.242411
0.276449 0.551201 0.172349
0.633336 0.0333312 0.333333
0.376565 0.290102 0.333333
0.200276 0.466391 0.333333
0.865491 0.0671064 0.0674023
0.518348 0.274897 0.206755
0.999808 9.93743e-05 9.21417e-05
0.346543 0.411884 0.241573
0.0333362 0.633332 0.333332
0.345439 0.518576 0.135985
0.486346 0.449092 0.0645615
0.135323 0.763182 0.101495
0.58596 0.310754 0.103286
0.100026 0.899886 8.84117e-05
0.413699 0.586209 9.21417e-05
0 0 1
0.333332 0.333336 0.333332
0.134549 0.66355 0.201901
0.622529 0.344713 0.0327576
0.289287 0.37738 0.333333
0.500008 0.166658 0.333333
0.801525 0.0996182 0.0988572
0.665763 0.0669138 0.267323
0.79981 7.06919e-05 0.20012
0.0649838 0.934928 8.84117e-05
3.00874e-12 0.933346 0.0666535
0.235832 0.764076 9.21417e-05
0.48182 0.241504 0.276676
0.431882 0.234785 0.333333
0.308675 0.588574 0.102751
0.0666898 0.599977 0.333333
0.517224 0.482684 9.21246e-05
0.93315 0.0667578 9.21417e-05
0.201451 0.731355 0.0671941
0.732233 0.133856 0.13391
0.35565 0.311016 0.333333
0.0332292 0.867389 0.0993821
0.178126 0.488541 0.333333
0.206315 0.621336 0.172349
0.449748 0.515967 0.0342842
0.866847 0.133064 8.84117e-05
0.666581 8.58103e-05 0.333333
0.656097 0.171782 0.172121
0.619712 0.137402 0.242887
0.379144 0.346287 0.27457
0.311107 0.35556 0.333333
0.656954 0.27607 0.0669766
0.153849 0.512818 0.333333
0.596638 0.236895 0.166466
0.532824 0.16547 0.301705
0.448717 0.415298 0.135985
0.410175 0.256492 0.333333
0.410611 0.488033 0.101355
0.0994656 0.834534 0.066
0.533175 0.133492 0.333333
0.172338 0.586534 0.241129
0.694022 0.204398 0.101579
0.484569 0.343081 0.172349
0.449221 0.310065 0.240714
0.0999658 0.733568 0.166466
0.275767 0.448285 0.275948
0.758873 0.0687774 0.172349
0.26989 0.697352 0.0327576
0.0952483 0.571418 0.333333
0.066154 0.800523 0.133323
0.600767 0.0999113 0.299322
0.599971 0.066696 0.333333
0.552455 0.378666 0.0688795
0.068475 0.688638 0.242887
0.729628 5.83486e-05 0.270314
0.378299 0.44974 0.17196
0.761499 0.238449 5.21433e-05
0.456005 0.210661 0.333333
0.866581 7.65935e-05 0.133342
8.21859e-05 0.999829 8.84117e-05
0.691103 0.308805 9.21417e-05
0.376336 0.554945 0.0687194
0.345547 0.65436 9.21417e-05
2.68508e-12 0.833332 0.166668
0.167165 0.832746 8.84117e-05
0.133594 0.533073 0.333333
0.257386 0.409281 0.333333
0.310766 0.378919 0.310315
0.222428 0.444239 0.333333
0.569994 0.0966726 0.333333
0.589173 0.410739 8.84117e-05
0.310121 0.483355 0.206524
0.420117 0.271048 0.308834
