0.635755 0.0969043 0.267341
0.619109 0.312315 0.0685765
0.380824 0.285843 0.333333
0.153832 0.512835 0.333333
0.448113 0.551817 6.96398e-05
0.551132 0.448771 9.72347e-05
0.564741 0.133659 0.3016
0.0952124 0.571455 0.333333
0.733361 0.100128 0.166511
0.52294 0.40915 0.0679103
0.0302754 0.768984 0.200741
0.166965 0.832965 6.96398e-05
0.733913 0.199304 0.0667833
0.345525 0.590025 0.0644504
0.65521 0.344693 9.72347e-05
9.31996e-05 0.666574 0.333333
0.571478 0.0951898 0.333333
0.766559 0.233343 9.72347e-05
0.100346 0.733143 0.166511
0.598397 0.267017 0.134586
0.448041 0.344963 0.206996
1.37434e-07 0.833345 0.166655
0 5.51594e-09 1
0.484353 0.379702 0.135946
0.172325 0.586446 0.241229
0.600098 0.0665693 0.333333
0.518191 0.309872 0.171938
0.724977 6.56725e-05 0.274957
0.207226 0.759984 0.0327899
0.933855 0.0660834 6.17289e-05
0.274774 0.58928 0.135946
0.899906 8.15184e-05 0.100013
0.0650602 0.699245 0.235695
0.483147 0.484036 0.0328174
0.0666876 0.59998 0.333333
0.133311 0.533356 0.333333
0.0990205 0.62212 0.27886
0.531634 0.135033 0.333333
0.410721 0.255946 0.333333
0 0.724078 0.275922
8.61066e-05 0.999817 9.72347e-05
0.698616 0.267847 0.033537
0.694692 0.169513 0.135795
0.866732 0.133198 6.96398e-05
0.205958 0.622137 0.171905
0.526404 0.202603 0.270993
0.241362 0.55164 0.206998
3.75371e-15 0.899983 0.100017
0.0658374 0.800448 0.133715
0.168271 0.697143 0.134586
0.833892 0.0332078 0.1329
0.410662 0.521892 0.0674462
0.208201 0.458466 0.333333
0.133102 0.76674 0.100158
0.999812 9.05685e-05 9.72347e-05
0.800727 0.166483 0.0327899
0.62109 0.20661 0.172301
0.333333 0.333334 0.333333
0.436788 0.22988 0.333333
0.832543 0.100165 0.0672919
0.310398 0.517301 0.172301
0.355628 0.31104 0.333333
0.659693 0.238032 0.102275
0.374965 0.624938 9.72347e-05
0.275201 0.483657 0.241141
0.633342 0.0333256 0.333333
0.345267 0.447925 0.206807
0.236679 0.429989 0.333333
0.727188 0.0682825 0.20453
0.259531 0.407136 0.333333
0.587126 0.378542 0.0343314
0.793579 7.18868e-05 0.206349
0.24 0.65738 0.10262
0.414955 0.414024 0.171021
0.41312 0.310138 0.276743
0.587062 0.171819 0.241119
0.276001 0.723902 9.72347e-05
0.471356 0.195312 0.333333
0.206551 0.516707 0.276743
0.177789 0.488879 0.333333
0.311141 0.355527 0.333333
0.765691 0.134057 0.100252
0.556802 0.237372 0.205826
0.291544 0.375123 0.333333
0.657761 0.136947 0.205293
0.0332457 0.933964 0.0327899
0.344149 0.345522 0.310329
0.483024 0.275451 0.241525
0.553198 0.344732 0.10207
0.44801 0.448834 0.103156
0.308526 0.414732 0.276743
0.379762 0.482624 0.137614
0.50018 0.166488 0.333333
0.666607 6.03849e-05 0.333333
0.379046 0.379744 0.24121
0.307466 0.65882 0.033714
0.136558 0.657469 0.205972
0.0996774 0.835872 0.0644504
0.100024 0.899906 6.96398e-05
0.0333363 0.633331 0.333333
