0.309789 0.413532 0.276679
0.333326 0.333341 0.333333
0.310095 0.5175 0.172405
8.24861e-05 0.666586 0.333332
0.0952871 0.57138 0.333333
0.355587 0.31108 0.333333
0.0333002 0.633367 0.333333
0.379466 0.379885 0.240649
7.35562e-10 0.725677 0.274323
0.153862 0.512805 0.333333
0.599978 0.066689 0.333333
0.172314 0.586312 0.241374
0.431279 0.235388 0.333333
0.65722 0.205785 0.136995
0.655176 0.102603 0.24222
0.133315 0.533362 0.333323
0.621474 0.378509 1.64652e-05
0.375603 0.291064 0.333333
0.176953 0.489715 0.333333
0.523794 0.142873 0.333333
0.550863 0.414821 0.0343152
0.0331945 0.832176 0.13463
0.274126 0.725806 6.811e-05
0.58656 0.241124 0.172315
0.966668 9.3847e-07 0.0333311
0.414282 0.413369 0.172348
0.482637 0.345015 0.172348
0.239495 0.555097 0.205408
0.587981 0.137777 0.274241
0.482461 0.483049 0.0344897
0.5 0.166667 0.333333
0.866023 8.40761e-07 0.133977
0.199761 0.466906 0.333333
0.458148 0.208519 0.333333
0.344457 0.449158 0.206384
0.268695 0.597479 0.133826
0.571607 0.0950606 0.333333
0.412643 0.519549 0.0678085
0.7349 0.167307 0.0977924
0.449051 0.31002 0.240929
0.704431 0.030666 0.264903
0.206219 0.621758 0.172022
0.730703 0.0671617 0.202135
0.0332647 0.93571 0.0310248
0.10341 0.724326 0.172264
0.53543 0.464554 1.64652e-05
0.166302 0.833682 1.64652e-05
0.408347 0.25832 0.333333
0.37809 0.589164 0.032746
0.344441 0.655502 5.71604e-05
0 0 1
0.550442 0.208079 0.241479
0.833675 0.133728 0.0325971
0.724436 0.275486 7.80334e-05
0.766627 7.44265e-07 0.233372
0.700141 0.13335 0.166509
0.377505 0.485081 0.137414
0.802658 0.09955 0.0977924
0.065127 0.699786 0.235086
0.259281 0.407386 0.333333
0.590506 0.34424 0.0652535
0.629992 0.268881 0.101127
0.342949 0.554229 0.102822
0.483198 0.24006 0.276742
0.900294 0.032871 0.0668352
0.098198 0.834292 0.0675097
0.100015 0.899969 1.64652e-05
0.294425 0.372242 0.333333
0.135136 0.763362 0.101502
0.666621 7.179e-05 0.333307
0.552594 0.311401 0.136005
0.311233 0.355434 0.333333
0.514014 0.382165 0.103821
0.633371 0.0333221 0.333307
0.448232 0.551752 1.64652e-05
0.275792 0.482982 0.241226
0.663672 0.303582 0.032746
0.167781 0.69759 0.13463
0.099741 0.63527 0.264989
0.309291 0.623492 0.0672169
0.448084 0.448579 0.103338
0.801531 0.0319605 0.166509
9.83927e-05 0.999824 7.80334e-05
0.475834 0.190833 0.333333
0.227301 0.439366 0.333333
0.201407 0.765847 0.032746
0.900329 0.0996545 1.64652e-05
0.399476 0.333197 0.267327
0.0666778 0.599989 0.333333
0.238415 0.65943 0.102155
0.700047 0.233035 0.0669181
0.20662 0.516701 0.276679
0.627441 0.169372 0.203187
3.56874e-06 0.900013 0.0999836
0.137214 0.65618 0.206606
0.518108 0.274957 0.206935
8.04935e-10 0.794117 0.205883
0.999983 9.70813e-07 1.64652e-05
0.794286 0.205635 7.80334e-05
0.541856 0.124812 0.333333
