0.383547 0.28312 0.333333
0.72682 0.239041 0.034139
0.413261 0.343868 0.242871
0.133386 0.533281 0.333333
0.199412 0.800513 7.43082e-05
0.651907 0.101303 0.246789
9.60168e-05 0.666572 0.333332
0.241559 0.482267 0.276174
0.411871 0.450521 0.137607
0.266932 0.632542 0.100526
0.767852 0.167585 0.0645638
0.587533 0.309238 0.103229
0.517588 0.449636 0.0327759
0.500108 0.166559 0.333333
0.723922 6.85041e-05 0.27601
0.379134 0.414756 0.20611
0.0319227 0.935301 0.0327759
0.137551 0.584741 0.277708
0.177432 0.489234 0.333333
0.257408 0.409259 0.333333
0.587416 0.205246 0.207338
0.469707 0.19696 0.333333
0.274489 0.725452 5.87944e-05
0.533389 0.133278 0.333333
0.552406 0.378789 0.0688046
0.413578 0.552309 0.0341138
0.100293 0.664938 0.234769
0.241231 0.586459 0.17231
8.15593e-05 0.833228 0.16669
0.492122 0.40753 0.100348
0.310937 0.448698 0.240365
0.799516 7.56576e-05 0.200409
0.900308 0.0996334 5.87944e-05
0 2.74379e-10 1
0.482385 0.517541 7.43082e-05
0.585449 0.414476 7.43082e-05
0.276836 0.515901 0.207263
0.731072 0.134479 0.134449
7.50075e-05 0.766293 0.233632
0.600002 0.0666661 0.333332
0.835609 0.133165 0.0312263
0.569999 0.0966679 0.333333
0.552194 0.275496 0.17231
0.800148 0.100084 0.0997683
0.133378 0.699275 0.167347
0.310766 0.3559 0.333333
0.482197 0.311046 0.206757
0.666586 8.32648e-05 0.333331
0.167675 0.731723 0.100602
0.300068 0.666595 0.0333369
0.379983 0.309673 0.310343
0.628427 0.338797 0.0327759
0.379301 0.620625 7.43082e-05
0.0999605 0.899966 7.37275e-05
0.689689 0.310211 9.9934e-05
0.517343 0.239787 0.242871
0.383198 0.519088 0.0977138
0.239694 0.692233 0.0680728
0.935653 0.0315708 0.0327759
0.132025 0.835199 0.0327759
0.447586 0.275785 0.276629
0.0269784 0.704582 0.26844
0.033331 0.633336 0.333333
0.333336 0.333337 0.333326
0.633345 0.033329 0.333326
0.441672 0.224995 0.333333
0.448151 0.379539 0.17231
0.066595 0.867707 0.0656977
0.0956798 0.570987 0.333333
0.310446 0.553504 0.13605
0.518263 0.34512 0.136617
0.15354 0.52243 0.324029
0.281967 0.3847 0.333333
0.0666556 0.631608 0.301736
0.899895 9.03065e-07 0.100104
0.410724 0.255943 0.333333
0.204069 0.65983 0.136101
0.799715 0.200211 7.43082e-05
0.666914 0.166747 0.166339
0.170386 0.62191 0.207704
0.3556 0.311066 0.333333
0.201931 0.561098 0.23697
0.661042 0.27133 0.067628
0.695307 0.203189 0.101504
0.999831 9.46133e-05 7.43082e-05
0.345434 0.482255 0.17231
0.550968 0.172514 0.276518
0.345471 0.587445 0.0670834
0.448623 0.482995 0.0683825
0.205232 0.461435 0.333333
0.766574 0.0667468 0.166679
0 0.9 0.0999997
0.066968 0.732503 0.200529
0.0666867 0.59998 0.333333
0.355678 0.37214 0.272182
0.62973 0.235751 0.134519
9.78641e-05 0.999802 9.9934e-05
0.833277 0.0328209 0.133902
0.235298 0.431369 0.333333
0.101628 0.763785 0.134587
