0.51922 0.274253 0.206526
0.409342 0.315361 0.275297
0.689794 0.310122 8.37164e-05
0.239345 0.554642 0.206013
0.766054 0.167183 0.0667623
0.431209 0.235457 0.333333
0.355541 0.311126 0.333333
0.172561 0.655151 0.172289
0.653824 0.173887 0.172289
0.311157 0.355509 0.333333
0.333334 0.333344 0.333322
0.308973 0.622603 0.068424
0.172465 0.586906 0.24063
0.447517 0.552399 8.37164e-05
0.270954 0.593126 0.13592
0.621035 0.378881 8.37164e-05
0.291757 0.374909 0.333333
0.537722 0.462194 8.37164e-05
0.309818 0.413445 0.276737
0.414219 0.413493 0.172289
0.551555 0.172672 0.275773
0.599976 0.0666903 0.333333
0.447653 0.344876 0.207471
0.630887 0.133819 0.235293
0.448748 0.447789 0.103463
0.27517 0.483965 0.240865
0.345012 0.447943 0.207046
0.483926 0.379994 0.13608
0.570011 0.0966558 0.333333
0 0.933337 0.0666629
0.767244 0.0667663 0.165989
0.598381 0.0999457 0.301674
0.524446 0.142221 0.333333
0.633348 0.0333196 0.333333
0.266503 0.400164 0.333333
0.234087 0.765829 8.37164e-05
0.342498 0.657418 8.37164e-05
0.458498 0.208168 0.333333
0.342842 0.553739 0.103419
0.733605 0.233597 0.0327979
0.238362 0.659587 0.102051
0.999818 9.87412e-05 8.37164e-05
0.133329 0.533338 0.333333
0.13397 0.731433 0.134597
0.267257 0.699945 0.0327979
0.899922 0.0667339 0.0333436
0.552353 0.378796 0.0688512
0.798878 9.92516e-05 0.201023
0.067963 0.689162 0.242875
0.379985 0.483934 0.13608
0.310142 0.517569 0.172289
0.697631 0.100614 0.201756
9.68604e-05 0.999819 8.37164e-05
0.178128 0.488538 0.333333
0.201597 0.733844 0.0645586
0.966644 0.0332726 8.37164e-05
0.132754 0.800898 0.0663483
0 6.39626e-09 1
0.733408 0.0331431 0.233449
0.235357 0.43131 0.333333
0.666601 6.5833e-05 0.333333
0.7307 0.134703 0.134597
0.37512 0.291547 0.333333
0.476339 0.190328 0.333333
0.90114 8.49432e-05 0.0987753
0.48185 0.483915 0.0342349
0.0990112 0.636 0.264988
0.0662641 0.835836 0.0978994
0.379248 0.587954 0.0327979
0.701358 0.200934 0.0977085
9.15462e-05 0.666577 0.333332
0.379025 0.379703 0.241272
0.500028 0.166638 0.333333
0.587245 0.241135 0.171621
6.51284e-16 0.866566 0.133434
0.802541 0.101067 0.0963925
0.166565 0.833351 8.37164e-05
0.866161 0.133806 3.31959e-05
0.412587 0.519449 0.0679636
0.40724 0.259426 0.333333
0.206794 0.459872 0.333333
0.248491 0.345023 0.895952
0.665827 0.0668399 0.267333
0.540996 0.12567 0.333333
0.0666906 0.599976 0.333333
0.799977 0.199935 8.746e-05
0.652801 0.278481 0.0687181
0.511692 0.316019 0.172289
0.58672 0.308835 0.104445
0.153822 0.512845 0.333333
0.0333251 0.633342 0.333333
0.0998055 0.900111 8.37164e-05
0.0950228 0.571644 0.333333
0.207105 0.516158 0.276737
0.0669667 0.766927 0.166106
0.481405 0.241858 0.276737
0.83393 0.0328397 0.133231
0 0.726093 0.273907
0 0.799887 0.200113
0.698902 3.30089e-05 0.301065
