0.649335 0.350665 0
0.208488 0.343592 0.44792
9.04734e-05 6.68364e-05 0.999843
0.166853 0.299744 0.533403
0.644018 0.105552 0.25043
0.35685 0.64315 0
0.0693782 1.0257e-06 0.930621
0.480929 0.519071 0
0.344979 0.24245 0.412571
0.233063 0.766937 2.07289e-11
0.243186 0.0563098 0.700504
0.53298 0.46702 0
0.384029 6.97442e-06 0.615964
0.5802 0.169734 0.250066
0.17424 0.410521 0.415239
0.999982 1.81608e-05 0
0.768754 0.231246 0
0.133283 0.37267 0.494047
0.556331 0.102456 0.341213
0.275752 0.27771 0.446539
0.649078 1.1788e-05 0.35091
0.40959 0.275309 0.315101
0.811467 0.188533 7.77156e-15
4.16924e-05 0.749241 0.250717
0.0337257 0.267985 0.698289
3.75661e-06 0.655909 0.344087
0.236682 0.135594 0.627724
0.0328464 0.0983526 0.868801
0.271372 0.338529 0.390099
0.208726 0.540844 0.25043
0.134412 0.170867 0.694721
0.355188 0.308461 0.33635
0.263429 0.736571 0
0.69973 0.0308955 0.269374
0.46657 0.192217 0.341213
0.298319 0.451251 0.25043
0.966666 0.0333335 5.99831e-12
8.71266e-05 0.0663107 0.933602
0.0325009 0.967499 0
0.0235508 0.524683 0.451766
0.531878 0.167 0.301122
0.20638 0.101456 0.692164
0.53422 9.70206e-06 0.46577
0.40009 0.59991 1.16205e-10
0.215742 0.479656 0.304602
0.242376 0.253695 0.503929
1.88286e-05 0.999981 0
0.136756 0.522031 0.341213
0.103482 0.347458 0.54906
0.273564 9.73606e-05 0.726339
0.482397 0.240736 0.276868
0.356646 0.135144 0.50821
0.933575 0.0664628 5.59395e-06
0.447896 0.0683661 0.483738
0.736159 0.263841 0
4.47006e-06 0.237403 0.762592
0.434107 0.565893 1.88738e-15
0.246401 0.409841 0.343758
0.199179 3.61733e-06 0.800817
0.593579 0.0329436 0.373478
0.144014 0.855986 1.11022e-16
0.100046 0.899954 3.66374e-15
0.449104 1.01505e-05 0.550886
0.311023 0.206317 0.48266
0.0662259 0.204314 0.72946
0.451634 0.2964 0.251967
0.377337 0.0688321 0.553831
0.103525 0.134953 0.761523
0.423938 0.169527 0.406534
8.78681e-06 0.466664 0.533327
2.36574e-06 0.167455 0.832543
0.134486 0.615499 0.250015
0.513633 0.0671069 0.41926
0.309462 0.690538 0
0.101011 0.240103 0.658886
0.397496 0.352074 0.25043
0.47978 0.137148 0.383072
0.851487 0.148513 0
6.47139e-06 0.343693 0.656301
0.310087 0.102933 0.58698
0.0651108 0.452229 0.48266
5.84928e-06 0.574057 0.425937
0.100902 0.58036 0.318738
0.567272 0.432728 0
0.0649542 0.669769 0.265276
0.607333 0.392667 0
0.899882 0.100118 1.14871e-11
0.191857 0.808143 0
0.0664917 0.933508 0
0.206353 0.208467 0.58518
0.305514 0.0320974 0.662388
0.746173 3.91681e-05 0.253788
0.137306 0.27272 0.589974
0.700993 0.299007 2.22045e-16
0.0994399 0.0330708 0.867489
0.310357 0.380748 0.308895
0.101787 0.49568 0.402533
0.033689 0.382214 0.584097
0.0613622 0.560259 0.378379
0.132648 0.062054 0.805298
