5.35233e-05 0.380121 0.619825
0.732756 0.267244 2.18769e-12
1.10668e-05 0.516081 0.483908
0.0277067 0.0335181 0.938775
0.207644 0.479734 0.312622
0.501907 0.0998522 0.398241
0.233969 0.0676428 0.698388
0.746146 4.50661e-05 0.253809
8.64653e-05 0.746119 0.253794
5.955e-07 0.663096 0.336903
0.548898 0.0343193 0.416783
0.168559 0.0969763 0.734465
0.0996893 0.900311 6.14903e-10
0.565081 0.434919 0
0.618341 0.13137 0.25029
0.300044 0.699956 1.45106e-13
0.86517 0.13483 2.32603e-12
0.0682272 0.591522 0.340251
0.130583 0.467983 0.401435
0.407536 0.136311 0.456153
0.556732 0.167864 0.275404
0.643359 0.356661 2.83747e-06
0.238019 0.510489 0.251492
0.0678002 0.9322 0
0.207094 0.378688 0.414218
0.278414 0.341524 0.380062
0.26704 0.73298 3.30324e-06
0.131157 0.0333882 0.835454
0.547017 0.102363 0.35062
0.413331 0.275596 0.311074
0.358783 0.0317064 0.60951
0.0330201 0.96698 0
0.198944 0.801056 1.24012e-13
0.442638 0.305062 0.2523
0.532414 0.467586 2.40677e-09
0.0678135 0.680695 0.251492
0.375566 0.351604 0.27283
0.276116 0.0995109 0.624374
0.25022 0.304141 0.445639
0.89993 0.10007 7.69119e-11
0.310566 0.37899 0.310444
0.0945194 9.0684e-06 0.905472
0.342348 0.407119 0.250533
0.125893 0.200759 0.673348
0.139316 0.314177 0.546506
2.26738e-07 0.461951 0.538048
0.0998925 0.413715 0.486392
6.59556e-05 0.571383 0.428551
0.0688353 0.4798 0.451365
0.0678392 0.350286 0.581875
0.377315 0.100158 0.522527
0.469164 4.50127e-05 0.530791
0.170889 0.554424 0.274687
2.48108e-07 0.276272 0.723728
0.134138 0.615683 0.250179
0.0668059 0.203135 0.73006
0.0668383 0.0634827 0.869679
0.241341 0.413408 0.345252
0.69051 0.30949 0
0.608366 5.8368e-05 0.391575
0.169456 0.339473 0.491071
1.8626e-05 0.199154 0.800827
0.473367 0.169049 0.357585
0.269644 2.34896e-05 0.730333
0.0320571 0.310685 0.657258
0.341633 0.314042 0.344325
8.98059e-07 0.999999 0
0.999904 9.5933e-05 0
0.281835 0.450834 0.267331
0.147443 0.852557 3.21076e-13
0.164793 0.239785 0.595423
0.671584 0.0605492 0.267867
0.102693 0.51797 0.379337
0.46452 0.0661405 0.46934
0.383037 0.220129 0.396834
0.356935 0.153083 0.489982
0.480522 0.519525 5.74394e-06
0.207724 0.136256 0.65602
0.433474 0.566526 0
0.315407 0.279165 0.405429
0.603834 0.396166 3.21076e-13
0.397721 0.602279 0
0.342526 0.657474 9.98596e-11
0.257148 0.204513 0.53834
0.0980222 0.277964 0.624014
0.967486 0.0329374 8.31812e-05
0.666162 6.3913e-05 0.333774
9.32584e-05 8.3615e-05 0.999823
2.51923e-05 0.133237 0.866738
0.933543 0.0664573 0
0.777507 0.222493 7.12763e-14
0.0948143 0.0959063 0.809279
0.0659324 0.165685 0.768383
0.199509 3.51948e-05 0.800456
0.231479 0.768521 3.33067e-16
0.821483 0.178517 2.94826e-10
0.23193 0.168554 0.599517
0.509146 0.240062 0.250792
0.341926 2.06518e-05 0.658054
0.275588 0.24046 0.483952
