0.27583 0.309971 0.414199
0.933321 0.0666787 2.132e-09
0.30785 0.031226 0.660924
0.545593 0.204037 0.25037
0.483917 0.516083 5.17364e-14
0.417479 0.0320176 0.550504
0.817924 0.182076 4.996e-15
0.899986 0.100014 1.06871e-08
0.301652 0.165957 0.532391
1.78838e-05 0.483358 0.516624
0.230428 0.205551 0.564021
0.653529 0.346471 0
0.172191 0.277029 0.55078
0.689285 7.93631e-05 0.310636
0.0694109 0.653767 0.276822
0.172799 0.102366 0.724835
0.517569 0.16841 0.314021
0.265707 0.734293 1.11022e-16
0.336732 0.663268 0
0.607863 0.392137 0
0.102838 0.552712 0.34445
0.190645 0.809355 0
0.284359 0.465508 0.250133
0.96671 0.0332897 4.44089e-16
0.309307 0.103132 0.587561
0.322361 0.201053 0.476586
0.168718 0.199489 0.631792
5.2594e-08 0.586973 0.413027
0.16969 0.417644 0.412666
0.241159 0.479544 0.279298
0.999983 1.74829e-05 4.06342e-14
0.553384 0.10329 0.343326
0.206915 0.447309 0.345776
0.16913 3.82278e-05 0.830832
0.241422 0.27149 0.487088
0.631584 0.0306579 0.337758
9.44887e-05 0.999906 0
0.132958 0.264387 0.602655
0.0302195 0.517517 0.452263
0.310752 0.344516 0.344733
0.136553 0.48411 0.379337
0.646829 0.102801 0.25037
0.0328196 0.30865 0.658531
2.64878e-05 0.280301 0.719673
0.480516 0.0341199 0.485364
0.465202 9.97881e-05 0.534698
0.418096 0.237178 0.344725
0.171261 0.519416 0.309323
0.177281 0.572369 0.25035
0.0665377 0.0992095 0.834253
0.589634 0.137371 0.272995
0.301786 0.698214 0
0.383451 0.306628 0.309922
0.377436 0.204953 0.41761
0.23127 0.134247 0.634483
0.205937 0.3432 0.450863
0.100429 1.78046e-05 0.899553
0.523736 0.0651278 0.411136
0.136705 0.376619 0.486676
0.0666981 0.200739 0.732562
0.352406 0.396298 0.251296
0.133951 0.615884 0.250166
0.135972 0.168406 0.695622
0.102982 0.240246 0.656773
1.88521e-05 0.199498 0.800483
0.734761 0.265239 1.11022e-16
0.396211 0.603789 0
0.241264 0.378794 0.379941
0.747094 8.62638e-05 0.252819
0.0678839 0.461271 0.470845
0.532509 0.467491 0
3.57226e-05 0.378026 0.621938
9.6068e-05 9.34845e-05 0.99981
0.102025 0.133928 0.764046
0.468493 0.131769 0.399738
0.0999042 0.900096 0
0.698364 0.301636 0
7.06706e-05 0.747856 0.252073
6.25557e-05 0.661983 0.337955
0.232142 0.0666314 0.701227
0.225429 0.774571 0
0.0321688 0.0332934 0.934538
0.559959 0.440041 0
0.574575 1.00454e-05 0.425415
0.857074 0.142926 0
0.032627 0.424984 0.542389
0.033033 0.966967 1.47438e-13
8.94384e-06 0.0992025 0.900789
0.366003 7.29582e-05 0.633924
0.276213 0.415494 0.308294
0.433537 0.566463 0
0.344627 0.274803 0.380569
0.132753 0.0665656 0.800681
0.135259 0.864741 0
0.378261 0.139038 0.482701
0.465057 0.284573 0.25037
0.241604 4.22402e-06 0.758392
0.0667467 0.933254 7.42223e-08
0.768877 0.231123 0
0.0651178 0.360815 0.574067
