0.619992 0.380696 0.000100478
0.401495 0.348429 0.250076
0.536999 4.90103e-05 0.462952
0.274348 8.04391e-05 0.725571
0.232666 0.767334 2.58682e-14
0.206209 0.207272 0.586518
0.204825 0.545099 0.250076
0.102576 0.647348 0.250076
0.394965 0.126251 0.478783
0.356542 0.643458 4.44089e-16
0.138001 0.861999 0
0.862328 0.137672 0
6.15016e-06 0.588586 0.411408
0.137534 0.0339518 0.828514
0.0328754 0.426905 0.54022
0.48918 0.205069 0.30575
0.100077 0.899923 0
0.238942 0.484566 0.276493
3.96238e-06 0.37921 0.620786
0.305068 0.444856 0.250076
0.346828 0.307618 0.345554
0.0638593 0.198244 0.737896
0.342361 0.103291 0.554348
0.399661 0.600339 1.57652e-14
0.238412 0.312796 0.448792
0.312001 0.27718 0.410818
0.328258 0.166787 0.504956
0.767367 0.232652 3.56267e-06
0.515236 0.484764 0
0.0333137 0.966739 6.17208e-06
0.475446 0.100898 0.423656
0.745188 2.9442e-05 0.254782
0.0662024 0.133843 0.799954
0.239908 0.413517 0.346575
7.26479e-05 6.42881e-05 0.999863
0.402732 0.203916 0.393352
0.664168 0.0672194 0.268612
0.274057 0.349025 0.376919
0.657716 0.342295 1.30511e-06
0.268724 0.731289 1.74015e-06
0.700686 0.299314 0
0.0329189 0.0994386 0.867643
0.233063 0.0656365 0.7013
0.558464 0.0672249 0.374311
0.966753 0.0332472 1.47753e-11
0.136905 0.515542 0.347554
0.0674746 0.494895 0.437631
0.341667 0.206755 0.451577
0.134102 0.368333 0.497565
0.434069 0.565931 4.55191e-15
0.0999114 9.89421e-05 0.89999
0.204003 0.267652 0.528345
5.11721e-06 0.489729 0.510265
0.636603 6.24152e-05 0.363334
0.537548 0.212376 0.250076
0.475812 0.029959 0.494229
0.190324 0.395105 0.41457
0.41531 0.277087 0.307603
0.314547 0.37556 0.309893
1.72591e-06 0.165174 0.834824
0.562961 0.437039 0
0.167348 0.832684 3.56272e-06
0.167794 0.199527 0.632679
0.365207 7.48941e-05 0.634718
0.201156 6.49241e-05 0.798779
0.80557 0.19443 0
0.467048 0.532952 6.66134e-15
6.80246e-06 0.651013 0.348981
0.173363 0.449151 0.377486
0.999986 1.4098e-05 0
0.0666256 0.933374 2.4011e-11
0.133816 0.267659 0.598525
0.202743 0.797269 1.74015e-06
0.461652 0.279567 0.258782
0.0993327 0.432358 0.468309
0.16781 0.0631034 0.769086
0.101188 0.33238 0.566432
0.205169 0.139114 0.655717
0.0306052 0.666545 0.30285
0.519217 0.136463 0.34432
0.13533 0.135383 0.729287
0.899974 0.100026 2.9976e-15
3.25288e-06 0.311309 0.688688
0.13396 0.588673 0.277368
2.51532e-06 0.240723 0.759275
0.270754 0.233923 0.495323
0.000101129 0.749823 0.250076
0.273933 0.10126 0.624808
0.431201 4.36895e-05 0.568756
1.04987e-05 0.0663178 0.933672
1.04489e-05 0.99999 4.55191e-15
0.0637348 0.56638 0.369885
0.613187 0.136737 0.250076
0.0655833 0.313105 0.621312
0.310231 0.689769 0
0.734624 0.265376 3.33067e-16
0.715719 0.0341529 0.250129
0.933383 0.0666166 1.11022e-16
0.585736 0.102339 0.311925
0.0974127 0.235642 0.666946
